date,open,high,low,close,volume,dividends,stock_splits,ticker,interval
1995-11-17 00:00:00-05:00,10.540141582489014,10.540141582489014,9.80478286743164,9.80478286743164,1867800,0.0,0.0,AEIS,1d
1995-11-20 00:00:00-05:00,10.172462224960327,10.172462224960327,9.80478286743164,9.80478286743164,314000,0.0,0.0,AEIS,1d
1995-11-21 00:00:00-05:00,10.172459100422106,10.172459100422106,9.31454086303711,9.31454086303711,296700,0.0,0.0,AEIS,1d
1995-11-22 00:00:00-05:00,9.804779855828535,9.804779855828535,9.31454086303711,9.31454086303711,216200,0.0,0.0,AEIS,1d
1995-11-24 00:00:00-05:00,9.559662818908691,9.559662818908691,9.314543259449495,9.559662818908691,20500,0.0,0.0,AEIS,1d
1995-11-27 00:00:00-05:00,9.314542717403835,9.559662262598673,8.579184081819323,8.82430362701416,73300,0.0,0.0,AEIS,1d
1995-11-28 00:00:00-05:00,8.579182753691802,9.069421768188477,8.579182753691802,9.069421768188477,37300,0.0,0.0,AEIS,1d
1995-11-29 00:00:00-05:00,9.314541201048259,9.804780211629748,8.824302190466772,9.682220458984375,283800,0.0,0.0,AEIS,1d
1995-11-30 00:00:00-05:00,10.295021057128906,10.662700380597796,9.804781959170386,10.295021057128906,657800,0.0,0.0,AEIS,1d
1995-12-01 00:00:00-05:00,10.295021057128906,10.785260155087425,9.927341733660016,10.295021057128906,245700,0.0,0.0,AEIS,1d
1995-12-04 00:00:00-05:00,10.785260155087425,10.785260155087425,10.295021057128906,10.295021057128906,67000,0.0,0.0,AEIS,1d
1995-12-05 00:00:00-05:00,10.785260295310215,10.785260295310215,10.295021190977932,10.478860855102539,82900,0.0,0.0,AEIS,1d
1995-12-06 00:00:00-05:00,10.785260395831372,10.785260395831372,10.049901732479233,10.17246150970459,62700,0.0,0.0,AEIS,1d
1995-12-07 00:00:00-05:00,10.662701242620296,10.662701242620296,10.049902320630624,10.11118221282959,29900,0.0,0.0,AEIS,1d
1995-12-08 00:00:00-05:00,10.662698838768936,10.785258595536394,10.04990005493164,10.04990005493164,84200,0.0,0.0,AEIS,1d
1995-12-11 00:00:00-05:00,10.785261894674862,10.785261894674862,10.172462923386517,10.417582511901855,106600,0.0,0.0,AEIS,1d
1995-12-12 00:00:00-05:00,10.295022752549913,10.662702136569553,9.80478357385706,9.927343368530273,148300,0.0,0.0,AEIS,1d
1995-12-13 00:00:00-05:00,9.804780638063109,10.295019669966264,9.437101364135742,9.437101364135742,162700,0.0,0.0,AEIS,1d
1995-12-14 00:00:00-05:00,9.804779855828535,9.804779855828535,9.31454086303711,9.31454086303711,104300,0.0,0.0,AEIS,1d
1995-12-15 00:00:00-05:00,9.31454086303711,9.804779855828535,9.31454086303711,9.31454086303711,98700,0.0,0.0,AEIS,1d
1995-12-18 00:00:00-05:00,9.314542658188763,9.804781745461856,8.334064483642578,8.334064483642578,129300,0.0,0.0,AEIS,1d
1995-12-19 00:00:00-05:00,8.334062194824218,8.824301147460938,8.334062194824218,8.579181671142578,49500,0.0,0.0,AEIS,1d
1995-12-20 00:00:00-05:00,8.824302341627039,8.824302341627039,8.456623077392578,8.456623077392578,46100,0.0,0.0,AEIS,1d
1995-12-21 00:00:00-05:00,8.456624309221903,8.82430362701416,8.456624309221903,8.82430362701416,20900,0.0,0.0,AEIS,1d
1995-12-22 00:00:00-05:00,8.82430362701416,8.82430362701416,8.088944991429647,8.82430362701416,142600,0.0,0.0,AEIS,1d
1995-12-26 00:00:00-05:00,8.579183451334636,9.19198226928711,8.579183451334636,9.19198226928711,42200,0.0,0.0,AEIS,1d
1995-12-27 00:00:00-05:00,9.191982944806417,9.191982944806417,8.82430362701416,8.82430362701416,24300,0.0,0.0,AEIS,1d
1995-12-28 00:00:00-05:00,9.069422505696615,9.559661560058593,8.94686274210612,9.19198226928711,67300,0.0,0.0,AEIS,1d
1995-12-29 00:00:00-05:00,9.069423172208998,9.559662262598673,8.82430362701416,8.82430362701416,30000,0.0,0.0,AEIS,1d
1996-01-02 00:00:00-05:00,9.559662262598673,9.559662262598673,8.82430362701416,8.82430362701416,10800,0.0,0.0,AEIS,1d
1996-01-03 00:00:00-05:00,8.8243041405311,9.559662818908691,8.8243041405311,9.559662818908691,7500,0.0,0.0,AEIS,1d
1996-01-04 00:00:00-05:00,9.559662262598673,9.559662262598673,8.579184081819323,8.82430362701416,10000,0.0,0.0,AEIS,1d
1996-01-05 00:00:00-05:00,9.069420623779296,9.069420623779296,8.088942718505859,8.579181671142578,71100,0.0,0.0,AEIS,1d
1996-01-08 00:00:00-05:00,8.579182480320787,8.579182480320787,8.088943481445312,8.088943481445312,200,0.0,0.0,AEIS,1d
1996-01-09 00:00:00-05:00,8.088942718505859,8.579181671142578,8.088942718505859,8.579181671142578,11000,0.0,0.0,AEIS,1d
1996-01-10 00:00:00-05:00,8.579184160394185,8.579184160394185,7.231026649475098,7.231026649475098,62500,0.0,0.0,AEIS,1d
1996-01-11 00:00:00-05:00,7.966384410858154,7.966384410858154,7.231025849855864,7.966384410858154,39200,0.0,0.0,AEIS,1d
1996-01-12 00:00:00-05:00,7.9663852917946,7.9663852917946,6.37310823343568,7.231026649475098,768000,0.0,0.0,AEIS,1d
1996-01-15 00:00:00-05:00,7.231026130810118,7.476145660668088,6.495667541236208,6.985906600952148,58400,0.0,0.0,AEIS,1d
1996-01-16 00:00:00-05:00,6.9859075366326095,6.9859075366326095,6.495668411254883,6.495668411254883,11000,0.0,0.0,AEIS,1d
1996-01-17 00:00:00-05:00,6.9859075366326095,6.9859075366326095,6.373108629910451,6.495668411254883,5400,0.0,0.0,AEIS,1d
1996-01-18 00:00:00-05:00,6.740787506103516,6.740787506103516,6.3731081875887785,6.740787506103516,144400,0.0,0.0,AEIS,1d
1996-01-19 00:00:00-05:00,6.740787146521396,7.4761457443237305,6.495667613920618,7.4761457443237305,78600,0.0,0.0,AEIS,1d
1996-01-22 00:00:00-05:00,7.353585809469223,7.966384626924992,7.353585809469223,7.843824863433838,78400,0.0,0.0,AEIS,1d
1996-01-23 00:00:00-05:00,8.088943813158119,8.456623077392578,8.027663935785709,8.456623077392578,148400,0.0,0.0,AEIS,1d
1996-01-24 00:00:00-05:00,8.456623077392578,8.456623077392578,7.8438243036684785,8.456623077392578,200400,0.0,0.0,AEIS,1d
1996-01-25 00:00:00-05:00,8.456623077392578,8.456623077392578,7.966384058413299,8.456623077392578,21100,0.0,0.0,AEIS,1d
1996-01-26 00:00:00-05:00,8.456623680889606,8.456623680889606,7.843824863433838,7.843824863433838,33800,0.0,0.0,AEIS,1d
1996-01-29 00:00:00-05:00,8.456624255460852,8.579184027279124,7.966385168187759,8.334064483642578,20400,0.0,0.0,AEIS,1d
1996-01-30 00:00:00-05:00,8.579181671142578,8.579181671142578,8.21150245666504,8.579181671142578,22500,0.0,0.0,AEIS,1d
1996-01-31 00:00:00-05:00,8.579181671142578,8.579181671142578,8.088942718505859,8.579181671142578,50300,0.0,0.0,AEIS,1d
1996-02-01 00:00:00-05:00,8.579181671142578,8.579181671142578,8.21150245666504,8.579181671142578,28600,0.0,0.0,AEIS,1d
1996-02-02 00:00:00-05:00,8.579181671142578,8.579181671142578,8.088942718505859,8.579181671142578,22200,0.0,0.0,AEIS,1d
1996-02-05 00:00:00-05:00,8.456623504410928,8.57918326534442,8.088944221610454,8.211503982543945,70700,0.0,0.0,AEIS,1d
1996-02-06 00:00:00-05:00,8.211503231164182,8.211503231164182,7.721264232288708,8.088943481445312,47400,0.0,0.0,AEIS,1d
1996-02-07 00:00:00-05:00,7.721264938809978,8.211503982543945,7.721264938809978,8.211503982543945,105600,0.0,0.0,AEIS,1d
1996-02-08 00:00:00-05:00,7.966383731726444,8.211503231164182,7.966383731726444,8.088943481445312,86300,0.0,0.0,AEIS,1d
1996-02-09 00:00:00-05:00,8.088944221610454,8.211503982543945,8.027664341143707,8.211503982543945,31400,0.0,0.0,AEIS,1d
1996-02-12 00:00:00-05:00,8.211503231164182,8.211503231164182,8.027663606585879,8.088943481445312,64400,0.0,0.0,AEIS,1d
1996-02-13 00:00:00-05:00,7.966384460676962,8.211503982543945,7.84382469974347,8.211503982543945,56300,0.0,0.0,AEIS,1d
1996-02-14 00:00:00-05:00,8.211503129256398,9.804779855828535,8.211503129256398,9.31454086303711,172100,0.0,0.0,AEIS,1d
1996-02-15 00:00:00-05:00,9.314542658188763,9.314542658188763,8.088944940006032,8.334064483642578,276100,0.0,0.0,AEIS,1d
1996-02-16 00:00:00-05:00,8.579181671142578,8.579181671142578,8.088942718505859,8.579181671142578,34300,0.0,0.0,AEIS,1d
1996-02-20 00:00:00-05:00,8.82430340492562,9.069422943951333,8.334064326874197,8.946863174438477,31700,0.0,0.0,AEIS,1d
1996-02-21 00:00:00-05:00,8.334064536624485,9.069423172208998,8.334064536624485,8.82430362701416,13300,0.0,0.0,AEIS,1d
1996-02-22 00:00:00-05:00,9.06942326387913,9.06942326387913,8.334064620861904,8.517904281616211,39200,0.0,0.0,AEIS,1d
1996-02-23 00:00:00-05:00,8.579182480320787,8.701742230039654,7.843823982007576,8.088943481445312,19500,0.0,0.0,AEIS,1d
1996-02-26 00:00:00-05:00,8.57918344438076,8.57918344438076,7.843824863433838,7.843824863433838,18200,0.0,0.0,AEIS,1d
1996-02-27 00:00:00-05:00,8.088944390416145,8.334063917398453,7.843824863433838,7.843824863433838,26300,0.0,0.0,AEIS,1d
1996-02-28 00:00:00-05:00,8.334062980883049,8.334062980883049,8.088943481445312,8.088943481445312,2600,0.0,0.0,AEIS,1d
1996-02-29 00:00:00-05:00,8.088943481445312,8.334062980883049,7.843823982007576,8.088943481445312,42200,0.0,0.0,AEIS,1d
1996-03-01 00:00:00-05:00,8.088943481445312,8.088943481445312,7.966383731726444,8.088943481445312,6400,0.0,0.0,AEIS,1d
1996-03-04 00:00:00-05:00,8.088944390416145,8.088944390416145,7.353585809469223,7.843824863433838,70100,0.0,0.0,AEIS,1d
1996-03-05 00:00:00-05:00,7.843825043224897,7.843825043224897,7.353585978023341,7.4761457443237305,11400,0.0,0.0,AEIS,1d
1996-03-06 00:00:00-05:00,7.353586196899414,7.843825276692709,7.353586196899414,7.353586196899414,8100,0.0,0.0,AEIS,1d
1996-03-07 00:00:00-05:00,7.84382580172631,7.84382580172631,7.353586689118416,7.598706245422363,20700,0.0,0.0,AEIS,1d
1996-03-08 00:00:00-05:00,7.721265276924508,7.721265276924508,6.618227380221007,7.4761457443237305,110500,0.0,0.0,AEIS,1d
1996-03-11 00:00:00-05:00,7.108466445422563,7.843825043224897,7.108466445422563,7.4761457443237305,116500,0.0,0.0,AEIS,1d
1996-03-12 00:00:00-05:00,7.843824863433838,7.843824863433838,7.476145572960377,7.843824863433838,15400,0.0,0.0,AEIS,1d
1996-03-13 00:00:00-05:00,7.721267099455586,7.84382689468504,7.598707304226132,7.7825469970703125,21000,0.0,0.0,AEIS,1d
1996-03-14 00:00:00-05:00,7.843823982007576,8.088943481445312,7.721264232288708,8.088943481445312,14100,0.0,0.0,AEIS,1d
1996-03-15 00:00:00-05:00,8.088943481445312,8.088943481445312,7.966383731726444,8.088943481445312,10600,0.0,0.0,AEIS,1d
1996-03-18 00:00:00-05:00,8.088944390416145,8.088944390416145,7.843824863433838,7.843824863433838,54800,0.0,0.0,AEIS,1d
1996-03-19 00:00:00-05:00,7.966384410858154,7.966384410858154,7.843824650691106,7.966384410858154,11200,0.0,0.0,AEIS,1d
1996-03-20 00:00:00-05:00,7.966384626924992,7.966384626924992,7.843824863433838,7.843824863433838,11500,0.0,0.0,AEIS,1d
1996-03-21 00:00:00-05:00,7.843825082930308,8.08894461677188,7.7212653160095215,7.7212653160095215,26700,0.0,0.0,AEIS,1d
1996-03-22 00:00:00-05:00,7.966384626924992,7.966384626924992,7.721265099942684,7.843824863433838,7500,0.0,0.0,AEIS,1d
1996-03-25 00:00:00-05:00,7.721264890524058,7.966384410858154,7.721264890524058,7.966384410858154,16300,0.0,0.0,AEIS,1d
1996-03-26 00:00:00-05:00,7.7212653160095215,7.966384849851094,7.7212653160095215,7.7212653160095215,151000,0.0,0.0,AEIS,1d
1996-03-27 00:00:00-05:00,7.7212653160095215,7.966384849851094,7.598705549088736,7.7212653160095215,12500,0.0,0.0,AEIS,1d
1996-03-28 00:00:00-05:00,7.7212653160095215,7.966384849851094,7.7212653160095215,7.7212653160095215,7500,0.0,0.0,AEIS,1d
1996-03-29 00:00:00-05:00,7.721265099942684,7.966384626924992,7.721265099942684,7.843824863433838,6900,0.0,0.0,AEIS,1d
1996-04-01 00:00:00-05:00,7.7212653160095215,7.966384849851094,7.7212653160095215,7.7212653160095215,17800,0.0,0.0,AEIS,1d
1996-04-02 00:00:00-05:00,7.7212653160095215,7.966384849851094,7.7212653160095215,7.7212653160095215,17200,0.0,0.0,AEIS,1d
1996-04-03 00:00:00-05:00,7.721264890524058,7.966384410858154,7.721264890524058,7.966384410858154,1400,0.0,0.0,AEIS,1d
1996-04-04 00:00:00-05:00,7.966384410858154,7.966384410858154,7.721264890524058,7.966384410858154,33300,0.0,0.0,AEIS,1d
1996-04-08 00:00:00-04:00,7.966384849851094,7.966384849851094,7.7212653160095215,7.7212653160095215,17800,0.0,0.0,AEIS,1d
1996-04-09 00:00:00-04:00,7.4761463304360705,7.598706106344858,5.63774969180425,5.882869243621826,345700,0.0,0.0,AEIS,1d
1996-04-10 00:00:00-04:00,6.005428607647236,6.985906747671274,5.760309072641226,6.37310791015625,124700,0.0,0.0,AEIS,1d
1996-04-11 00:00:00-04:00,6.37310791015625,6.740787212665264,6.250548142653245,6.37310791015625,59300,0.0,0.0,AEIS,1d
1996-04-12 00:00:00-04:00,6.740787973943746,6.740787973943746,6.2505488485660194,6.495668411254883,20500,0.0,0.0,AEIS,1d
1996-04-15 00:00:00-04:00,6.250548209462847,6.863347053527832,6.250548209462847,6.863347053527832,32400,0.0,0.0,AEIS,1d
1996-04-16 00:00:00-04:00,6.863346523708767,6.863346523708767,6.373107486300998,6.618227005004883,10500,0.0,0.0,AEIS,1d
1996-04-17 00:00:00-04:00,6.863346980168269,6.863346980168269,6.37310791015625,6.37310791015625,8200,0.0,0.0,AEIS,1d
1996-04-18 00:00:00-04:00,6.863347278941761,6.863347278941761,6.3731081875887785,6.740787506103516,27200,0.0,0.0,AEIS,1d
1996-04-19 00:00:00-04:00,6.740787506103516,6.740787506103516,6.740787506103516,6.740787506103516,1900,0.0,0.0,AEIS,1d
1996-04-22 00:00:00-04:00,6.740787506103516,6.985907051780007,6.3731081875887785,6.740787506103516,50600,0.0,0.0,AEIS,1d
1996-04-23 00:00:00-04:00,6.98590638719756,7.108466148376465,6.740786864839751,7.108466148376465,11700,0.0,0.0,AEIS,1d
1996-04-24 00:00:00-04:00,7.108466481405592,7.7212653160095215,7.108466481405592,7.7212653160095215,48600,0.0,0.0,AEIS,1d
1996-04-25 00:00:00-04:00,7.84382580172631,7.84382580172631,7.231026910966442,7.598706245422363,41500,0.0,0.0,AEIS,1d
1996-04-26 00:00:00-04:00,7.598705736796061,7.598705736796061,7.108466657002767,7.353586196899414,60900,0.0,0.0,AEIS,1d
1996-04-29 00:00:00-04:00,7.108466282486916,8.334063917398453,7.108466282486916,7.843824863433838,29900,0.0,0.0,AEIS,1d
1996-04-30 00:00:00-04:00,8.334062194824218,8.824301147460938,7.8438232421875,8.579181671142578,41000,0.0,0.0,AEIS,1d
1996-05-01 00:00:00-04:00,8.334064326874197,8.946863174438477,8.334064326874197,8.946863174438477,77200,0.0,0.0,AEIS,1d
1996-05-02 00:00:00-04:00,8.946863342733945,8.946863342733945,8.088944940006032,8.334064483642578,56300,0.0,0.0,AEIS,1d
1996-05-03 00:00:00-04:00,8.456623077392578,8.456623077392578,7.8438243036684785,8.456623077392578,7300,0.0,0.0,AEIS,1d
1996-05-06 00:00:00-04:00,7.8438253963694855,8.456624255460852,7.8438253963694855,8.334064483642578,7400,0.0,0.0,AEIS,1d
1996-05-07 00:00:00-04:00,8.456622730601918,8.456622730601918,7.843823982007576,8.088943481445312,20300,0.0,0.0,AEIS,1d
1996-05-08 00:00:00-04:00,8.088945358030257,8.088945358030257,7.353586689118416,7.598706245422363,42700,0.0,0.0,AEIS,1d
1996-05-09 00:00:00-04:00,7.353586689118416,7.598706245422363,7.353586689118416,7.598706245422363,21700,0.0,0.0,AEIS,1d
1996-05-10 00:00:00-04:00,7.476145966847738,7.598705736796061,7.353586196899414,7.353586196899414,8300,0.0,0.0,AEIS,1d
1996-05-13 00:00:00-04:00,7.3535860152471635,7.7212653160095215,7.3535860152471635,7.7212653160095215,28500,0.0,0.0,AEIS,1d
1996-05-14 00:00:00-04:00,7.721265426635743,7.8438251953125,7.476145889282226,7.659985542297363,45700,0.0,0.0,AEIS,1d
1996-05-15 00:00:00-04:00,7.843824863433838,7.843824863433838,7.353585809469223,7.843824863433838,61900,0.0,0.0,AEIS,1d
1996-05-16 00:00:00-04:00,7.843824863433838,7.843824863433838,7.353585809469223,7.843824863433838,13000,0.0,0.0,AEIS,1d
1996-05-17 00:00:00-04:00,7.843825276692709,7.843825276692709,7.23102642695109,7.353586196899414,41700,0.0,0.0,AEIS,1d
1996-05-20 00:00:00-04:00,7.108466875755181,7.721265744354765,7.108466875755181,7.231026649475098,4700,0.0,0.0,AEIS,1d
1996-05-21 00:00:00-04:00,7.231026649475098,7.721265744354765,7.231026649475098,7.231026649475098,17000,0.0,0.0,AEIS,1d
1996-05-22 00:00:00-04:00,7.231026910966442,7.721266023574336,7.231026910966442,7.598706245422363,32700,0.0,0.0,AEIS,1d
1996-05-23 00:00:00-04:00,7.3535860152471635,7.7212653160095215,7.3535860152471635,7.7212653160095215,51900,0.0,0.0,AEIS,1d
1996-05-24 00:00:00-04:00,7.476145966847738,7.721265506744385,7.353586196899414,7.353586196899414,26600,0.0,0.0,AEIS,1d
1996-05-28 00:00:00-04:00,7.353586196899414,7.721265506744385,7.23102642695109,7.353586196899414,41600,0.0,0.0,AEIS,1d
1996-05-29 00:00:00-04:00,7.231026248326377,7.7212653160095215,7.231026248326377,7.7212653160095215,11500,0.0,0.0,AEIS,1d
1996-05-30 00:00:00-04:00,7.721265099942684,7.843824863433838,7.476145572960377,7.843824863433838,6100,0.0,0.0,AEIS,1d
1996-05-31 00:00:00-04:00,7.843824863433838,7.966384626924992,7.5987053364515305,7.843824863433838,58200,0.0,0.0,AEIS,1d
1996-06-03 00:00:00-04:00,7.598705130357009,7.966384410858154,7.598705130357009,7.966384410858154,36700,0.0,0.0,AEIS,1d
1996-06-04 00:00:00-04:00,7.7212653160095215,7.966384849851094,7.598705549088736,7.7212653160095215,5700,0.0,0.0,AEIS,1d
1996-06-05 00:00:00-04:00,7.5987053364515305,7.843824863433838,7.353585809469223,7.843824863433838,11500,0.0,0.0,AEIS,1d
1996-06-06 00:00:00-04:00,7.843824863433838,7.843824863433838,7.353585809469223,7.843824863433838,70500,0.0,0.0,AEIS,1d
1996-06-07 00:00:00-04:00,7.353585809469223,7.843824863433838,7.353585809469223,7.843824863433838,40800,0.0,0.0,AEIS,1d
1996-06-10 00:00:00-04:00,7.843823982007576,8.088943481445312,7.59870448256984,8.088943481445312,140200,0.0,0.0,AEIS,1d
1996-06-11 00:00:00-04:00,7.721264232288708,8.334062980883049,7.721264232288708,8.088943481445312,60900,0.0,0.0,AEIS,1d
1996-06-12 00:00:00-04:00,8.211504711824306,8.334064483642578,7.966385168187759,8.334064483642578,55800,0.0,0.0,AEIS,1d
1996-06-13 00:00:00-04:00,8.334063743477437,8.334063743477437,7.84382469974347,8.211503982543945,30000,0.0,0.0,AEIS,1d
1996-06-14 00:00:00-04:00,8.211503231164182,8.211503231164182,7.721264232288708,8.088943481445312,18500,0.0,0.0,AEIS,1d
1996-06-17 00:00:00-04:00,8.088943481445312,8.088943481445312,7.59870448256984,8.088943481445312,6500,0.0,0.0,AEIS,1d
1996-06-18 00:00:00-04:00,8.0889442378077,8.0889442378077,7.108466148376465,7.108466148376465,32300,0.0,0.0,AEIS,1d
1996-06-19 00:00:00-04:00,7.353585978023341,7.598705510624119,7.169746328572757,7.4761457443237305,36600,0.0,0.0,AEIS,1d
1996-06-20 00:00:00-04:00,7.598706245422363,7.598706245422363,7.108467132814469,7.598706245422363,6200,0.0,0.0,AEIS,1d
1996-06-21 00:00:00-04:00,7.598706245422363,7.598706245422363,7.108467132814469,7.598706245422363,2400,0.0,0.0,AEIS,1d
1996-06-24 00:00:00-04:00,7.598705193092083,7.598705193092083,7.108466148376465,7.108466148376465,4900,0.0,0.0,AEIS,1d
1996-06-25 00:00:00-04:00,7.2310259095553695,7.598705193092083,7.108466148376465,7.108466148376465,26500,0.0,0.0,AEIS,1d
1996-06-26 00:00:00-04:00,7.108466657002767,7.598705736796061,7.108466657002767,7.353586196899414,15700,0.0,0.0,AEIS,1d
1996-06-27 00:00:00-04:00,7.108466148376465,7.598705193092083,6.8633466260186555,7.108466148376465,26900,0.0,0.0,AEIS,1d
1996-06-28 00:00:00-04:00,7.353586689118416,7.598706245422363,7.108467132814469,7.598706245422363,49200,0.0,0.0,AEIS,1d
1996-07-01 00:00:00-04:00,7.598705666405814,7.598705666405814,6.373107978275844,6.863347053527832,101100,0.0,0.0,AEIS,1d
1996-07-02 00:00:00-04:00,6.37310791015625,6.863346980168269,6.37310791015625,6.37310791015625,29800,0.0,0.0,AEIS,1d
1996-07-03 00:00:00-04:00,6.37310791015625,6.740787212665264,6.37310791015625,6.37310791015625,14400,0.0,0.0,AEIS,1d
1996-07-05 00:00:00-04:00,6.495667960427024,6.740787506103516,6.495667960427024,6.740787506103516,8100,0.0,0.0,AEIS,1d
1996-07-08 00:00:00-04:00,6.37310791015625,6.740787212665264,6.12798837515024,6.37310791015625,44000,0.0,0.0,AEIS,1d
1996-07-09 00:00:00-04:00,6.740787973943746,6.740787973943746,6.127989067221588,6.495668411254883,92700,0.0,0.0,AEIS,1d
1996-07-10 00:00:00-04:00,6.495668411254883,6.495668411254883,6.005429285877156,6.495668411254883,63000,0.0,0.0,AEIS,1d
1996-07-11 00:00:00-04:00,6.495668144226075,6.495668144226075,6.0054290390014655,6.127988815307617,30800,0.0,0.0,AEIS,1d
1996-07-12 00:00:00-04:00,6.005429277233049,6.495668401905134,6.005429277233049,6.250548839569092,4100,0.0,0.0,AEIS,1d
1996-07-15 00:00:00-04:00,6.495668401905134,6.495668401905134,5.760309714897006,6.250548839569092,13100,0.0,0.0,AEIS,1d
1996-07-16 00:00:00-04:00,5.760309187571208,6.127988497416179,5.14751033782959,5.5151896476745605,60700,0.0,0.0,AEIS,1d
1996-07-17 00:00:00-04:00,5.637749417622884,5.882868957519531,5.270070107777913,5.5151896476745605,122100,0.0,0.0,AEIS,1d
1996-07-18 00:00:00-04:00,5.882869262695313,6.127988815307617,5.637749710083008,6.127988815307617,30000,0.0,0.0,AEIS,1d
1996-07-19 00:00:00-04:00,6.127987967597114,7.231025801764594,5.637748930189344,6.618227005004883,120300,0.0,0.0,AEIS,1d
1996-07-22 00:00:00-04:00,6.618227005004883,7.108466042412652,6.618227005004883,6.618227005004883,31300,0.0,0.0,AEIS,1d
1996-07-23 00:00:00-04:00,7.108467307745242,7.108467307745242,6.250548839569092,6.250548839569092,38100,0.0,0.0,AEIS,1d
1996-07-24 00:00:00-04:00,5.760309187571208,6.250548267364502,5.5151896476745605,5.5151896476745605,49500,0.0,0.0,AEIS,1d
1996-07-25 00:00:00-04:00,5.760309187571208,5.760309187571208,5.5151896476745605,5.5151896476745605,22600,0.0,0.0,AEIS,1d
1996-07-26 00:00:00-04:00,5.7603094677130375,5.882869243621826,5.515189915895462,5.882869243621826,6900,0.0,0.0,AEIS,1d
1996-07-29 00:00:00-04:00,5.882869243621826,5.882869243621826,5.63774969180425,5.882869243621826,7100,0.0,0.0,AEIS,1d
1996-07-30 00:00:00-04:00,5.637749195098877,5.882868725320567,5.515189429988032,5.637749195098877,24100,0.0,0.0,AEIS,1d
1996-07-31 00:00:00-04:00,5.760310173034668,5.760310173034668,5.637750382119037,5.760310173034668,13500,0.0,0.0,AEIS,1d
1996-08-01 00:00:00-04:00,6.250549336697193,6.250549336697193,5.760310173034668,5.760310173034668,1600,0.0,0.0,AEIS,1d
1996-08-02 00:00:00-04:00,6.250549336697193,6.250549336697193,5.760310173034668,5.760310173034668,7100,0.0,0.0,AEIS,1d
1996-08-05 00:00:00-04:00,6.250548839569092,6.250548839569092,5.760309714897006,6.250548839569092,10300,0.0,0.0,AEIS,1d
1996-08-06 00:00:00-04:00,6.250548839569092,6.250548839569092,6.005429277233049,6.250548839569092,3300,0.0,0.0,AEIS,1d
1996-08-07 00:00:00-04:00,6.250548839569092,6.250548839569092,5.760309714897006,6.250548839569092,31400,0.0,0.0,AEIS,1d
1996-08-08 00:00:00-04:00,6.250548333537822,6.250548333537822,5.882869019800303,6.005428791046143,4500,0.0,0.0,AEIS,1d
1996-08-09 00:00:00-04:00,5.882869496065028,6.250548839569092,5.882869496065028,6.250548839569092,8400,0.0,0.0,AEIS,1d
1996-08-12 00:00:00-04:00,6.250548333537822,6.250548333537822,6.005428791046143,6.005428791046143,6200,0.0,0.0,AEIS,1d
1996-08-13 00:00:00-04:00,5.882869243621826,6.25054857134819,5.882869243621826,5.882869243621826,15100,0.0,0.0,AEIS,1d
1996-08-14 00:00:00-04:00,6.2505488485660194,6.495668411254883,6.2505488485660194,6.495668411254883,14000,0.0,0.0,AEIS,1d
1996-08-15 00:00:00-04:00,6.250548839569092,6.495668401905134,6.250548839569092,6.250548839569092,13000,0.0,0.0,AEIS,1d
1996-08-16 00:00:00-04:00,6.250547726949056,6.740786764356825,6.250547726949056,6.618227005004883,30800,0.0,0.0,AEIS,1d
1996-08-19 00:00:00-04:00,6.740786764356825,6.863346523708767,6.495667245652941,6.618227005004883,25400,0.0,0.0,AEIS,1d
1996-08-20 00:00:00-04:00,6.863347328315347,7.231026649475098,6.618227780875514,7.231026649475098,33700,0.0,0.0,AEIS,1d
1996-08-21 00:00:00-04:00,6.8633468360231635,7.231026130810118,6.740787071094178,6.985906600952148,21600,0.0,0.0,AEIS,1d
1996-08-22 00:00:00-04:00,6.985906822340829,6.985906822340829,6.618227515901838,6.863347053527832,6500,0.0,0.0,AEIS,1d
1996-08-23 00:00:00-04:00,6.6182281925993145,6.9859075366326095,6.495668411254883,6.495668411254883,22800,0.0,0.0,AEIS,1d
1996-08-26 00:00:00-04:00,6.618227005004883,6.985906283060709,6.618227005004883,6.618227005004883,4500,0.0,0.0,AEIS,1d
1996-08-27 00:00:00-04:00,6.618227306165193,7.231026130810118,6.618227306165193,6.985906600952148,87200,0.0,0.0,AEIS,1d
1996-08-28 00:00:00-04:00,6.985907051780007,6.985907051780007,6.556947846846147,6.740787506103516,61800,0.0,0.0,AEIS,1d
1996-08-29 00:00:00-04:00,6.740787506103516,6.863347278941761,6.495667960427024,6.740787506103516,30600,0.0,0.0,AEIS,1d
1996-08-30 00:00:00-04:00,6.618227515901838,6.863347053527832,6.618227515901838,6.863347053527832,1300,0.0,0.0,AEIS,1d
1996-09-03 00:00:00-04:00,6.373108863830566,6.373108863830566,5.392630577087402,5.392630577087402,108500,0.0,0.0,AEIS,1d
1996-09-04 00:00:00-04:00,5.637749383615893,5.637749383615893,5.024950537570687,5.2700700759887695,81300,0.0,0.0,AEIS,1d
1996-09-05 00:00:00-04:00,5.392629845197811,5.392629845197811,5.2700700759887695,5.2700700759887695,30100,0.0,0.0,AEIS,1d
1996-09-06 00:00:00-04:00,5.392629845197811,5.392629845197811,5.147510306779728,5.2700700759887695,40000,0.0,0.0,AEIS,1d
1996-09-09 00:00:00-04:00,5.147510306779728,5.392629845197811,5.024950537570687,5.2700700759887695,46000,0.0,0.0,AEIS,1d
1996-09-10 00:00:00-04:00,5.147511376274957,5.147511376274957,4.90239178692853,4.963671684265137,16100,0.0,0.0,AEIS,1d
1996-09-11 00:00:00-04:00,5.147510528564453,5.147510528564453,4.902390979585193,5.147510528564453,10800,0.0,0.0,AEIS,1d
1996-09-12 00:00:00-04:00,5.147510748643142,5.147510748643142,4.779831409454346,4.779831409454346,39700,0.0,0.0,AEIS,1d
1996-09-13 00:00:00-04:00,4.779831205095563,5.147510528564453,4.779831205095563,5.147510528564453,20300,0.0,0.0,AEIS,1d
1996-09-16 00:00:00-04:00,5.147510306779728,5.2700700759887695,4.902390768361647,5.2700700759887695,7200,0.0,0.0,AEIS,1d
1996-09-17 00:00:00-04:00,5.270070303054083,5.270070303054083,4.902390979585193,5.147510528564453,30300,0.0,0.0,AEIS,1d
1996-09-18 00:00:00-04:00,4.902390768361647,5.2700700759887695,4.534711460734523,5.2700700759887695,511200,0.0,0.0,AEIS,1d
1996-09-19 00:00:00-04:00,5.2700702216890125,5.2700702216890125,4.41215181350708,4.41215181350708,82800,0.0,0.0,AEIS,1d
1996-09-20 00:00:00-04:00,4.41215207026555,5.024950968913543,4.41215207026555,4.779831409454346,53400,0.0,0.0,AEIS,1d
1996-09-23 00:00:00-04:00,4.412152290344238,5.024951219558716,4.412152290344238,4.90239143371582,69100,0.0,0.0,AEIS,1d
1996-09-24 00:00:00-04:00,4.90239143371582,5.147511005401611,4.534712076187134,4.90239143371582,53200,0.0,0.0,AEIS,1d
1996-09-25 00:00:00-04:00,4.779831647872925,5.392630577087402,4.779831647872925,4.90239143371582,34400,0.0,0.0,AEIS,1d
1996-09-26 00:00:00-04:00,5.2700700759887695,5.2700700759887695,5.024950537570687,5.2700700759887695,23600,0.0,0.0,AEIS,1d
1996-09-27 00:00:00-04:00,5.147510306779728,5.2700700759887695,5.024950537570687,5.2700700759887695,4600,0.0,0.0,AEIS,1d
1996-09-30 00:00:00-04:00,5.2700700759887695,5.2700700759887695,4.902390768361647,5.2700700759887695,30500,0.0,0.0,AEIS,1d
1996-10-01 00:00:00-04:00,5.2700700759887695,5.2700700759887695,4.902390768361647,5.2700700759887695,8000,0.0,0.0,AEIS,1d
1996-10-02 00:00:00-04:00,5.270070791244507,5.270070791244507,4.779831647872925,4.90239143371582,3000,0.0,0.0,AEIS,1d
1996-10-03 00:00:00-04:00,4.779831409454346,5.024950968913543,4.779831409454346,4.779831409454346,7000,0.0,0.0,AEIS,1d
1996-10-04 00:00:00-04:00,4.779831409454346,5.147510748643142,4.779831409454346,4.779831409454346,19700,0.0,0.0,AEIS,1d
1996-10-07 00:00:00-04:00,4.90239143371582,4.90239143371582,4.841111540794373,4.90239143371582,13000,0.0,0.0,AEIS,1d
1996-10-08 00:00:00-04:00,5.147510528564453,5.147510528564453,4.779831205095563,5.147510528564453,4700,0.0,0.0,AEIS,1d
1996-10-09 00:00:00-04:00,5.147510528564453,5.147510528564453,4.902390979585193,5.147510528564453,14800,0.0,0.0,AEIS,1d
1996-10-10 00:00:00-04:00,4.902390270698361,5.1475097842332795,4.902390270698361,5.02495002746582,14300,0.0,0.0,AEIS,1d
1996-10-11 00:00:00-04:00,4.902391189183945,5.024950968913543,4.779831409454346,4.779831409454346,8400,0.0,0.0,AEIS,1d
1996-10-14 00:00:00-04:00,5.024950968913543,5.024950968913543,4.779831409454346,4.779831409454346,400,0.0,0.0,AEIS,1d
1996-10-15 00:00:00-04:00,4.657270431518555,5.024949676112125,4.657270431518555,4.657270431518555,11300,0.0,0.0,AEIS,1d
1996-10-16 00:00:00-04:00,4.6572706377184065,4.902390144966744,4.41215113047007,4.534710884094238,32200,0.0,0.0,AEIS,1d
1996-10-17 00:00:00-04:00,4.412151785457835,4.657271329094382,4.167032241821289,4.167032241821289,16000,0.0,0.0,AEIS,1d
1996-10-18 00:00:00-04:00,4.167031438727128,4.657270431518555,4.167031438727128,4.657270431518555,5300,0.0,0.0,AEIS,1d
1996-10-21 00:00:00-04:00,4.657270050048828,4.657270050048828,4.289590835571289,4.289590835571289,9200,0.0,0.0,AEIS,1d
1996-10-22 00:00:00-04:00,4.289591908454895,4.657271214893886,2.8188746826989313,3.431673526763916,225000,0.0,0.0,AEIS,1d
1996-10-23 00:00:00-04:00,3.676793344559208,3.7993531227111816,3.4316737882552606,3.7993531227111816,99500,0.0,0.0,AEIS,1d
1996-10-24 00:00:00-04:00,3.799352833202907,3.799352833202907,3.431673526763916,3.431673526763916,296800,0.0,0.0,AEIS,1d
1996-10-25 00:00:00-04:00,3.431673377752304,4.044472195208073,3.431673377752304,3.921912431716919,110100,0.0,0.0,AEIS,1d
1996-10-28 00:00:00-05:00,4.044472470003016,4.167032241821289,3.9219126981847428,4.167032241821289,24900,0.0,0.0,AEIS,1d
1996-10-29 00:00:00-05:00,4.1670318456796505,4.1670318456796505,3.921912325345553,3.983192205429077,18600,0.0,0.0,AEIS,1d
1996-10-30 00:00:00-05:00,4.1670321782430015,4.1670321782430015,3.676793098449707,3.676793098449707,34600,0.0,0.0,AEIS,1d
1996-10-31 00:00:00-05:00,4.044471740722656,4.044471740722656,3.6767924915660513,4.044471740722656,29200,0.0,0.0,AEIS,1d
1996-11-01 00:00:00-05:00,4.044471740722656,4.044471740722656,3.79935224128492,4.044471740722656,20700,0.0,0.0,AEIS,1d
1996-11-04 00:00:00-05:00,4.04447211890385,4.04447211890385,3.5542330741882324,3.5542330741882324,9100,0.0,0.0,AEIS,1d
1996-11-05 00:00:00-05:00,3.6767929047346115,3.921912431716919,3.6767929047346115,3.921912431716919,13000,0.0,0.0,AEIS,1d
1996-11-06 00:00:00-05:00,3.7993523623492265,4.534710884094238,3.7993523623492265,4.534710884094238,83100,0.0,0.0,AEIS,1d
1996-11-07 00:00:00-05:00,4.534711488087972,5.5151896476745605,4.044472408294678,5.5151896476745605,73700,0.0,0.0,AEIS,1d
1996-11-08 00:00:00-05:00,5.147511218456512,6.127989545781562,5.147511218456512,5.760310173034668,90300,0.0,0.0,AEIS,1d
1996-11-11 00:00:00-05:00,5.515190591203406,5.8828699639502995,5.515190591203406,5.760310173034668,23800,0.0,0.0,AEIS,1d
1996-11-12 00:00:00-05:00,5.8828699639502995,6.005429754865931,5.760310173034668,5.760310173034668,30100,0.0,0.0,AEIS,1d
1996-11-13 00:00:00-05:00,6.00542950630188,6.00542950630188,4.90239143371582,5.392630577087402,54800,0.0,0.0,AEIS,1d
1996-11-14 00:00:00-05:00,5.515190362930298,5.637750148773193,5.392630577087402,5.392630577087402,20500,0.0,0.0,AEIS,1d
1996-11-15 00:00:00-05:00,5.637748811303116,5.637748811303116,5.02495002746582,5.02495002746582,13000,0.0,0.0,AEIS,1d
1996-11-18 00:00:00-05:00,5.147510528564453,5.270070303054083,5.0249507540748235,5.147510528564453,26700,0.0,0.0,AEIS,1d
1996-11-19 00:00:00-05:00,5.147510134655496,5.637749195098877,5.147510134655496,5.637749195098877,35200,0.0,0.0,AEIS,1d
1996-11-20 00:00:00-05:00,5.392630577087402,5.637750148773193,5.024951219558716,5.392630577087402,37800,0.0,0.0,AEIS,1d
1996-11-21 00:00:00-05:00,5.147510528564453,5.392630077543712,5.147510528564453,5.147510528564453,27900,0.0,0.0,AEIS,1d
1996-11-22 00:00:00-05:00,5.392630800287774,6.373109127612825,5.147511218456512,5.760310173034668,121200,0.0,0.0,AEIS,1d
1996-11-25 00:00:00-05:00,5.7603094677130375,6.127988795439402,5.7603094677130375,5.882869243621826,34300,0.0,0.0,AEIS,1d
1996-11-26 00:00:00-05:00,5.882869243621826,6.005429019530614,5.515189915895462,5.882869243621826,34300,0.0,0.0,AEIS,1d
1996-11-27 00:00:00-05:00,5.882869262695313,6.373108367919922,5.637749710083008,6.127988815307617,62500,0.0,0.0,AEIS,1d
1996-11-29 00:00:00-05:00,6.373108629910451,6.6182281925993145,6.373108629910451,6.495668411254883,31000,0.0,0.0,AEIS,1d
1996-12-02 00:00:00-05:00,6.740787506103516,7.108466824618253,6.61822773326527,6.740787506103516,69200,0.0,0.0,AEIS,1d
1996-12-03 00:00:00-05:00,6.9859075366326095,6.9859075366326095,6.495668411254883,6.495668411254883,36200,0.0,0.0,AEIS,1d
1996-12-04 00:00:00-05:00,6.740787973943746,6.863347755288178,6.495668411254883,6.495668411254883,26800,0.0,0.0,AEIS,1d
1996-12-05 00:00:00-05:00,6.740787973943746,6.740787973943746,6.495668411254883,6.495668411254883,5200,0.0,0.0,AEIS,1d
1996-12-06 00:00:00-05:00,6.495668411254883,6.6182281925993145,6.2505488485660194,6.495668411254883,26100,0.0,0.0,AEIS,1d
1996-12-09 00:00:00-05:00,6.127987967597114,6.618227005004883,6.127987967597114,6.618227005004883,47500,0.0,0.0,AEIS,1d
1996-12-10 00:00:00-05:00,6.618228183073156,6.618228183073156,6.250548839569092,6.250548839569092,32600,0.0,0.0,AEIS,1d
1996-12-11 00:00:00-05:00,6.3731086207371135,6.3731086207371135,6.005429277233049,6.250548839569092,37900,0.0,0.0,AEIS,1d
1996-12-12 00:00:00-05:00,6.12798905840107,6.3731086207371135,5.882869496065028,6.250548839569092,25100,0.0,0.0,AEIS,1d
1996-12-13 00:00:00-05:00,5.882869243621826,6.25054857134819,5.882869243621826,5.882869243621826,24900,0.0,0.0,AEIS,1d
1996-12-16 00:00:00-05:00,5.882869019800303,6.250548333537822,5.882869019800303,6.005428791046143,8500,0.0,0.0,AEIS,1d
1996-12-17 00:00:00-05:00,6.005429754865931,6.005429754865931,5.637750382119037,5.760310173034668,40900,0.0,0.0,AEIS,1d
1996-12-18 00:00:00-05:00,5.7603094677130375,6.005429019530614,5.7603094677130375,5.882869243621826,78700,0.0,0.0,AEIS,1d
1996-12-19 00:00:00-05:00,6.005429754865931,6.005429754865931,5.637750382119037,5.760310173034668,25500,0.0,0.0,AEIS,1d
1996-12-20 00:00:00-05:00,5.637750148773193,5.760309934616089,5.270070791244507,5.392630577087402,33100,0.0,0.0,AEIS,1d
1996-12-23 00:00:00-05:00,5.392630577087402,5.515190362930298,5.270070791244507,5.392630577087402,46800,0.0,0.0,AEIS,1d
1996-12-24 00:00:00-05:00,5.14751033782959,5.5151896476745605,5.14751033782959,5.5151896476745605,3100,0.0,0.0,AEIS,1d
1996-12-26 00:00:00-05:00,5.392630077543712,5.392630077543712,4.902390979585193,5.147510528564453,28600,0.0,0.0,AEIS,1d
1996-12-27 00:00:00-05:00,5.0249507540748235,5.270070303054083,5.0249507540748235,5.147510528564453,30100,0.0,0.0,AEIS,1d
1996-12-30 00:00:00-05:00,5.024950537570687,5.2700700759887695,5.024950537570687,5.2700700759887695,27800,0.0,0.0,AEIS,1d
1996-12-31 00:00:00-05:00,5.147510306779728,5.2700700759887695,5.024950537570687,5.2700700759887695,85300,0.0,0.0,AEIS,1d
1997-01-02 00:00:00-05:00,5.14751033782959,5.5151896476745605,5.14751033782959,5.5151896476745605,11300,0.0,0.0,AEIS,1d
1997-01-03 00:00:00-05:00,5.515190362930298,5.637750148773193,5.147511005401611,5.392630577087402,16000,0.0,0.0,AEIS,1d
1997-01-06 00:00:00-05:00,5.392629877726237,5.637749417622884,5.14751033782959,5.5151896476745605,12900,0.0,0.0,AEIS,1d
1997-01-07 00:00:00-05:00,5.147510528564453,5.515189852033343,5.147510528564453,5.147510528564453,51400,0.0,0.0,AEIS,1d
1997-01-08 00:00:00-05:00,5.515189852033343,5.515189852033343,5.147510528564453,5.147510528564453,11900,0.0,0.0,AEIS,1d
1997-01-09 00:00:00-05:00,5.147510528564453,5.6377496265229725,5.147510528564453,5.147510528564453,12100,0.0,0.0,AEIS,1d
1997-01-10 00:00:00-05:00,5.392630577087402,5.515190362930298,5.147511005401611,5.392630577087402,5500,0.0,0.0,AEIS,1d
1997-01-13 00:00:00-05:00,5.515190591203406,5.760310173034668,5.147511218456512,5.760310173034668,69300,0.0,0.0,AEIS,1d
1997-01-14 00:00:00-05:00,5.760309723188293,6.9859075366326095,5.637749941843861,6.495668411254883,101700,0.0,0.0,AEIS,1d
1997-01-15 00:00:00-05:00,6.740787212665264,6.740787212665264,6.37310791015625,6.37310791015625,90700,0.0,0.0,AEIS,1d
1997-01-16 00:00:00-05:00,6.618228183073156,6.618228183073156,6.12798905840107,6.250548839569092,11900,0.0,0.0,AEIS,1d
1997-01-17 00:00:00-05:00,6.127988562291982,6.250548333537822,6.005428791046143,6.005428791046143,14600,0.0,0.0,AEIS,1d
1997-01-20 00:00:00-05:00,6.005428481520267,6.985906600952148,6.005428481520267,6.985906600952148,87200,0.0,0.0,AEIS,1d
1997-01-21 00:00:00-05:00,6.8633466260186555,7.108466148376465,6.740786864839751,7.108466148376465,151800,0.0,0.0,AEIS,1d
1997-01-22 00:00:00-05:00,7.231026130810118,7.721265190526059,6.8633468360231635,6.985906600952148,96100,0.0,0.0,AEIS,1d
1997-01-23 00:00:00-05:00,7.353585670734273,7.476145431913178,6.98590638719756,7.108466148376465,73100,0.0,0.0,AEIS,1d
1997-01-24 00:00:00-05:00,7.108466042412652,7.353585561116536,6.373107486300998,6.618227005004883,65000,0.0,0.0,AEIS,1d
1997-01-27 00:00:00-05:00,6.61822773326527,6.740787506103516,6.495667960427024,6.740787506103516,20300,0.0,0.0,AEIS,1d
1997-01-28 00:00:00-05:00,6.740787506103516,6.863347278941761,6.495667960427024,6.740787506103516,25000,0.0,0.0,AEIS,1d
1997-01-29 00:00:00-05:00,6.863347053527832,7.108466591153826,6.740787284714835,6.863347053527832,17100,0.0,0.0,AEIS,1d
1997-01-30 00:00:00-05:00,7.108466591153826,7.108466591153826,6.863347053527832,6.863347053527832,28600,0.0,0.0,AEIS,1d
1997-01-31 00:00:00-05:00,6.985906887054443,7.598705736796061,6.8633471171061196,7.353586196899414,135800,0.0,0.0,AEIS,1d
1997-02-03 00:00:00-05:00,7.476145431913178,7.598705193092083,7.108466148376465,7.108466148376465,31500,0.0,0.0,AEIS,1d
1997-02-04 00:00:00-05:00,7.108466365881133,7.231026130810118,6.985906600952148,6.985906600952148,36200,0.0,0.0,AEIS,1d
1997-02-05 00:00:00-05:00,7.108467132814469,7.598706245422363,7.108467132814469,7.598706245422363,89200,0.0,0.0,AEIS,1d
1997-02-06 00:00:00-05:00,7.353585978023341,7.843825043224897,7.353585978023341,7.4761457443237305,42900,0.0,0.0,AEIS,1d
1997-02-07 00:00:00-05:00,7.598705736796061,7.598705736796061,7.353586196899414,7.353586196899414,40100,0.0,0.0,AEIS,1d
1997-02-10 00:00:00-05:00,7.598705425597074,7.598705425597074,6.985906600952148,6.985906600952148,40400,0.0,0.0,AEIS,1d
1997-02-11 00:00:00-05:00,7.231026130810118,7.231026130810118,6.985906600952148,6.985906600952148,23300,0.0,0.0,AEIS,1d
1997-02-12 00:00:00-05:00,7.2310259095553695,7.353585670734273,6.98590638719756,7.108466148376465,52700,0.0,0.0,AEIS,1d
1997-02-13 00:00:00-05:00,6.985906600952148,7.353585895739103,6.985906600952148,6.985906600952148,48800,0.0,0.0,AEIS,1d
1997-02-14 00:00:00-05:00,6.985906600952148,7.231026130810118,6.8633468360231635,6.985906600952148,36200,0.0,0.0,AEIS,1d
1997-02-18 00:00:00-05:00,6.985907051780007,6.985907051780007,6.740787506103516,6.740787506103516,42000,0.0,0.0,AEIS,1d
1997-02-19 00:00:00-05:00,6.8633468360231635,6.985906600952148,6.740787071094178,6.985906600952148,12600,0.0,0.0,AEIS,1d
1997-02-20 00:00:00-05:00,6.740787176959283,6.985906710666893,6.740787176959283,6.92462682723999,27600,0.0,0.0,AEIS,1d
1997-02-21 00:00:00-05:00,6.740787506103516,6.985907051780007,6.740787506103516,6.740787506103516,26700,0.0,0.0,AEIS,1d
1997-02-24 00:00:00-05:00,6.740787506103516,6.985907051780007,6.740787506103516,6.740787506103516,13400,0.0,0.0,AEIS,1d
1997-02-25 00:00:00-05:00,6.740787284714835,6.985906822340829,6.740787284714835,6.863347053527832,37300,0.0,0.0,AEIS,1d
1997-02-26 00:00:00-05:00,6.740787506103516,6.985907051780007,6.495667960427024,6.740787506103516,44800,0.0,0.0,AEIS,1d
1997-02-27 00:00:00-05:00,6.618227005004883,6.618227005004883,6.495667245652941,6.618227005004883,5900,0.0,0.0,AEIS,1d
1997-02-28 00:00:00-05:00,6.618227445162259,6.740787212665264,6.12798837515024,6.37310791015625,61200,0.0,0.0,AEIS,1d
1997-03-03 00:00:00-05:00,6.127989067221588,6.495668411254883,6.127989067221588,6.495668411254883,4500,0.0,0.0,AEIS,1d
1997-03-04 00:00:00-05:00,6.373108629910451,6.495668411254883,6.127989067221588,6.495668411254883,11200,0.0,0.0,AEIS,1d
1997-03-05 00:00:00-05:00,6.250548142653245,6.495667677659255,6.250548142653245,6.37310791015625,21300,0.0,0.0,AEIS,1d
1997-03-06 00:00:00-05:00,6.495668411254883,6.495668411254883,6.373108629910451,6.495668411254883,91600,0.0,0.0,AEIS,1d
1997-03-07 00:00:00-05:00,6.618227515901838,6.863347053527832,6.4956677470888415,6.863347053527832,49200,0.0,0.0,AEIS,1d
1997-03-10 00:00:00-05:00,6.863347328315347,7.353586423195015,6.863347328315347,7.231026649475098,59200,0.0,0.0,AEIS,1d
1997-03-11 00:00:00-05:00,7.2310265974564985,7.2310265974564985,6.740787506103516,6.740787506103516,24300,0.0,0.0,AEIS,1d
1997-03-12 00:00:00-05:00,6.740787071094178,7.353585895739103,6.740787071094178,6.985906600952148,64500,0.0,0.0,AEIS,1d
1997-03-13 00:00:00-05:00,6.98590638719756,7.108466148376465,6.924626506608107,7.108466148376465,21800,0.0,0.0,AEIS,1d
1997-03-14 00:00:00-05:00,6.985907102035264,7.231026649475098,6.985907102035264,7.231026649475098,23700,0.0,0.0,AEIS,1d
1997-03-17 00:00:00-05:00,6.98590638719756,7.2310259095553695,6.8633466260186555,7.108466148376465,10200,0.0,0.0,AEIS,1d
1997-03-18 00:00:00-05:00,7.108466657002767,7.353586196899414,6.985906887054443,7.353586196899414,14900,0.0,0.0,AEIS,1d
1997-03-19 00:00:00-05:00,7.353587517371544,7.353587517371544,6.863348349546775,7.169747829437256,13000,0.0,0.0,AEIS,1d
1997-03-20 00:00:00-05:00,7.16974676261514,7.353586423195015,6.863347328315347,7.231026649475098,26800,0.0,0.0,AEIS,1d
1997-03-21 00:00:00-05:00,6.985906600952148,7.231026130810118,6.985906600952148,6.985906600952148,2100,0.0,0.0,AEIS,1d
1997-03-24 00:00:00-05:00,7.23102642695109,7.353586196899414,7.108466657002767,7.353586196899414,28600,0.0,0.0,AEIS,1d
1997-03-25 00:00:00-05:00,7.108466657002767,7.353586196899414,7.108466657002767,7.353586196899414,23500,0.0,0.0,AEIS,1d
1997-03-26 00:00:00-05:00,7.476145572960377,8.211504153907299,7.353585809469223,7.843824863433838,55700,0.0,0.0,AEIS,1d
1997-03-27 00:00:00-05:00,7.843824863433838,8.088944390416145,7.721265099942684,7.843824863433838,16800,0.0,0.0,AEIS,1d
1997-03-31 00:00:00-05:00,7.843825276692709,7.90510516166687,7.353586196899414,7.353586196899414,15100,0.0,0.0,AEIS,1d
1997-04-01 00:00:00-05:00,7.353585670734273,7.353585670734273,6.98590638719756,7.108466148376465,41400,0.0,0.0,AEIS,1d
1997-04-02 00:00:00-05:00,7.108466657002767,7.353586196899414,7.108466657002767,7.353586196899414,40800,0.0,0.0,AEIS,1d
1997-04-03 00:00:00-05:00,7.108466875755181,7.231026649475098,7.108466875755181,7.231026649475098,19500,0.0,0.0,AEIS,1d
1997-04-04 00:00:00-05:00,7.231026910966442,7.721266023574336,7.108467132814469,7.598706245422363,54000,0.0,0.0,AEIS,1d
1997-04-07 00:00:00-04:00,7.721266023574336,7.84382580172631,7.4761464672703895,7.598706245422363,12200,0.0,0.0,AEIS,1d
1997-04-08 00:00:00-04:00,7.843823982007576,8.456622730601918,7.843823982007576,8.088943481445312,66000,0.0,0.0,AEIS,1d
1997-04-09 00:00:00-04:00,8.088943481445312,8.150223356304748,7.966383731726444,8.088943481445312,33000,0.0,0.0,AEIS,1d
1997-04-10 00:00:00-04:00,7.843824863433838,8.211504153907299,7.353585809469223,7.843824863433838,37900,0.0,0.0,AEIS,1d
1997-04-11 00:00:00-04:00,7.966384626924992,8.027664508670568,7.353585809469223,7.843824863433838,30300,0.0,0.0,AEIS,1d
1997-04-14 00:00:00-04:00,7.843824863433838,7.843824863433838,7.5987053364515305,7.843824863433838,3700,0.0,0.0,AEIS,1d
1997-04-15 00:00:00-04:00,7.84382469974347,8.456623504410928,7.721264938809978,8.211503982543945,51900,0.0,0.0,AEIS,1d
1997-04-16 00:00:00-04:00,8.211504711824306,8.456624255460852,8.088944940006032,8.334064483642578,42100,0.0,0.0,AEIS,1d
1997-04-17 00:00:00-04:00,8.579184890638851,8.82430445894282,8.088945754030917,8.640464782714844,58900,0.0,0.0,AEIS,1d
1997-04-18 00:00:00-04:00,8.824302341627039,8.824302341627039,8.456623077392578,8.456623077392578,21900,0.0,0.0,AEIS,1d
1997-04-21 00:00:00-04:00,8.579182480320787,8.701742230039654,8.088943481445312,8.088943481445312,52400,0.0,0.0,AEIS,1d
1997-04-22 00:00:00-04:00,8.456623077392578,8.456623077392578,8.456623077392578,8.456623077392578,3800,0.0,0.0,AEIS,1d
1997-04-23 00:00:00-04:00,8.088944171025203,8.21150393119225,7.843824650691106,7.966384410858154,28800,0.0,0.0,AEIS,1d
1997-04-24 00:00:00-04:00,7.966385168187759,8.82430357091567,7.966385168187759,8.334064483642578,85200,0.0,0.0,AEIS,1d
1997-04-25 00:00:00-04:00,8.334063246443465,9.314541275436813,8.334063246443465,9.069421768188477,101300,0.0,0.0,AEIS,1d
1997-04-28 00:00:00-04:00,9.069423172208998,9.069423172208998,8.70174385441674,8.82430362701416,31900,0.0,0.0,AEIS,1d
1997-04-29 00:00:00-04:00,8.946860885620117,9.069420623779296,8.579181671142578,8.579181671142578,16600,0.0,0.0,AEIS,1d
1997-04-30 00:00:00-04:00,8.579185244063257,8.824304822465065,8.579185244063257,8.70174503326416,2500,0.0,0.0,AEIS,1d
1997-05-01 00:00:00-04:00,8.579182832137398,8.946862096371857,8.456623077392578,8.456623077392578,20900,0.0,0.0,AEIS,1d
1997-05-02 00:00:00-04:00,8.70174503326416,8.946864611665967,8.579185244063257,8.70174503326416,12700,0.0,0.0,AEIS,1d
1997-05-05 00:00:00-04:00,8.946862887712864,9.559661715638404,8.70174335654265,9.375822067260742,150600,0.0,0.0,AEIS,1d
1997-05-06 00:00:00-04:00,9.4371022524899,9.68222179151561,8.946863174438477,8.946863174438477,88800,0.0,0.0,AEIS,1d
1997-05-07 00:00:00-04:00,9.437101364135742,9.559661122111532,9.069422090208375,9.437101364135742,70000,0.0,0.0,AEIS,1d
1997-05-08 00:00:00-04:00,9.437101029060981,9.559660782685151,9.069421768188477,9.069421768188477,35200,0.0,0.0,AEIS,1d
1997-05-09 00:00:00-04:00,9.437102490001255,9.437102490001255,8.70174385441674,8.82430362701416,20200,0.0,0.0,AEIS,1d
1997-05-12 00:00:00-04:00,8.824304822465065,9.069424400866872,8.70174503326416,8.70174503326416,10400,0.0,0.0,AEIS,1d
1997-05-13 00:00:00-04:00,8.701743942370518,8.824303716206723,8.456624394698109,8.517904281616211,21500,0.0,0.0,AEIS,1d
1997-05-14 00:00:00-04:00,8.70174503326416,8.70174503326416,8.456625454862353,8.70174503326416,23900,0.0,0.0,AEIS,1d
1997-05-15 00:00:00-04:00,8.701742586882219,8.701742586882219,8.211503567902938,8.456623077392578,11400,0.0,0.0,AEIS,1d
1997-05-16 00:00:00-04:00,8.211504160563152,9.19198226928711,8.211504160563152,9.19198226928711,88300,0.0,0.0,AEIS,1d
1997-05-19 00:00:00-04:00,9.191980855218295,10.90781728152571,9.069421110482052,10.662697792053223,366300,0.0,0.0,AEIS,1d
1997-05-20 00:00:00-04:00,10.785261600575549,11.520620346069336,10.417582227828655,11.520620346069336,341300,0.0,0.0,AEIS,1d
1997-05-21 00:00:00-04:00,11.275500764238075,12.623658464310017,10.785261600575549,11.520620346069336,292400,0.0,0.0,AEIS,1d
1997-05-22 00:00:00-04:00,11.64317798614502,11.64317798614502,10.907819376493755,11.64317798614502,94600,0.0,0.0,AEIS,1d
1997-05-23 00:00:00-04:00,11.275498390197754,11.520617920419445,11.030378859976064,11.275498390197754,59400,0.0,0.0,AEIS,1d
1997-05-27 00:00:00-04:00,11.152939796447754,11.398059352413638,10.662700684515984,11.152939796447754,79200,0.0,0.0,AEIS,1d
1997-05-28 00:00:00-04:00,11.398059844970703,12.010858761366977,11.030380495132938,11.398059844970703,100900,0.0,0.0,AEIS,1d
1997-05-29 00:00:00-04:00,11.398060555153705,11.88829971881623,11.152940973322442,11.520620346069336,35800,0.0,0.0,AEIS,1d
1997-05-30 00:00:00-04:00,11.152939183371407,12.010857582092285,11.030379412125567,12.010857582092285,148700,0.0,0.0,AEIS,1d
1997-06-02 00:00:00-04:00,12.010858571754312,13.481575947887492,12.010858571754312,12.991336822509766,342400,0.0,0.0,AEIS,1d
1997-06-03 00:00:00-04:00,12.991336095900762,14.216933840797061,12.623656772431874,12.868776321411133,397800,0.0,0.0,AEIS,1d
1997-06-04 00:00:00-04:00,12.868777041165334,13.236456385198629,12.501097697132039,12.991336822509766,160400,0.0,0.0,AEIS,1d
1997-06-05 00:00:00-04:00,13.23645153561154,13.849250217815777,13.23645153561154,13.604130744934082,163600,0.0,0.0,AEIS,1d
1997-06-06 00:00:00-04:00,13.236455031803676,13.849253875868662,13.236455031803676,13.726694107055664,105200,0.0,0.0,AEIS,1d
1997-06-09 00:00:00-04:00,13.849254330721768,13.849254330721768,13.359015239368786,13.481575012207031,46600,0.0,0.0,AEIS,1d
1997-06-10 00:00:00-04:00,13.481576202112599,13.849255553079308,12.991337067490324,13.359016418457031,135800,0.0,0.0,AEIS,1d
1997-06-11 00:00:00-04:00,13.359013985250598,13.359013985250598,11.275498042596835,13.11389446258545,221700,0.0,0.0,AEIS,1d
1997-06-12 00:00:00-04:00,12.746217241474227,13.359016147314334,12.25597811680214,12.501097679138184,79100,0.0,0.0,AEIS,1d
1997-06-13 00:00:00-04:00,12.684936470721835,12.684936470721835,12.133417493733928,12.194697380065918,46500,0.0,0.0,AEIS,1d
1997-06-16 00:00:00-04:00,12.378536517803486,12.7462158203125,12.133416982797476,12.7462158203125,36900,0.0,0.0,AEIS,1d
1997-06-17 00:00:00-04:00,12.684936659676687,12.868776321411133,12.378537223452613,12.868776321411133,68500,0.0,0.0,AEIS,1d
1997-06-18 00:00:00-04:00,12.13341833563412,12.623657460306205,12.13341833563412,12.501097679138184,8500,0.0,0.0,AEIS,1d
1997-06-19 00:00:00-04:00,12.25597704227884,12.623656353547204,12.133417271856052,12.317256927490234,23000,0.0,0.0,AEIS,1d
1997-06-20 00:00:00-04:00,12.623657460306205,12.868777022642249,12.25597811680214,12.501097679138184,38100,0.0,0.0,AEIS,1d
1997-06-23 00:00:00-04:00,12.501097679138184,12.868777022642249,12.25597811680214,12.501097679138184,47800,0.0,0.0,AEIS,1d
1997-06-24 00:00:00-04:00,12.378537223452613,12.991336095900762,12.378537223452613,12.868776321411133,66200,0.0,0.0,AEIS,1d
1997-06-25 00:00:00-04:00,12.868775519649539,13.84925365447998,12.501096219088124,13.84925365447998,274600,0.0,0.0,AEIS,1d
1997-06-26 00:00:00-04:00,13.849253875868662,14.094373413494655,13.48157456942967,13.726694107055664,78200,0.0,0.0,AEIS,1d
1997-06-27 00:00:00-04:00,13.60413544025827,14.400774002075195,13.481575661517205,14.400774002075195,62000,0.0,0.0,AEIS,1d
1997-06-30 00:00:00-04:00,14.094372028257789,15.074850082397461,14.094372028257789,15.074850082397461,67200,0.0,0.0,AEIS,1d
1997-07-01 00:00:00-04:00,15.074850947917009,15.810209530742227,14.46205212889599,14.584611892700195,124100,0.0,0.0,AEIS,1d
1997-07-02 00:00:00-04:00,14.829731420308601,14.952291184112804,14.584611892700195,14.584611892700195,2700,0.0,0.0,AEIS,1d
1997-07-03 00:00:00-04:00,14.952290325630003,15.31996959593238,14.584611055327624,15.074850082397461,66300,0.0,0.0,AEIS,1d
1997-07-07 00:00:00-04:00,14.95229267088835,15.4425317748519,14.21693401494302,14.829732894897461,75500,0.0,0.0,AEIS,1d
1997-07-08 00:00:00-04:00,14.829730980212872,15.932768821716309,14.829730980212872,15.932768821716309,251100,0.0,0.0,AEIS,1d
1997-07-09 00:00:00-04:00,15.687650792738971,16.668128967285156,15.687650792738971,16.668128967285156,169500,0.0,0.0,AEIS,1d
1997-07-10 00:00:00-04:00,16.790684127807616,17.403482818603514,16.668124389648437,17.158363342285156,118100,0.0,0.0,AEIS,1d
1997-07-11 00:00:00-04:00,17.158366902669272,18.751643829345703,17.035807139078777,18.38396453857422,273100,0.0,0.0,AEIS,1d
1997-07-14 00:00:00-04:00,18.874202632304257,19.854680691125257,18.383963602893758,19.487001419067383,249100,0.0,0.0,AEIS,1d
1997-07-15 00:00:00-04:00,19.732120839560903,20.344919623398198,19.609561082793444,20.09980010986328,111900,0.0,0.0,AEIS,1d
1997-07-16 00:00:00-04:00,20.099804641261247,20.344924210057115,19.609565503669508,20.22236442565918,132600,0.0,0.0,AEIS,1d
1997-07-17 00:00:00-04:00,19.609557716709794,19.73211745243923,18.874199302333174,19.241878509521484,150700,0.0,0.0,AEIS,1d
1997-07-18 00:00:00-04:00,19.24188484504209,21.81564014278657,19.119325068959018,20.957721710205078,233700,0.0,0.0,AEIS,1d
1997-07-21 00:00:00-04:00,21.32540273666382,21.693082094192505,20.835163593292236,21.57052230834961,192300,0.0,0.0,AEIS,1d
1997-07-22 00:00:00-04:00,21.325395584106445,21.81563456305142,21.325395584106445,21.325395584106445,104100,0.0,0.0,AEIS,1d
1997-07-23 00:00:00-04:00,21.325404200834384,21.81564337786506,20.099806258257697,20.83516502380371,125900,0.0,0.0,AEIS,1d
1997-07-24 00:00:00-04:00,21.693079533237267,23.776595646599038,21.570519761863046,23.22507667541504,337600,0.0,0.0,AEIS,1d
1997-07-25 00:00:00-04:00,23.408917274475098,24.757074813842774,23.286357498168947,24.51195526123047,451300,0.0,0.0,AEIS,1d
1997-07-28 00:00:00-04:00,24.144280107286242,30.27226998223199,24.144280107286242,27.57595443725586,634400,0.0,0.0,AEIS,1d
1997-07-29 00:00:00-04:00,27.821068809145974,27.821068809145974,24.879634221394856,25.737552642822266,318400,0.0,0.0,AEIS,1d
1997-07-30 00:00:00-04:00,25.98266920071204,27.330826564899926,25.247310638427734,25.247310638427734,245000,0.0,0.0,AEIS,1d
1997-07-31 00:00:00-04:00,25.247313919067384,25.737553024291994,22.673558616638186,24.51195526123047,515700,0.0,0.0,AEIS,1d
1997-08-01 00:00:00-04:00,24.75707514252143,25.98267292185417,23.041238251455585,25.8601131439209,257400,0.0,0.0,AEIS,1d
1997-08-04 00:00:00-04:00,26.350352317775222,27.821069656441743,26.22779253955301,26.840591430664062,499200,0.0,0.0,AEIS,1d
1997-08-05 00:00:00-04:00,27.575946265253528,29.04666339940038,26.840587698180098,28.43386459350586,338400,0.0,0.0,AEIS,1d
1997-08-06 00:00:00-04:00,29.0466706936176,29.0466706936176,28.06619235796806,28.678991317749023,96000,0.0,0.0,AEIS,1d
1997-08-07 00:00:00-04:00,28.678991317749023,28.801551109705215,28.18875214992425,28.678991317749023,179800,0.0,0.0,AEIS,1d
1997-08-08 00:00:00-04:00,28.311305698595547,28.433865463524533,26.595468989589758,27.943626403808594,122400,0.0,0.0,AEIS,1d
1997-08-11 00:00:00-04:00,28.18874708811442,29.414344787597656,28.18874708811442,29.414344787597656,298100,0.0,0.0,AEIS,1d
1997-08-12 00:00:00-04:00,29.782021626769772,31.375298503922064,29.53690210720788,30.272260665893555,300000,0.0,0.0,AEIS,1d
1997-08-13 00:00:00-04:00,30.394828264103378,31.86554576075354,30.394828264103378,31.620426177978516,131800,0.0,0.0,AEIS,1d
1997-08-14 00:00:00-04:00,31.865539399404376,31.98809916632516,30.394822196354944,30.885061264038086,59200,0.0,0.0,AEIS,1d
1997-08-15 00:00:00-04:00,30.885061995314043,31.252741304782067,30.394822916023344,31.00762176513672,246300,0.0,0.0,AEIS,1d
1997-08-18 00:00:00-04:00,30.885061995314043,31.252741304782067,30.51738268584602,31.00762176513672,170400,0.0,0.0,AEIS,1d
1997-08-19 00:00:00-04:00,28.801546616987746,28.924106389825994,25.369872977516867,26.963150024414062,1228100,0.0,0.0,AEIS,1d
1997-08-20 00:00:00-04:00,26.84058673207353,30.39481967832984,25.49242940763148,30.149700164794922,411000,0.0,0.0,AEIS,1d
1997-08-21 00:00:00-04:00,30.149705425385505,31.620422763209188,29.04666742201774,30.394824981689453,250500,0.0,0.0,AEIS,1d
1997-08-22 00:00:00-04:00,29.659463444694143,31.742979471800755,29.0466646131922,29.904582977294922,146300,0.0,0.0,AEIS,1d
1997-08-25 00:00:00-04:00,29.904584154670623,31.62042095043041,29.659464612419224,29.782024383544922,93100,0.0,0.0,AEIS,1d
1997-08-26 00:00:00-04:00,30.02714114633166,30.517380185455444,29.414342347426935,30.272260665893555,186100,0.0,0.0,AEIS,1d
1997-08-27 00:00:00-04:00,30.639941726342723,30.885061260153464,30.027142891815867,30.088422775268555,114200,0.0,0.0,AEIS,1d
1997-08-28 00:00:00-04:00,30.39482323917342,30.639942781424818,28.311307130036532,29.782024383544922,202000,0.0,0.0,AEIS,1d
1997-08-29 00:00:00-04:00,29.53690382790944,31.865539399404376,29.414344060988654,30.885061264038086,118300,0.0,0.0,AEIS,1d
1997-09-02 00:00:00-04:00,32.11065893324595,32.72345776784988,30.517381963275728,30.885061264038086,114800,0.0,0.0,AEIS,1d
1997-09-03 00:00:00-04:00,30.885058802687777,30.885058802687777,28.801542931077886,29.536901473999023,176500,0.0,0.0,AEIS,1d
1997-09-04 00:00:00-04:00,29.659465240219895,29.904584787659726,28.433867503020725,28.92410659790039,91600,0.0,0.0,AEIS,1d
1997-09-05 00:00:00-04:00,28.924099978524172,29.414338961211023,27.453383030463623,28.004901885986328,221500,0.0,0.0,AEIS,1d
1997-09-08 00:00:00-04:00,27.94362507914449,28.31130435650165,25.737549415001503,27.88234519958496,148800,0.0,0.0,AEIS,1d
1997-09-09 00:00:00-04:00,27.821068634421138,29.291785919060143,27.821068634421138,28.92410659790039,163200,0.0,0.0,AEIS,1d
1997-09-10 00:00:00-04:00,29.4143452654647,29.536905037404136,28.311307318009774,28.372587203979492,50700,0.0,0.0,AEIS,1d
1997-09-11 00:00:00-04:00,28.311306147421558,28.678985448037423,28.06618661367765,28.495145797729492,135800,0.0,0.0,AEIS,1d
1997-09-12 00:00:00-04:00,28.55642745608375,28.92410677955264,28.311307907104492,28.311307907104492,46300,0.0,0.0,AEIS,1d
1997-09-15 00:00:00-04:00,28.311306143228986,28.801545210644207,27.453387775252352,27.69850730895996,135200,0.0,0.0,AEIS,1d
1997-09-16 00:00:00-04:00,28.066185309969143,28.43386459350586,27.821065787611335,28.43386459350586,38800,0.0,0.0,AEIS,1d
1997-09-17 00:00:00-04:00,28.862823436353928,28.862823436353928,28.066184997558594,28.066184997558594,86300,0.0,0.0,AEIS,1d
1997-09-18 00:00:00-04:00,27.94363223805147,28.43387140012255,26.963153913909313,28.127471923828125,104200,0.0,0.0,AEIS,1d
1997-09-19 00:00:00-04:00,27.698508008321127,29.53690455754598,27.698508008321127,29.414344787597656,199100,0.0,0.0,AEIS,1d
1997-09-22 00:00:00-04:00,29.65946744974687,30.39482614684803,29.29178810119629,29.29178810119629,76100,0.0,0.0,AEIS,1d
1997-09-23 00:00:00-04:00,29.291785017649335,29.90458386739095,29.16922524770101,29.414344787597656,56900,0.0,0.0,AEIS,1d
1997-09-24 00:00:00-04:00,29.414341716845502,30.027140502613115,29.169222202538457,29.536901473999023,41100,0.0,0.0,AEIS,1d
1997-09-25 00:00:00-04:00,29.29178810119629,29.782027232597063,29.29178810119629,29.29178810119629,25500,0.0,0.0,AEIS,1d
1997-09-26 00:00:00-04:00,29.291783701154035,29.90458252335391,29.291783701154035,29.353063583374023,38900,0.0,0.0,AEIS,1d
1997-09-29 00:00:00-04:00,29.291784868368566,29.782023945663436,29.291784868368566,29.62882423400879,57700,0.0,0.0,AEIS,1d
1997-09-30 00:00:00-04:00,29.65946702767682,29.65946702767682,26.472912718918153,27.759790420532227,119300,0.0,0.0,AEIS,1d
1997-10-01 00:00:00-04:00,27.453388694880008,27.821068007757866,25.737551901450008,26.0133113861084,85300,0.0,0.0,AEIS,1d
1997-10-02 00:00:00-04:00,25.98266608240307,28.004901885986328,24.51194913434252,28.004901885986328,384500,0.0,0.0,AEIS,1d
1997-10-03 00:00:00-04:00,28.556424966379375,29.659462840617202,28.188745674966764,29.16922378540039,220200,0.0,0.0,AEIS,1d
1997-10-06 00:00:00-04:00,29.414343591638513,29.904582651499155,28.06618617702175,28.34194564819336,132900,0.0,0.0,AEIS,1d
1997-10-07 00:00:00-04:00,28.92410677955264,28.92410677955264,26.595471064249672,28.311307907104492,108000,0.0,0.0,AEIS,1d
1997-10-08 00:00:00-04:00,27.943627863344936,28.43386694866678,27.943627863344936,28.18874740600586,102600,0.0,0.0,AEIS,1d
1997-10-09 00:00:00-04:00,28.066189196801954,30.394824981689453,28.066189196801954,30.394824981689453,282500,0.0,0.0,AEIS,1d
1997-10-10 00:00:00-04:00,29.659461866988828,32.110657062607736,28.924103308303152,30.272260665893555,337000,0.0,0.0,AEIS,1d
1997-10-13 00:00:00-04:00,31.620421688859633,35.297214908494475,31.497861914871805,33.27497863769531,611300,0.0,0.0,AEIS,1d
1997-10-14 00:00:00-04:00,34.19417290938528,37.380726657213295,32.96857531406681,36.093849182128906,585600,0.0,0.0,AEIS,1d
1997-10-15 00:00:00-04:00,35.78744838548743,36.27768740446671,33.45881304533585,33.82649230957031,280100,0.0,0.0,AEIS,1d
1997-10-16 00:00:00-04:00,34.19418143097466,34.80698038135055,30.762507308869672,31.068906784057617,205500,0.0,0.0,AEIS,1d
1997-10-17 00:00:00-04:00,30.394822042496475,30.394822042496475,27.45338765128714,29.904582977294922,2723900,0.0,0.0,AEIS,1d
1997-10-20 00:00:00-04:00,30.02714392579632,30.27226346804772,29.659464612419224,29.782024383544922,484200,0.0,0.0,AEIS,1d
1997-10-21 00:00:00-04:00,29.782025013939812,29.904584787659726,28.878146682755425,28.92410659790039,268000,0.0,0.0,AEIS,1d
1997-10-22 00:00:00-04:00,28.433866628011067,29.53690455754598,28.311306858062746,29.414344787597656,250400,0.0,0.0,AEIS,1d
1997-10-23 00:00:00-04:00,28.311304517187928,28.92410331626126,28.066184997558594,28.066184997558594,178000,0.0,0.0,AEIS,1d
1997-10-24 00:00:00-04:00,28.066189895808,28.188749677012403,19.119325867886673,23.623397827148438,2130000,0.0,0.0,AEIS,1d
1997-10-27 00:00:00-05:00,21.815642568227407,23.163800255027976,20.590044671135978,22.673561096191406,577900,0.0,0.0,AEIS,1d
1997-10-28 00:00:00-05:00,21.938200829075832,25.002195358276367,21.938200829075832,25.002195358276367,746400,0.0,0.0,AEIS,1d
1997-10-29 00:00:00-05:00,25.369873125528553,25.860112219741666,23.408916748676106,23.776596069335938,597100,0.0,0.0,AEIS,1d
1997-10-30 00:00:00-05:00,22.305875731677546,23.0412342722823,19.977240353095823,20.09980010986328,436400,0.0,0.0,AEIS,1d
1997-10-31 00:00:00-05:00,21.202841459986676,21.570520791662744,19.854683910507752,20.34492301940918,213400,0.0,0.0,AEIS,1d
1997-11-03 00:00:00-05:00,21.20284126237122,21.6930803667035,20.344922829789724,20.957721710205078,786600,0.0,0.0,AEIS,1d
1997-11-04 00:00:00-05:00,21.080278264651508,21.080278264651508,19.119322147009505,19.487001419067383,271600,0.0,0.0,AEIS,1d
1997-11-05 00:00:00-05:00,19.487004578831684,20.835162128310607,19.36444480160633,20.34492301940918,562700,0.0,0.0,AEIS,1d
1997-11-06 00:00:00-05:00,20.71260317983657,21.325402090482623,19.241885794286045,19.67084503173828,435300,0.0,0.0,AEIS,1d
1997-11-07 00:00:00-05:00,18.62908853894492,19.36444729706117,17.158371022712426,18.322689056396484,334800,0.0,0.0,AEIS,1d
1997-11-10 00:00:00-05:00,18.874206759405475,18.996766543557456,17.158369781277703,17.280929565429688,156500,0.0,0.0,AEIS,1d
1997-11-11 00:00:00-05:00,17.280925419019617,17.403485173764437,16.30044738106106,16.913246154785156,371200,0.0,0.0,AEIS,1d
1997-11-12 00:00:00-05:00,16.790685766665362,18.383962518246747,16.668126016543717,17.587324142456055,521300,0.0,0.0,AEIS,1d
1997-11-13 00:00:00-05:00,18.138843194369613,18.506522448309536,16.913245681236532,17.771163940429688,574700,0.0,0.0,AEIS,1d
1997-11-14 00:00:00-05:00,18.01628424481648,20.590039136933118,17.6486049745141,20.09980010986328,247000,0.0,0.0,AEIS,1d
1997-11-17 00:00:00-05:00,21.447962269638523,21.57052205403646,20.22236442565918,20.22236442565918,228100,0.0,0.0,AEIS,1d
1997-11-18 00:00:00-05:00,20.590042777683426,20.590042777683426,19.73212432861328,19.73212432861328,46000,0.0,0.0,AEIS,1d
1997-11-19 00:00:00-05:00,19.60956475673578,19.854684316194977,18.996765858087784,19.119325637817383,141300,0.0,0.0,AEIS,1d
1997-11-20 00:00:00-05:00,19.609563222188434,20.46748161315918,19.2418839117724,20.46748161315918,128700,0.0,0.0,AEIS,1d
1997-11-21 00:00:00-05:00,20.9577221129992,21.81564056206934,19.60956455017469,19.73212432861328,302400,0.0,0.0,AEIS,1d
1997-11-24 00:00:00-05:00,19.609561011904763,19.609561011904763,19.241881742931547,19.30316162109375,90800,0.0,0.0,AEIS,1d
1997-11-25 00:00:00-05:00,19.119325637817383,19.48700497700618,18.996765858087784,19.119325637817383,466500,0.0,0.0,AEIS,1d
1997-11-26 00:00:00-05:00,19.36444091796875,19.36444091796875,19.119321412678005,19.36444091796875,174600,0.0,0.0,AEIS,1d
1997-11-28 00:00:00-05:00,19.119321412678005,19.36444091796875,19.119321412678005,19.36444091796875,4000,0.0,0.0,AEIS,1d
1997-12-01 00:00:00-05:00,19.119320718865644,19.60955971165707,18.50652197787636,18.62908172607422,188700,0.0,0.0,AEIS,1d
1997-12-02 00:00:00-05:00,18.506526036416332,19.364444461945563,18.506526036416332,18.99676513671875,19300,0.0,0.0,AEIS,1d
1997-12-03 00:00:00-05:00,18.751642970295695,19.36444176017464,18.751642970295695,18.874202728271484,65900,0.0,0.0,AEIS,1d
1997-12-04 00:00:00-05:00,19.854680434006912,20.59003896859976,19.303161533062276,19.91596031188965,167800,0.0,0.0,AEIS,1d
1997-12-05 00:00:00-05:00,19.97724653173376,20.099806326406974,19.732126942387332,19.854686737060547,28700,0.0,0.0,AEIS,1d
1997-12-08 00:00:00-05:00,19.609563073446587,21.264119957768642,19.487003304237543,21.080280303955078,194000,0.0,0.0,AEIS,1d
1997-12-09 00:00:00-05:00,21.08028107147675,21.08028107147675,20.34492242944849,20.40620231628418,132500,0.0,0.0,AEIS,1d
1997-12-10 00:00:00-05:00,20.712599097908317,20.712599097908317,18.874202728271484,18.874202728271484,131300,0.0,0.0,AEIS,1d
1997-12-11 00:00:00-05:00,18.87420170224946,19.11932120487608,17.03580543254984,17.771163940429688,424700,0.0,0.0,AEIS,1d
1997-12-12 00:00:00-05:00,17.7711650462466,18.629083358824023,15.565089385333229,15.748929023742676,364600,0.0,0.0,AEIS,1d
1997-12-15 00:00:00-05:00,16.177888542545,16.177888542545,13.72669330882606,13.91053295135498,377000,0.0,0.0,AEIS,1d
1997-12-16 00:00:00-05:00,13.84925338171718,15.197410790556905,13.84925338171718,14.676531791687012,308500,0.0,0.0,AEIS,1d
1997-12-17 00:00:00-05:00,14.707171722543086,14.829731486897611,14.216932665124983,14.278212547302246,123400,0.0,0.0,AEIS,1d
1997-12-18 00:00:00-05:00,14.216933030348557,14.584612332857573,12.378536517803486,12.7462158203125,230000,0.0,0.0,AEIS,1d
1997-12-19 00:00:00-05:00,12.501098208049635,14.584614576057907,12.010859062635923,14.308855056762695,331500,0.0,0.0,AEIS,1d
1997-12-22 00:00:00-05:00,14.339492721895201,14.339492721895201,13.35901458706476,13.84925365447998,246400,0.0,0.0,AEIS,1d
1997-12-23 00:00:00-05:00,13.72669330882606,14.339492117255796,13.72669330882606,13.91053295135498,107300,0.0,0.0,AEIS,1d
1997-12-24 00:00:00-05:00,14.462052261620236,14.462052261620236,13.849253436975312,13.971813201904297,129600,0.0,0.0,AEIS,1d
1997-12-26 00:00:00-05:00,13.849253013216215,14.339492057931833,13.849253013216215,14.21693229675293,84800,0.0,0.0,AEIS,1d
1997-12-29 00:00:00-05:00,14.09437370300293,14.462053016994311,13.910534046007239,14.09437370300293,117900,0.0,0.0,AEIS,1d
1997-12-30 00:00:00-05:00,14.33949352523028,14.70717284639003,14.094373977790445,14.462053298950195,492300,0.0,0.0,AEIS,1d
1997-12-31 00:00:00-05:00,14.952293507723628,14.952293507723628,14.094375027772273,14.645894050598145,195100,0.0,0.0,AEIS,1d
1998-01-02 00:00:00-05:00,14.952292487734839,14.952292487734839,14.09437406630743,14.155653953552246,301000,0.0,0.0,AEIS,1d
1998-01-05 00:00:00-05:00,14.829735361428623,15.319974546930396,14.216936379551408,15.258694648742676,256800,0.0,0.0,AEIS,1d
1998-01-06 00:00:00-05:00,15.074848476417843,15.319967963839272,14.7071692452857,14.737809181213379,103700,0.0,0.0,AEIS,1d
1998-01-07 00:00:00-05:00,14.707171791478206,15.074851086265163,13.604133907117342,13.971813201904297,171000,0.0,0.0,AEIS,1d
1998-01-08 00:00:00-05:00,13.726693430254535,13.91053307440973,13.297734260559082,13.297734260559082,74600,0.0,0.0,AEIS,1d
1998-01-09 00:00:00-05:00,13.726695490818397,13.726695490818397,11.643179210962034,12.501097679138184,394300,0.0,0.0,AEIS,1d
1998-01-12 00:00:00-05:00,12.010857899983723,12.868776321411133,11.888298125494094,12.868776321411133,167600,0.0,0.0,AEIS,1d
1998-01-13 00:00:00-05:00,12.868777103111391,13.236456448914574,12.746217321176998,13.083256721496582,427000,0.0,0.0,AEIS,1d
1998-01-14 00:00:00-05:00,13.113895122821514,13.359014657827524,12.378536517803486,12.7462158203125,133400,0.0,0.0,AEIS,1d
1998-01-15 00:00:00-05:00,12.868774677145069,12.868774677145069,12.255975882995305,12.439815521240234,24300,0.0,0.0,AEIS,1d
1998-01-16 00:00:00-05:00,12.868776849953525,12.868776849953525,12.133418172813323,12.715577125549316,70500,0.0,0.0,AEIS,1d
1998-01-20 00:00:00-05:00,12.807494797730094,12.807494797730094,12.378535641825257,12.439815521240234,67400,0.0,0.0,AEIS,1d
1998-01-21 00:00:00-05:00,12.378537406921387,12.746216735839845,11.765738525390626,12.255977630615234,61800,0.0,0.0,AEIS,1d
1998-01-22 00:00:00-05:00,12.133418798446655,12.133418798446655,10.417581796646118,10.785261154174805,56200,0.0,0.0,AEIS,1d
1998-01-23 00:00:00-05:00,10.417580308213745,11.27549868653723,9.804781466554113,10.846539497375488,433900,0.0,0.0,AEIS,1d
1998-01-26 00:00:00-05:00,11.152939065297446,11.152939065297446,10.907819525400798,11.030379295349121,106400,0.0,0.0,AEIS,1d
1998-01-27 00:00:00-05:00,11.152940127215809,12.102778434753418,11.030380345598052,12.102778434753418,61100,0.0,0.0,AEIS,1d
1998-01-28 00:00:00-05:00,12.50109643647165,12.50109643647165,11.398058515606504,12.133417129516602,199400,0.0,0.0,AEIS,1d
1998-01-29 00:00:00-05:00,12.133418919489934,12.255978706555489,11.704459664760492,11.949579238891602,76900,0.0,0.0,AEIS,1d
1998-01-30 00:00:00-05:00,12.010858078002931,12.623656959533692,11.765738525390626,12.255977630615234,53800,0.0,0.0,AEIS,1d
1998-02-02 00:00:00-05:00,12.378537406921387,12.868776512145997,12.255977630615234,12.255977630615234,138800,0.0,0.0,AEIS,1d
1998-02-03 00:00:00-05:00,12.255977133046025,14.21693347433339,12.255977133046025,14.09437370300293,219700,0.0,0.0,AEIS,1d
1998-02-04 00:00:00-05:00,14.339493302737965,16.668128967285156,14.339493302737965,16.668128967285156,451800,0.0,0.0,AEIS,1d
1998-02-05 00:00:00-05:00,17.035806244339685,17.403485515800256,14.768450736999512,14.768450736999512,346700,0.0,0.0,AEIS,1d
1998-02-06 00:00:00-05:00,15.197414132051689,16.300452254539312,14.76845486219539,15.810213088989258,103300,0.0,0.0,AEIS,1d
1998-02-09 00:00:00-05:00,15.810209724340545,16.54556831617034,15.810209724340545,16.36172866821289,73400,0.0,0.0,AEIS,1d
1998-02-10 00:00:00-05:00,16.66813064466977,18.445247514873532,16.30045129221382,17.280929565429688,283200,0.0,0.0,AEIS,1d
1998-02-11 00:00:00-05:00,17.526044437803073,18.016283443056306,17.280924935176454,17.771163940429688,290900,0.0,0.0,AEIS,1d
1998-02-12 00:00:00-05:00,17.771164437998898,18.016283947488535,16.30044738106106,16.913246154785156,234200,0.0,0.0,AEIS,1d
1998-02-13 00:00:00-05:00,16.423007806741968,16.66812732624558,16.055328527486548,16.239168167114258,110300,0.0,0.0,AEIS,1d
1998-02-17 00:00:00-05:00,16.790690860865304,16.790690860865304,14.829734263975928,14.98293399810791,110400,0.0,0.0,AEIS,1d
1998-02-18 00:00:00-05:00,15.074849633609547,16.05532765855976,14.58461062113444,15.626368522644043,127900,0.0,0.0,AEIS,1d
1998-02-19 00:00:00-05:00,15.687651466836735,15.93277102100606,14.584613473074777,15.013572692871094,190600,0.0,0.0,AEIS,1d
1998-02-20 00:00:00-05:00,15.197410386184165,15.197410386184165,13.604133490858406,14.21693229675293,254200,0.0,0.0,AEIS,1d
1998-02-23 00:00:00-05:00,14.339492115301356,15.442529970324538,13.481573783616659,15.411890029907227,168100,0.0,0.0,AEIS,1d
1998-02-24 00:00:00-05:00,15.442529401343888,15.442529401343888,14.584611101269228,14.768450736999512,139000,0.0,0.0,AEIS,1d
1998-02-25 00:00:00-05:00,14.645893230911128,15.197412222870124,14.645893230911128,14.829732894897461,75600,0.0,0.0,AEIS,1d
1998-02-26 00:00:00-05:00,15.319972399221474,15.687651736802788,14.952293061640157,15.38125228881836,75600,0.0,0.0,AEIS,1d
1998-02-27 00:00:00-05:00,15.687651909722222,17.526048617892794,15.197412787543403,16.545570373535156,291600,0.0,0.0,AEIS,1d
1998-03-02 00:00:00-05:00,16.545571837314338,17.15837079425191,15.7489331932955,15.810213088989258,189700,0.0,0.0,AEIS,1d
1998-03-03 00:00:00-05:00,16.055322317252482,16.913240303670552,15.442523755525288,16.30044174194336,112500,0.0,0.0,AEIS,1d
1998-03-04 00:00:00-05:00,16.17788878083229,16.913247361779213,14.952291145920753,15.687649726867676,377000,0.0,0.0,AEIS,1d
1998-03-05 00:00:00-05:00,14.584611413932523,15.565089492180087,13.971812615027794,15.136130332946777,260300,0.0,0.0,AEIS,1d
1998-03-06 00:00:00-05:00,15.074852712692753,15.565091825300646,15.074852712692753,15.197412490844727,193100,0.0,0.0,AEIS,1d
1998-03-09 00:00:00-05:00,15.319971998861012,15.319971998861012,14.829732894897461,14.829732894897461,88600,0.0,0.0,AEIS,1d
1998-03-10 00:00:00-05:00,14.707171656504398,14.952291184112804,14.584611892700195,14.584611892700195,45300,0.0,0.0,AEIS,1d
1998-03-11 00:00:00-05:00,14.584612189746293,15.136131138098044,14.584612189746293,14.952291488647461,27900,0.0,0.0,AEIS,1d
1998-03-12 00:00:00-05:00,14.707172393798828,14.829732163747153,14.46205285390218,14.707172393798828,315700,0.0,0.0,AEIS,1d
1998-03-13 00:00:00-05:00,14.462052261620236,14.584612026549221,13.604133907117342,13.971813201904297,95400,0.0,0.0,AEIS,1d
1998-03-16 00:00:00-05:00,13.971813931672468,14.33949324566385,13.726694389011548,14.09437370300293,30300,0.0,0.0,AEIS,1d
1998-03-17 00:00:00-05:00,13.971813421333787,14.216932955041395,13.481574353918566,13.84925365447998,78400,0.0,0.0,AEIS,1d
1998-03-18 00:00:00-05:00,13.604137522379558,13.971816914876303,13.604137522379558,13.78797721862793,32700,0.0,0.0,AEIS,1d
1998-03-19 00:00:00-05:00,13.604137522379558,13.971816914876303,13.604137522379558,13.78797721862793,56000,0.0,0.0,AEIS,1d
1998-03-20 00:00:00-05:00,13.849252806769476,13.849252806769476,13.236454010009766,13.236454010009766,52800,0.0,0.0,AEIS,1d
1998-03-23 00:00:00-05:00,13.23645153561154,13.604130744934082,13.23645153561154,13.604130744934082,32300,0.0,0.0,AEIS,1d
1998-03-24 00:00:00-05:00,13.726695160887557,13.726695160887557,13.236456047998715,13.420295715332031,88300,0.0,0.0,AEIS,1d
1998-03-25 00:00:00-05:00,14.462055450830704,14.829734826699282,13.971816283005934,14.339495658874512,119600,0.0,0.0,AEIS,1d
1998-03-26 00:00:00-05:00,14.339492365091788,14.707171656504398,14.216932601287585,14.584611892700195,52400,0.0,0.0,AEIS,1d
1998-03-27 00:00:00-05:00,14.58461196835703,14.952291261676955,14.33949243947708,14.676531791687012,81900,0.0,0.0,AEIS,1d
1998-03-30 00:00:00-05:00,14.829731556407191,14.829731556407191,13.849253436975312,13.971813201904297,56400,0.0,0.0,AEIS,1d
1998-03-31 00:00:00-05:00,14.216932665124983,14.33949242947951,14.094372900770457,14.278212547302246,38800,0.0,0.0,AEIS,1d
1998-04-01 00:00:00-05:00,14.339493884315972,14.829732991472074,14.216934107526948,14.523333549499512,95500,0.0,0.0,AEIS,1d
1998-04-02 00:00:00-05:00,14.584614159173046,14.829733724873435,14.216934810622465,14.645894050598145,443000,0.0,0.0,AEIS,1d
1998-04-03 00:00:00-05:00,14.952290863826356,14.952290863826356,14.094372535574024,14.21693229675293,29900,0.0,0.0,AEIS,1d
1998-04-06 00:00:00-04:00,14.094372900770457,14.523332076011297,14.094372900770457,14.278212547302246,20900,0.0,0.0,AEIS,1d
1998-04-07 00:00:00-04:00,14.216931796531433,14.400771431831409,14.216931796531433,14.370131492614746,51400,0.0,0.0,AEIS,1d
1998-04-08 00:00:00-04:00,13.97181277439512,14.21693229675293,13.726693252037311,14.21693229675293,22700,0.0,0.0,AEIS,1d
1998-04-09 00:00:00-04:00,13.726697319878472,14.400776206122504,13.726697319878472,13.78797721862793,31100,0.0,0.0,AEIS,1d
1998-04-13 00:00:00-04:00,13.726694107055664,13.849253875868662,13.420294685023173,13.726694107055664,38600,0.0,0.0,AEIS,1d
1998-04-14 00:00:00-04:00,13.72669330882606,13.971812832197955,13.481573785454167,13.91053295135498,22300,0.0,0.0,AEIS,1d
1998-04-15 00:00:00-04:00,13.971814462961245,15.074852446879238,13.971814462961245,14.829732894897461,84200,0.0,0.0,AEIS,1d
1998-04-16 00:00:00-04:00,14.462051344115705,15.07485012988332,14.462051344115705,14.768450736999512,37300,0.0,0.0,AEIS,1d
1998-04-17 00:00:00-04:00,14.707173118906573,14.95229267088835,14.462053566924796,14.829732894897461,76900,0.0,0.0,AEIS,1d
1998-04-20 00:00:00-04:00,14.584612623850505,15.319971243540447,14.584612623850505,14.707172393798828,70200,0.0,0.0,AEIS,1d
1998-04-21 00:00:00-04:00,15.074852446879238,15.197412222870124,14.707173118906573,14.829732894897461,60700,0.0,0.0,AEIS,1d
1998-04-22 00:00:00-04:00,14.829730980212872,16.11660846196688,14.584611459878776,15.932768821716309,178300,0.0,0.0,AEIS,1d
1998-04-23 00:00:00-04:00,14.829730568862542,15.442529352699838,14.707170812095084,15.074850082397461,523400,0.0,0.0,AEIS,1d
1998-04-24 00:00:00-04:00,14.95229267088835,15.197412222870124,14.768453006902016,14.829732894897461,105200,0.0,0.0,AEIS,1d
1998-04-27 00:00:00-04:00,14.216933751510362,14.584613072670113,14.094373977790445,14.462053298950195,113100,0.0,0.0,AEIS,1d
1998-04-28 00:00:00-04:00,14.339492365091788,14.707171656504398,14.339492365091788,14.584611892700195,116900,0.0,0.0,AEIS,1d
1998-04-29 00:00:00-04:00,14.707171656504398,14.707171656504398,14.584611892700195,14.584611892700195,43700,0.0,0.0,AEIS,1d
1998-04-30 00:00:00-04:00,14.584611892700195,14.707171656504398,14.584611892700195,14.584611892700195,93300,0.0,0.0,AEIS,1d
1998-05-01 00:00:00-04:00,14.707172393798828,14.707172393798828,14.584612623850505,14.707172393798828,30800,0.0,0.0,AEIS,1d
1998-05-04 00:00:00-04:00,14.707171656504398,14.707171656504398,14.584611892700195,14.584611892700195,26400,0.0,0.0,AEIS,1d
1998-05-05 00:00:00-04:00,14.584611892700195,14.829731420308601,14.46205212889599,14.584611892700195,68500,0.0,0.0,AEIS,1d
1998-05-06 00:00:00-04:00,14.46205285390218,14.829732163747153,14.46205285390218,14.707172393798828,60200,0.0,0.0,AEIS,1d
1998-05-07 00:00:00-04:00,14.584612623850505,14.829732163747153,14.584612623850505,14.707172393798828,26900,0.0,0.0,AEIS,1d
1998-05-08 00:00:00-04:00,14.584612623850505,14.829732163747153,14.584612623850505,14.707172393798828,53600,0.0,0.0,AEIS,1d
1998-05-11 00:00:00-04:00,14.584611892700195,14.707171656504398,14.584611892700195,14.584611892700195,23900,0.0,0.0,AEIS,1d
1998-05-12 00:00:00-04:00,14.584614159173046,14.70717394202324,14.584614159173046,14.645894050598145,33600,0.0,0.0,AEIS,1d
1998-05-13 00:00:00-04:00,14.584614159173046,14.70717394202324,14.584614159173046,14.645894050598145,26500,0.0,0.0,AEIS,1d
1998-05-14 00:00:00-04:00,14.584611413932523,15.19741021283725,14.584611413932523,15.136130332946777,88800,0.0,0.0,AEIS,1d
1998-05-15 00:00:00-04:00,15.074853290573822,15.074853290573822,14.645894050598145,14.645894050598145,41300,0.0,0.0,AEIS,1d
1998-05-18 00:00:00-04:00,14.891012048721313,14.891012048721313,14.645892508824668,14.707172393798828,26300,0.0,0.0,AEIS,1d
1998-05-19 00:00:00-04:00,14.645893230911128,15.013572558883792,14.615253286913406,14.829732894897461,81200,0.0,0.0,AEIS,1d
1998-05-20 00:00:00-04:00,14.584611892700195,14.952291184112804,14.584611892700195,14.584611892700195,6700,0.0,0.0,AEIS,1d
1998-05-21 00:00:00-04:00,14.584611892700195,14.952291184112804,14.584611892700195,14.584611892700195,24500,0.0,0.0,AEIS,1d
1998-05-22 00:00:00-04:00,14.952291558378485,14.952291558378485,14.155653073710779,14.247572898864746,22800,0.0,0.0,AEIS,1d
1998-05-26 00:00:00-04:00,14.584611580289643,14.584611580289643,14.094372535574024,14.21693229675293,111100,0.0,0.0,AEIS,1d
1998-05-27 00:00:00-04:00,14.21693229675293,14.339492057931833,14.094372535574024,14.21693229675293,142900,0.0,0.0,AEIS,1d
1998-05-28 00:00:00-04:00,14.21693229675293,14.400771938521286,14.094372535574024,14.21693229675293,26000,0.0,0.0,AEIS,1d
1998-05-29 00:00:00-04:00,14.27821261422676,14.339492496691252,13.971813201904297,13.971813201904297,124600,0.0,0.0,AEIS,1d
1998-06-01 00:00:00-04:00,13.849255553079308,13.849255553079308,13.359016418457031,13.359016418457031,99500,0.0,0.0,AEIS,1d
1998-06-02 00:00:00-04:00,13.910534795426644,13.910534795426644,12.255977793327439,12.93005657196045,62700,0.0,0.0,AEIS,1d
1998-06-03 00:00:00-04:00,12.991336803810269,13.11389658497829,12.501097679138184,12.501097679138184,25600,0.0,0.0,AEIS,1d
1998-06-04 00:00:00-04:00,12.746215518158262,12.746215518158262,12.25597645976756,12.378536224365234,12800,0.0,0.0,AEIS,1d
1998-06-05 00:00:00-04:00,12.746215974441682,12.746215974441682,12.133417129516602,12.133417129516602,32100,0.0,0.0,AEIS,1d
1998-06-08 00:00:00-04:00,12.501096811725866,12.501096811725866,12.133417493733928,12.194697380065918,40100,0.0,0.0,AEIS,1d
1998-06-09 00:00:00-04:00,12.255976898501618,12.50109643647165,12.133417129516602,12.133417129516602,20400,0.0,0.0,AEIS,1d
1998-06-10 00:00:00-04:00,11.704457568085711,11.704457568085711,10.907819094865218,11.275498390197754,149600,0.0,0.0,AEIS,1d
1998-06-11 00:00:00-04:00,11.152939065297446,11.33677872021993,11.030379295349121,11.030379295349121,100300,0.0,0.0,AEIS,1d
1998-06-12 00:00:00-04:00,10.785259755452474,11.030379295349121,10.785259755452474,11.030379295349121,149500,0.0,0.0,AEIS,1d
1998-06-15 00:00:00-04:00,11.030381182406812,11.765739927900599,11.030381182406812,11.520620346069336,29400,0.0,0.0,AEIS,1d
1998-06-16 00:00:00-04:00,11.52061913039658,11.52061913039658,11.030380018464811,11.152939796447754,38100,0.0,0.0,AEIS,1d
1998-06-17 00:00:00-04:00,11.275498390197754,11.520617920419445,11.030378859976064,11.275498390197754,38600,0.0,0.0,AEIS,1d
1998-06-18 00:00:00-04:00,11.275499574430697,11.275499574430697,11.152939796447754,11.152939796447754,8100,0.0,0.0,AEIS,1d
1998-06-19 00:00:00-04:00,11.15293862508691,11.275498390197754,11.15293862508691,11.275498390197754,3900,0.0,0.0,AEIS,1d
1998-06-22 00:00:00-04:00,11.275498390197754,11.275498390197754,11.15293862508691,11.275498390197754,4100,0.0,0.0,AEIS,1d
1998-06-23 00:00:00-04:00,11.152940278412194,11.520619628249959,11.152940278412194,11.398059844970703,16500,0.0,0.0,AEIS,1d
1998-06-24 00:00:00-04:00,11.765737915039063,11.765737915039063,11.030379295349121,11.030379295349121,36100,0.0,0.0,AEIS,1d
1998-06-25 00:00:00-04:00,11.275498390197754,11.275498390197754,11.030378859976064,11.275498390197754,42600,0.0,0.0,AEIS,1d
1998-06-26 00:00:00-04:00,11.275499574430697,11.398059352413638,11.152939796447754,11.152939796447754,42300,0.0,0.0,AEIS,1d
1998-06-29 00:00:00-04:00,11.398059844970703,11.643179411529212,11.152940278412194,11.398059844970703,54800,0.0,0.0,AEIS,1d
1998-06-30 00:00:00-04:00,11.398059844970703,11.765739194808468,11.152940278412194,11.398059844970703,69700,0.0,0.0,AEIS,1d
1998-07-01 00:00:00-04:00,11.70445674753444,11.70445674753444,11.398057356237727,11.45933723449707,34100,0.0,0.0,AEIS,1d
1998-07-02 00:00:00-04:00,11.520617112756412,11.520617112756412,11.45933723449707,11.45933723449707,22500,0.0,0.0,AEIS,1d
1998-07-06 00:00:00-04:00,11.398057356237727,11.45933723449707,11.398057356237727,11.45933723449707,19100,0.0,0.0,AEIS,1d
1998-07-07 00:00:00-04:00,11.398059352413638,11.52061913039658,11.152939796447754,11.152939796447754,37300,0.0,0.0,AEIS,1d
1998-07-08 00:00:00-04:00,11.152939796447754,11.398059352413638,11.152939796447754,11.152939796447754,12300,0.0,0.0,AEIS,1d
1998-07-09 00:00:00-04:00,11.152940278412194,11.398059844970703,11.152940278412194,11.398059844970703,18100,0.0,0.0,AEIS,1d
1998-07-10 00:00:00-04:00,11.152939796447754,11.45933924140511,11.152939796447754,11.152939796447754,28800,0.0,0.0,AEIS,1d
1998-07-13 00:00:00-04:00,10.907820240481868,11.52061913039658,10.907820240481868,11.152939796447754,14400,0.0,0.0,AEIS,1d
1998-07-14 00:00:00-04:00,11.520617920419445,11.520617920419445,11.091658742531486,11.275498390197754,8300,0.0,0.0,AEIS,1d
1998-07-15 00:00:00-04:00,11.275498746621489,12.19469701400911,11.152938977636472,12.133417129516602,160600,0.0,0.0,AEIS,1d
1998-07-16 00:00:00-04:00,12.562375871261748,12.746215518158262,12.133416695169883,12.378536224365234,100100,0.0,0.0,AEIS,1d
1998-07-17 00:00:00-04:00,12.133417814970016,12.50109714269638,11.643178711334864,11.765738487243652,17100,0.0,0.0,AEIS,1d
1998-07-20 00:00:00-04:00,12.072137339909872,12.072137339909872,10.785259755452474,11.030379295349121,58200,0.0,0.0,AEIS,1d
1998-07-21 00:00:00-04:00,11.030379436055169,11.336778864834478,10.78525989303172,11.214219093322754,42900,0.0,0.0,AEIS,1d
1998-07-22 00:00:00-04:00,11.152939207566892,11.214219093322754,11.152939207566892,11.214219093322754,8800,0.0,0.0,AEIS,1d
1998-07-23 00:00:00-04:00,11.214219093322754,11.765738065125513,11.152939207566892,11.214219093322754,100700,0.0,0.0,AEIS,1d
1998-07-24 00:00:00-04:00,11.214218882627266,11.398058536440828,10.540140151977539,10.540140151977539,33300,0.0,0.0,AEIS,1d
1998-07-27 00:00:00-04:00,10.785261931242767,10.785261931242767,9.559663984510633,9.927343368530273,40000,0.0,0.0,AEIS,1d
1998-07-28 00:00:00-04:00,9.804780497353459,10.540139034654967,9.804780497353459,10.35629940032959,41700,0.0,0.0,AEIS,1d
1998-07-29 00:00:00-04:00,10.417580461787606,10.417580461787606,9.927341381232896,10.23374080657959,20000,0.0,0.0,AEIS,1d
1998-07-30 00:00:00-04:00,10.172461282639276,10.417580831618535,10.11118139539446,10.295021057128906,14000,0.0,0.0,AEIS,1d
1998-07-31 00:00:00-04:00,10.29501952222113,10.41757927843805,10.049900009787294,10.35629940032959,20900,0.0,0.0,AEIS,1d
1998-08-03 00:00:00-04:00,10.049900009787294,10.35629940032959,10.049900009787294,10.35629940032959,14500,0.0,0.0,AEIS,1d
1998-08-04 00:00:00-04:00,10.540139840319267,10.540139840319267,9.314542184468188,9.375822067260742,33000,0.0,0.0,AEIS,1d
1998-08-05 00:00:00-04:00,9.314543259449495,9.80478237836789,9.314543259449495,9.559662818908691,14900,0.0,0.0,AEIS,1d
1998-08-06 00:00:00-04:00,9.559663183038886,10.172462105028558,9.559663183038886,10.11118221282959,66900,0.0,0.0,AEIS,1d
1998-08-07 00:00:00-04:00,10.295022717644187,10.846541791803697,10.295022717644187,10.417582511901855,50600,0.0,0.0,AEIS,1d
1998-08-10 00:00:00-04:00,10.601420729993338,10.662700618606015,10.17246150970459,10.17246150970459,28400,0.0,0.0,AEIS,1d
1998-08-11 00:00:00-04:00,10.049901831964528,10.295021388841713,9.804782275087344,9.86606216430664,23500,0.0,0.0,AEIS,1d
1998-08-12 00:00:00-04:00,9.927342653274536,10.049902439117432,9.55966329574585,9.80478286743164,47900,0.0,0.0,AEIS,1d
1998-08-13 00:00:00-04:00,8.946862096371857,9.191981605861498,8.425983138706373,8.456623077392578,180400,0.0,0.0,AEIS,1d
1998-08-14 00:00:00-04:00,8.579182753691802,9.191981521812645,8.579182753691802,9.069421768188477,73700,0.0,0.0,AEIS,1d
1998-08-17 00:00:00-04:00,9.191981757559427,10.04990005493164,9.191981757559427,10.04990005493164,51400,0.0,0.0,AEIS,1d
1998-08-18 00:00:00-04:00,9.927339444347739,10.17245893680077,9.927339444347739,10.14181900024414,48200,0.0,0.0,AEIS,1d
1998-08-19 00:00:00-04:00,10.049900009787294,10.41757927843805,10.049900009787294,10.35629940032959,93700,0.0,0.0,AEIS,1d
1998-08-20 00:00:00-04:00,10.049901508149647,10.417580831618535,10.049901508149647,10.295021057128906,19300,0.0,0.0,AEIS,1d
1998-08-21 00:00:00-04:00,10.172459334469913,11.030377591593883,10.172459334469913,10.907817840576172,81100,0.0,0.0,AEIS,1d
1998-08-24 00:00:00-04:00,10.78525845831333,10.969098091125488,10.662698703105223,10.969098091125488,48900,0.0,0.0,AEIS,1d
1998-08-25 00:00:00-04:00,10.785261154174805,10.785261154174805,9.80478286743164,9.80478286743164,32900,0.0,0.0,AEIS,1d
1998-08-26 00:00:00-04:00,9.559660782685151,9.68222053630932,9.069421768188477,9.069421768188477,21600,0.0,0.0,AEIS,1d
1998-08-27 00:00:00-04:00,8.701741409301757,8.701741409301757,8.456621932983397,8.579181671142578,47500,0.0,0.0,AEIS,1d
1998-08-28 00:00:00-04:00,8.395341026223523,8.70174033374993,8.334061164718243,8.487260818481445,24900,0.0,0.0,AEIS,1d
1998-08-31 00:00:00-04:00,8.33406478881836,8.33406478881836,6.127988815307617,6.127988815307617,52200,0.0,0.0,AEIS,1d
1998-09-01 00:00:00-04:00,6.6182270490206205,7.966384410858154,5.88286848801833,7.966384410858154,103700,0.0,0.0,AEIS,1d
1998-09-02 00:00:00-04:00,7.598706245422363,7.966385579878284,7.598706245422363,7.598706245422363,13400,0.0,0.0,AEIS,1d
1998-09-03 00:00:00-04:00,7.598705736796061,7.721265506744385,7.047186772028605,7.353586196899414,21400,0.0,0.0,AEIS,1d
1998-09-04 00:00:00-04:00,7.23102642695109,7.476145966847738,7.169746541976929,7.353586196899414,14700,0.0,0.0,AEIS,1d
1998-09-08 00:00:00-04:00,7.414865861173536,7.659985393774313,7.353585978023341,7.4761457443237305,16400,0.0,0.0,AEIS,1d
1998-09-09 00:00:00-04:00,7.414865861173536,7.721265276924508,7.414865861173536,7.4761457443237305,21000,0.0,0.0,AEIS,1d
1998-09-10 00:00:00-04:00,7.782545912650323,7.782545912650323,7.231026910966442,7.598706245422363,26300,0.0,0.0,AEIS,1d
1998-09-11 00:00:00-04:00,7.476147508996679,7.7825469970703125,7.476147508996679,7.7825469970703125,19600,0.0,0.0,AEIS,1d
1998-09-14 00:00:00-04:00,7.659985010440534,8.088944171025203,7.659985010440534,7.966384410858154,21600,0.0,0.0,AEIS,1d
1998-09-15 00:00:00-04:00,8.08894101479896,8.334060439489837,7.966381302453521,8.15022087097168,43700,0.0,0.0,AEIS,1d
1998-09-16 00:00:00-04:00,8.211503567902938,8.456623077392578,8.211503567902938,8.456623077392578,11600,0.0,0.0,AEIS,1d
1998-09-17 00:00:00-04:00,8.334063743477437,8.334063743477437,7.84382469974347,8.211503982543945,12900,0.0,0.0,AEIS,1d
1998-09-18 00:00:00-04:00,8.334062980883049,8.334062980883049,8.088943481445312,8.088943481445312,4800,0.0,0.0,AEIS,1d
1998-09-21 00:00:00-04:00,7.8438215901080826,8.272780583317118,7.8438215901080826,8.15022087097168,12300,0.0,0.0,AEIS,1d
1998-09-22 00:00:00-04:00,8.211500727144399,8.211500727144399,8.08894101479896,8.15022087097168,8600,0.0,0.0,AEIS,1d
1998-09-23 00:00:00-04:00,8.1502241020772,8.211503982543945,8.1502241020772,8.211503982543945,12400,0.0,0.0,AEIS,1d
1998-09-24 00:00:00-04:00,8.211500727144399,8.211500727144399,8.15022087097168,8.15022087097168,4600,0.0,0.0,AEIS,1d
1998-09-25 00:00:00-04:00,8.180860799058038,8.180860799058038,7.905101446280802,8.15022087097168,31100,0.0,0.0,AEIS,1d
1998-09-28 00:00:00-04:00,8.02766532740317,8.088945215398615,7.292306671457842,7.4148664474487305,29000,0.0,0.0,AEIS,1d
1998-09-29 00:00:00-04:00,7.353585978023341,7.598705510624119,7.353585978023341,7.4761457443237305,76600,0.0,0.0,AEIS,1d
1998-09-30 00:00:00-04:00,7.476147309327737,7.598707101283929,7.169747829437256,7.169747829437256,9000,0.0,0.0,AEIS,1d
1998-10-01 00:00:00-04:00,7.598705510624119,7.598705510624119,7.169746328572757,7.4761457443237305,23400,0.0,0.0,AEIS,1d
1998-10-02 00:00:00-04:00,7.4761457443237305,7.598705510624119,7.169746328572757,7.4761457443237305,20900,0.0,0.0,AEIS,1d
1998-10-05 00:00:00-04:00,7.476147309327737,7.476147309327737,7.169747829437256,7.169747829437256,49400,0.0,0.0,AEIS,1d
1998-10-06 00:00:00-04:00,7.169746248345626,7.476145660668088,6.985906600952148,6.985906600952148,137900,0.0,0.0,AEIS,1d
1998-10-07 00:00:00-04:00,6.924625108907889,7.10846471356916,6.679505636026193,6.802065372467041,52100,0.0,0.0,AEIS,1d
1998-10-08 00:00:00-04:00,6.618227005004883,6.985906283060709,6.189267847273085,6.618227005004883,129600,0.0,0.0,AEIS,1d
1998-10-09 00:00:00-04:00,6.863346523708767,6.863346523708767,6.373107486300998,6.618227005004883,114800,0.0,0.0,AEIS,1d
1998-10-12 00:00:00-04:00,7.108466477520698,7.476145778082113,6.863346943813088,6.92462682723999,158500,0.0,0.0,AEIS,1d
1998-10-13 00:00:00-04:00,6.985906822340829,6.985906822340829,6.863347053527832,6.863347053527832,205100,0.0,0.0,AEIS,1d
1998-10-14 00:00:00-04:00,7.047186483416641,7.047186483416641,6.8633468360231635,6.985906600952148,137800,0.0,0.0,AEIS,1d
1998-10-15 00:00:00-04:00,6.924626506608107,7.169746028965917,6.924626506608107,7.108466148376465,30800,0.0,0.0,AEIS,1d
1998-10-16 00:00:00-04:00,7.353585406047542,7.59870491958246,7.353585406047542,7.5374250411987305,25100,0.0,0.0,AEIS,1d
1998-10-19 00:00:00-04:00,5.882868536587419,7.108466148376465,5.515189253050705,7.108466148376465,160500,0.0,0.0,AEIS,1d
1998-10-20 00:00:00-04:00,7.353585978023341,7.537425627473925,6.9859066791221744,7.4761457443237305,74000,0.0,0.0,AEIS,1d
1998-10-21 00:00:00-04:00,7.353586689118416,7.598706245422363,7.353586689118416,7.598706245422363,23300,0.0,0.0,AEIS,1d
1998-10-22 00:00:00-04:00,8.94686191067374,10.78525819368889,8.885582034573234,9.988619804382324,321600,0.0,0.0,AEIS,1d
1998-10-23 00:00:00-04:00,9.988621114429675,12.010857290970652,9.988621114429675,11.64317798614502,354900,0.0,0.0,AEIS,1d
1998-10-26 00:00:00-05:00,11.643177617794622,12.010856910988137,11.275498324601108,11.581897735595703,171800,0.0,0.0,AEIS,1d
1998-10-27 00:00:00-05:00,11.643180136984968,11.88829971881623,11.520620346069336,11.520620346069336,140500,0.0,0.0,AEIS,1d
1998-10-28 00:00:00-05:00,11.459338400099012,12.255976898501618,11.398058515606504,12.133417129516602,331300,0.0,0.0,AEIS,1d
1998-10-29 00:00:00-05:00,11.888297165974532,12.991335047353612,11.765737401376857,12.378536224365234,146200,0.0,0.0,AEIS,1d
1998-10-30 00:00:00-05:00,12.194697561718169,12.868776321411133,12.194697561718169,12.868776321411133,115900,0.0,0.0,AEIS,1d
1998-11-02 00:00:00-05:00,12.378536812701629,12.746216123969994,12.25597704227884,12.317256927490234,64700,0.0,0.0,AEIS,1d
1998-11-03 00:00:00-05:00,12.255977266397908,12.317257152729898,12.133417493733928,12.194697380065918,66000,0.0,0.0,AEIS,1d
1998-11-04 00:00:00-05:00,12.317258007386151,12.501097679138184,12.25597811680214,12.501097679138184,59500,0.0,0.0,AEIS,1d
1998-11-05 00:00:00-05:00,12.378538149212478,13.359016418457031,12.194698473729124,13.359016418457031,117900,0.0,0.0,AEIS,1d
1998-11-06 00:00:00-05:00,13.175174936784053,13.84925365447998,13.175174936784053,13.84925365447998,110900,0.0,0.0,AEIS,1d
1998-11-09 00:00:00-05:00,13.726695033482143,15.44253191266741,13.726695033482143,15.013572692871094,208000,0.0,0.0,AEIS,1d
1998-11-10 00:00:00-05:00,15.074850082397461,15.31996959593238,14.891010447246272,15.074850082397461,153700,0.0,0.0,AEIS,1d
1998-11-11 00:00:00-05:00,15.19740433083441,16.361721598116077,15.19740433083441,16.30044174194336,468700,0.0,0.0,AEIS,1d
1998-11-12 00:00:00-05:00,16.177889465332033,16.177889465332033,15.319971084594727,15.319971084594727,128800,0.0,0.0,AEIS,1d
1998-11-13 00:00:00-05:00,15.19741232183915,15.19741232183915,13.604135223581821,14.523333549499512,151800,0.0,0.0,AEIS,1d
1998-11-16 00:00:00-05:00,13.726694234212239,15.197411473592123,13.35901492436727,14.707172393798828,139800,0.0,0.0,AEIS,1d
1998-11-17 00:00:00-05:00,14.645890933711355,15.442529352699838,14.216931785025247,15.074850082397461,75700,0.0,0.0,AEIS,1d
1998-11-18 00:00:00-05:00,15.319970116686465,16.545567726021382,15.319970116686465,16.42300796508789,206000,0.0,0.0,AEIS,1d
1998-11-19 00:00:00-05:00,16.606844520568846,17.342202949523926,16.545564651489258,17.158363342285156,181300,0.0,0.0,AEIS,1d
1998-11-20 00:00:00-05:00,17.158365183863147,17.893723691742995,17.158365183863147,17.771163940429688,171600,0.0,0.0,AEIS,1d
1998-11-23 00:00:00-05:00,17.648605148513596,19.119322244223063,17.648605148513596,18.874202728271484,239300,0.0,0.0,AEIS,1d
1998-11-24 00:00:00-05:00,18.874203617961264,19.241882909220248,18.874203617961264,19.18060302734375,139600,0.0,0.0,AEIS,1d
1998-11-25 00:00:00-05:00,19.11931635709417,19.11931635709417,17.52603999400299,18.261398315429688,312700,0.0,0.0,AEIS,1d
1998-11-27 00:00:00-05:00,18.261398315429688,18.383958035667472,18.01627887495412,18.261398315429688,104100,0.0,0.0,AEIS,1d
1998-11-30 00:00:00-05:00,18.26140294568292,18.383962696996228,17.526044437803073,17.771163940429688,172800,0.0,0.0,AEIS,1d
1998-12-01 00:00:00-05:00,17.464766721422176,17.587326487888298,17.280927071722996,17.342206954956055,119300,0.0,0.0,AEIS,1d
1998-12-02 00:00:00-05:00,17.280929188151937,17.40348896962819,15.381252575269984,16.72941017150879,186200,0.0,0.0,AEIS,1d
1998-12-03 00:00:00-05:00,16.729408002367208,19.119323431276808,16.729408002367208,18.751644134521484,620500,0.0,0.0,AEIS,1d
1998-12-04 00:00:00-05:00,18.751646101104548,19.793404217832578,18.69036621188525,19.73212432861328,634900,0.0,0.0,AEIS,1d
1998-12-07 00:00:00-05:00,19.60956573486328,19.977245092391968,19.241886377334595,19.60956573486328,78800,0.0,0.0,AEIS,1d
1998-12-08 00:00:00-05:00,19.425726056098938,19.854685306549072,19.241886377334595,19.60956573486328,159600,0.0,0.0,AEIS,1d
1998-12-09 00:00:00-05:00,19.364442962447022,19.60956249361724,18.016285541010838,18.751644134521484,187800,0.0,0.0,AEIS,1d
1998-12-10 00:00:00-05:00,18.62908172607422,18.62908172607422,18.50652197787636,18.62908172607422,113700,0.0,0.0,AEIS,1d
1998-12-11 00:00:00-05:00,18.56780301024582,18.629082888167424,18.383963376481013,18.50652313232422,81600,0.0,0.0,AEIS,1d
1998-12-14 00:00:00-05:00,18.200124384806706,18.26140426489023,15.932768821716309,15.932768821716309,128700,0.0,0.0,AEIS,1d
1998-12-15 00:00:00-05:00,15.87148698980158,16.91324482310902,15.87148698980158,16.851964950561523,134200,0.0,0.0,AEIS,1d
1998-12-16 00:00:00-05:00,16.85197131578312,17.15837079425191,15.810213088989258,15.810213088989258,47900,0.0,0.0,AEIS,1d
1998-12-17 00:00:00-05:00,15.932768041437322,17.526044845581055,15.932768041437322,17.526044845581055,60100,0.0,0.0,AEIS,1d
1998-12-18 00:00:00-05:00,17.77116168076825,19.73211745243923,17.77116168076825,19.241878509521484,151500,0.0,0.0,AEIS,1d
1998-12-21 00:00:00-05:00,19.48700116671049,20.222359701303336,19.241881655179537,19.91596031188965,153000,0.0,0.0,AEIS,1d
1998-12-22 00:00:00-05:00,19.609560423259495,19.915959804872923,19.241881165323377,19.36444091796875,86400,0.0,0.0,AEIS,1d
1998-12-23 00:00:00-05:00,19.364443651835124,22.550997670491537,19.364443651835124,22.060758590698242,301400,0.0,0.0,AEIS,1d
1998-12-24 00:00:00-05:00,21.693080702980794,22.305879592895508,21.570520924997854,22.305879592895508,64100,0.0,0.0,AEIS,1d
1998-12-28 00:00:00-05:00,21.81563932908689,22.48971807240137,21.81563932908689,22.428438186645508,49900,0.0,0.0,AEIS,1d
1998-12-29 00:00:00-05:00,22.305880556824388,22.97995936486029,22.060760990265877,22.796119689941406,74400,0.0,0.0,AEIS,1d
1998-12-30 00:00:00-05:00,22.918675791422526,23.04123555501302,22.305876973470053,22.979955673217773,83600,0.0,0.0,AEIS,1d
1998-12-31 00:00:00-05:00,22.55099884033203,25.247313919067384,22.42843906402588,24.51195526123047,108600,0.0,0.0,AEIS,1d
1999-01-04 00:00:00-05:00,24.818352127075197,25.063471654256187,22.550996500651042,22.979955673217773,153400,0.0,0.0,AEIS,1d
1999-01-05 00:00:00-05:00,22.79611761282876,23.8991555618366,22.673557840716775,23.408916473388672,112800,0.0,0.0,AEIS,1d
1999-01-06 00:00:00-05:00,24.144274062393976,27.208268232748544,24.021714295579795,26.1052303314209,289800,0.0,0.0,AEIS,1d
1999-01-07 00:00:00-05:00,25.73755623637766,26.472914985988453,25.369876861572266,25.369876861572266,138200,0.0,0.0,AEIS,1d
1999-01-08 00:00:00-05:00,25.737551030978352,27.882346950226548,24.87963266327907,26.1052303314209,195700,0.0,0.0,AEIS,1d
1999-01-11 00:00:00-05:00,26.41163140251523,26.41163140251523,25.614992868332635,25.737552642822266,263200,0.0,0.0,AEIS,1d
1999-01-12 00:00:00-05:00,25.492434519641805,25.98267364501953,25.24731495695294,25.98267364501953,300400,0.0,0.0,AEIS,1d
1999-01-13 00:00:00-05:00,25.247314254254526,26.350352255653995,24.879634920454702,25.8601131439209,49600,0.0,0.0,AEIS,1d
1999-01-14 00:00:00-05:00,25.8601131439209,26.350352255653995,25.737553365987623,25.8601131439209,65300,0.0,0.0,AEIS,1d
1999-01-15 00:00:00-05:00,25.860111219542368,27.453388214111328,25.860111219542368,27.453388214111328,214000,0.0,0.0,AEIS,1d
1999-01-19 00:00:00-05:00,27.085708916324307,27.453388222880747,26.472910072063577,26.656749725341797,95500,0.0,0.0,AEIS,1d
1999-01-20 00:00:00-05:00,26.534187795889324,27.5759457463053,26.411628037016854,27.08570671081543,222400,0.0,0.0,AEIS,1d
1999-01-21 00:00:00-05:00,26.963148250136264,27.08570801490961,26.35034942626953,26.35034942626953,277700,0.0,0.0,AEIS,1d
1999-01-22 00:00:00-05:00,26.840588932305995,26.840588932305995,26.1052303314209,26.1052303314209,161400,0.0,0.0,AEIS,1d
1999-01-25 00:00:00-05:00,26.105231966291154,26.227791740780784,25.737552642822266,25.737552642822266,291500,0.0,0.0,AEIS,1d
1999-01-26 00:00:00-05:00,25.737554082330668,25.98267364501953,25.614994300986236,25.98267364501953,216700,0.0,0.0,AEIS,1d
1999-01-27 00:00:00-05:00,25.860110797792533,26.411629748456356,25.860110797792533,26.1052303314209,108600,0.0,0.0,AEIS,1d
1999-01-28 00:00:00-05:00,26.04395353569175,26.77931222375834,22.91867911140874,25.98267364501953,133700,0.0,0.0,AEIS,1d
1999-01-29 00:00:00-05:00,25.7375505144504,28.67898485895902,25.49243098574135,28.556425094604492,475700,0.0,0.0,AEIS,1d
1999-02-01 00:00:00-05:00,28.80154449398778,29.414343313008796,28.43386520257517,29.16922378540039,114500,0.0,0.0,AEIS,1d
1999-02-02 00:00:00-05:00,29.291782646422174,29.291782646422174,28.80154360631469,28.862823486328125,137200,0.0,0.0,AEIS,1d
1999-02-03 00:00:00-05:00,28.80154593785604,29.90458386739095,28.80154593785604,29.414344787597656,100200,0.0,0.0,AEIS,1d
1999-02-04 00:00:00-05:00,29.291786652577073,29.4143464293661,28.92410732221,29.046667098999023,75500,0.0,0.0,AEIS,1d
1999-02-05 00:00:00-05:00,29.04666285277492,29.04666285277492,26.96314695194296,27.08570671081543,231700,0.0,0.0,AEIS,1d
1999-02-08 00:00:00-05:00,28.31130556589544,28.92410438766807,27.45338721541376,28.556425094604492,260800,0.0,0.0,AEIS,1d
1999-02-09 00:00:00-05:00,28.433866816276186,28.433866816276186,27.330828879437885,27.60658836364746,35500,0.0,0.0,AEIS,1d
1999-02-10 00:00:00-05:00,27.575949168526005,27.575949168526005,26.472911201784964,27.330829620361328,74600,0.0,0.0,AEIS,1d
1999-02-11 00:00:00-05:00,27.208268676485336,27.698507751737324,27.208268676485336,27.453388214111328,146300,0.0,0.0,AEIS,1d
1999-02-12 00:00:00-05:00,27.208266576131184,27.208266576131184,26.47290802001953,26.47290802001953,230800,0.0,0.0,AEIS,1d
1999-02-16 00:00:00-05:00,26.59547229018508,26.59547229018508,25.369874488794064,25.614994049072266,172300,0.0,0.0,AEIS,1d
1999-02-17 00:00:00-05:00,25.12475517560851,26.840592114430553,25.12475517560851,25.98267364501953,592700,0.0,0.0,AEIS,1d
1999-02-18 00:00:00-05:00,26.227794432028745,26.227794432028745,23.899158477783203,23.899158477783203,80200,0.0,0.0,AEIS,1d
1999-02-19 00:00:00-05:00,23.776594331949063,25.86011033010955,22.918675979765336,24.75707244873047,227200,0.0,0.0,AEIS,1d
1999-02-22 00:00:00-05:00,24.144278051914313,24.511957413110977,23.654038903652093,23.899158477783203,161600,0.0,0.0,AEIS,1d
1999-02-23 00:00:00-05:00,23.899158477783203,24.021718264848758,23.77659869071765,23.899158477783203,194600,0.0,0.0,AEIS,1d
1999-02-24 00:00:00-05:00,23.776595807457408,27.20826942915229,23.776595807457408,26.77931022644043,328200,0.0,0.0,AEIS,1d
1999-02-25 00:00:00-05:00,26.227790098235083,27.208268232748544,25.492431497349987,26.1052303314209,178000,0.0,0.0,AEIS,1d
1999-02-26 00:00:00-05:00,25.49242965896408,25.61498941693987,17.526045390537806,18.874202728271484,1572600,0.0,0.0,AEIS,1d
1999-03-01 00:00:00-05:00,19.854685306549072,20.46748423576355,19.36444616317749,19.60956573486328,532500,0.0,0.0,AEIS,1d
1999-03-02 00:00:00-05:00,19.91596399627117,20.283643331586944,19.60956455017469,19.73212432861328,457200,0.0,0.0,AEIS,1d
1999-03-03 00:00:00-05:00,19.854677188168665,20.09979665962754,18.935479170197894,19.241878509521484,145500,0.0,0.0,AEIS,1d
1999-03-04 00:00:00-05:00,19.48700151815043,19.732121034102008,18.874202728271484,18.874202728271484,168900,0.0,0.0,AEIS,1d
1999-03-05 00:00:00-05:00,19.18060470762707,20.590042114257812,19.119324820382253,20.590042114257812,1040100,0.0,0.0,AEIS,1d
1999-03-08 00:00:00-05:00,21.815638098386255,25.002191977925822,21.815638098386255,24.75707244873047,705100,0.0,0.0,AEIS,1d
1999-03-09 00:00:00-05:00,24.757074540036584,24.757074540036584,23.6540365654805,24.144275665283203,751900,0.0,0.0,AEIS,1d
1999-03-10 00:00:00-05:00,23.89915539293873,24.38939447792209,23.89915539293873,24.02171516418457,154300,0.0,0.0,AEIS,1d
1999-03-11 00:00:00-05:00,23.89915297184084,25.00219080131042,23.89915297184084,24.87963104248047,318900,0.0,0.0,AEIS,1d
1999-03-12 00:00:00-05:00,24.879640667829072,25.063480377197266,23.868522266303998,25.063480377197266,110500,0.0,0.0,AEIS,1d
1999-03-15 00:00:00-05:00,24.757074446905225,25.982672191801523,24.757074446905225,25.737552642822266,95100,0.0,0.0,AEIS,1d
1999-03-16 00:00:00-05:00,25.676273810145364,26.227792818000516,24.757075463720113,25.431154251098633,538600,0.0,0.0,AEIS,1d
1999-03-17 00:00:00-05:00,25.79883312325489,25.982672789216327,25.124754348062957,25.676273345947266,101900,0.0,0.0,AEIS,1d
1999-03-18 00:00:00-05:00,25.61499005694722,25.61499005694722,25.002191251757093,25.0328311920166,75800,0.0,0.0,AEIS,1d
1999-03-19 00:00:00-05:00,25.002196561373196,25.492435709635416,23.77659869071765,23.899158477783203,143800,0.0,0.0,AEIS,1d
1999-03-22 00:00:00-05:00,23.715317034539375,24.266836035342617,23.654037145561237,24.082996368408203,71300,0.0,0.0,AEIS,1d
1999-03-23 00:00:00-05:00,23.8991554447862,24.144274987809645,21.57051978606344,22.428438186645508,197000,0.0,0.0,AEIS,1d
1999-03-24 00:00:00-05:00,22.305877381673408,22.55099691334015,21.202839489173076,21.539878845214844,209200,0.0,0.0,AEIS,1d
1999-03-25 00:00:00-05:00,21.693082094192505,22.91867995262146,21.57052230834961,21.57052230834961,257000,0.0,0.0,AEIS,1d
1999-03-26 00:00:00-05:00,21.447963995092056,21.93820317212273,20.83516502380371,20.83516502380371,44700,0.0,0.0,AEIS,1d
1999-03-29 00:00:00-05:00,21.202838118134792,22.489715576171875,20.83515884440991,22.489715576171875,257000,0.0,0.0,AEIS,1d
1999-03-30 00:00:00-05:00,22.489717930144845,22.550997815513085,22.060758732567148,22.244598388671875,148600,0.0,0.0,AEIS,1d
1999-03-31 00:00:00-05:00,22.550997220552883,23.899154663085938,22.18331791804387,23.102516174316406,608600,0.0,0.0,AEIS,1d
1999-04-01 00:00:00-05:00,23.10251783370972,25.00219436645508,23.04123794555664,24.51195526123047,198300,0.0,0.0,AEIS,1d
1999-04-05 00:00:00-04:00,24.511954500147315,25.36987290765247,24.266834955145843,25.186033248901367,87700,0.0,0.0,AEIS,1d
1999-04-06 00:00:00-04:00,25.002198149635447,25.492437329040065,24.14427958567737,24.3281192779541,115800,0.0,0.0,AEIS,1d
1999-04-07 00:00:00-04:00,24.266835708618164,24.940914478302002,24.266835708618164,24.51195526123047,66500,0.0,0.0,AEIS,1d
1999-04-08 00:00:00-04:00,24.389393733097958,25.614991408128006,24.26683396559495,25.492431640625,563200,0.0,0.0,AEIS,1d
1999-04-09 00:00:00-04:00,25.79883091438544,26.718029165491814,25.79883091438544,26.1052303314209,251400,0.0,0.0,AEIS,1d
1999-04-12 00:00:00-04:00,25.921391618495083,26.47291058910136,23.77659562169289,24.02171516418457,227500,0.0,0.0,AEIS,1d
1999-04-13 00:00:00-04:00,24.26683470667625,24.51195424916793,23.77659562169289,24.02171516418457,310500,0.0,0.0,AEIS,1d
1999-04-14 00:00:00-04:00,24.26683716380268,27.392111647019693,24.26683716380268,26.718032836914062,581600,0.0,0.0,AEIS,1d
1999-04-15 00:00:00-04:00,26.779310770183468,27.82106885506475,26.779310770183468,27.51466941833496,672400,0.0,0.0,AEIS,1d
1999-04-16 00:00:00-04:00,27.269548813501995,29.414344787597656,26.963149388631187,29.414344787597656,189900,0.0,0.0,AEIS,1d
1999-04-19 00:00:00-04:00,28.67898663382808,29.904584353222443,28.18874754607034,28.372587203979492,285200,0.0,0.0,AEIS,1d
1999-04-20 00:00:00-04:00,28.311307907104492,28.55642745608375,27.698509034656343,28.311307907104492,185100,0.0,0.0,AEIS,1d
1999-04-21 00:00:00-04:00,28.55642034807278,32.17193279557556,28.433860604089634,32.110652923583984,989100,0.0,0.0,AEIS,1d
1999-04-22 00:00:00-04:00,31.25273471570197,32.846011387482854,31.130174971718827,32.110652923583984,493200,0.0,0.0,AEIS,1d
1999-04-23 00:00:00-04:00,31.865538814353204,33.336255990400275,31.620419285012026,31.742979049682617,553600,0.0,0.0,AEIS,1d
1999-04-26 00:00:00-04:00,31.742978744208813,32.110658034682274,30.762500636279583,31.37529945373535,174000,0.0,0.0,AEIS,1d
1999-04-27 00:00:00-04:00,31.37530207229873,31.436581959158687,28.92410659790039,28.92410659790039,185400,0.0,0.0,AEIS,1d
1999-04-28 00:00:00-04:00,28.924104105846578,29.414343158488045,28.556424816365475,28.985383987426758,271600,0.0,0.0,AEIS,1d
1999-04-29 00:00:00-04:00,28.98538657047289,28.98538657047289,26.963150298114314,27.330829620361328,113000,0.0,0.0,AEIS,1d
1999-04-30 00:00:00-04:00,26.84058850290544,27.63722697445286,26.84058850290544,27.146987915039062,320600,0.0,0.0,AEIS,1d
1999-05-03 00:00:00-04:00,27.453380962749858,27.453380962749858,26.595462807663925,27.208261489868164,52400,0.0,0.0,AEIS,1d
1999-05-04 00:00:00-04:00,26.22779125152518,27.0857096569489,26.22779125152518,26.77931022644043,213000,0.0,0.0,AEIS,1d
1999-05-05 00:00:00-04:00,26.59547287849203,29.536907666896674,25.98267396424106,29.29178810119629,308600,0.0,0.0,AEIS,1d
1999-05-06 00:00:00-04:00,29.782024097442626,30.639942487080894,29.353064902623494,29.414344787597656,403300,0.0,0.0,AEIS,1d
1999-05-07 00:00:00-04:00,29.53690455754598,29.659464327494305,29.10794536272685,29.414344787597656,49100,0.0,0.0,AEIS,1d
1999-05-10 00:00:00-04:00,29.353063583374023,29.536903230033985,29.291783701154035,29.353063583374023,93000,0.0,0.0,AEIS,1d
1999-05-11 00:00:00-04:00,29.414341716845502,29.536901473999023,29.291781959691978,29.536901473999023,74900,0.0,0.0,AEIS,1d
1999-05-12 00:00:00-04:00,29.53690470030096,29.90458401192296,29.41434492976029,29.59818458557129,342600,0.0,0.0,AEIS,1d
1999-05-13 00:00:00-04:00,29.598181987098354,30.517380185455444,29.598181987098354,30.272260665893555,215900,0.0,0.0,AEIS,1d
1999-05-14 00:00:00-04:00,29.9045853417767,30.517384221731138,29.16922668583137,29.659465789794922,11200,0.0,0.0,AEIS,1d
1999-05-17 00:00:00-04:00,29.23050904529253,29.23050904529253,28.433870433995246,28.61771011352539,65200,0.0,0.0,AEIS,1d
1999-05-18 00:00:00-04:00,28.678987768631945,29.536906206155123,28.678987768631945,29.046667098999023,185400,0.0,0.0,AEIS,1d
1999-05-19 00:00:00-04:00,29.53690455754598,30.51738271713257,29.291785017649335,29.414344787597656,200600,0.0,0.0,AEIS,1d
1999-05-20 00:00:00-04:00,29.230510381551888,29.536909861442368,28.678991317749023,28.678991317749023,16200,0.0,0.0,AEIS,1d
1999-05-21 00:00:00-04:00,29.169227903252406,29.169227903252406,27.208271405554765,27.759790420532227,62000,0.0,0.0,AEIS,1d
1999-05-24 00:00:00-04:00,27.453389485677082,28.18874813261486,25.737552642822266,25.737552642822266,173500,0.0,0.0,AEIS,1d
1999-05-25 00:00:00-04:00,25.24731150712117,25.492431036316525,24.021713861144416,24.75707244873047,61000,0.0,0.0,AEIS,1d
1999-05-26 00:00:00-04:00,24.757074399982265,25.308593384140288,23.531476657408888,23.96043586730957,49400,0.0,0.0,AEIS,1d
1999-05-27 00:00:00-04:00,23.899152413633004,25.36986948524119,23.899152413633004,24.94091033935547,198800,0.0,0.0,AEIS,1d
1999-05-28 00:00:00-04:00,25.063473509783723,25.063473509783723,24.205555101135868,24.389394760131836,149600,0.0,0.0,AEIS,1d
1999-06-01 00:00:00-04:00,25.00219436645508,25.00219436645508,24.450675373077395,24.51195526123047,85100,0.0,0.0,AEIS,1d
1999-06-02 00:00:00-04:00,24.45067716048936,25.431155442614244,23.960438019426913,25.308595657348633,105800,0.0,0.0,AEIS,1d
1999-06-03 00:00:00-04:00,25.49242994520399,26.840587298075356,25.49242994520399,26.47290802001953,119700,0.0,0.0,AEIS,1d
1999-06-04 00:00:00-04:00,26.105236867268882,27.943633829752606,26.105236867268882,27.57595443725586,157100,0.0,0.0,AEIS,1d
1999-06-07 00:00:00-04:00,27.514669281484835,27.698508942608342,27.20826984627899,27.330829620361328,15500,0.0,0.0,AEIS,1d
1999-06-08 00:00:00-04:00,27.208269570090554,27.57594888860529,26.963150024414062,26.963150024414062,46400,0.0,0.0,AEIS,1d
1999-06-09 00:00:00-04:00,26.84058739202708,30.3948204256745,26.84058739202708,30.272260665893555,98800,0.0,0.0,AEIS,1d
1999-06-10 00:00:00-04:00,29.90457976098154,31.74297605776319,29.782020007862762,31.252737045288086,174300,0.0,0.0,AEIS,1d
1999-06-11 00:00:00-04:00,31.007619578262855,31.007619578262855,27.453386504074622,28.43386459350586,77300,0.0,0.0,AEIS,1d
1999-06-14 00:00:00-04:00,28.556426101684572,31.620420318603518,28.433866333007813,30.639942169189453,181100,0.0,0.0,AEIS,1d
1999-06-15 00:00:00-04:00,30.63994041731059,32.846016127356954,30.63994041731059,30.823780059814453,103700,0.0,0.0,AEIS,1d
1999-06-16 00:00:00-04:00,30.76249980192918,32.23321692393376,30.45610040151156,31.865537643432617,63000,0.0,0.0,AEIS,1d
1999-06-17 00:00:00-04:00,31.804261085041407,34.31673643087319,31.804261085041407,32.90729904174805,108000,0.0,0.0,AEIS,1d
1999-06-18 00:00:00-04:00,32.96857452392578,33.949052576681936,32.96857452392578,32.96857452392578,126000,0.0,0.0,AEIS,1d
1999-06-21 00:00:00-04:00,32.96857603605803,34.01033401489258,32.600896749410545,34.01033401489258,38500,0.0,0.0,AEIS,1d
1999-06-22 00:00:00-04:00,33.458814817815494,35.29721123637678,33.458814817815494,34.439292907714844,157500,0.0,0.0,AEIS,1d
1999-06-23 00:00:00-04:00,34.500576990556894,34.500576990556894,32.846020012324146,33.21369934082031,58100,0.0,0.0,AEIS,1d
1999-06-24 00:00:00-04:00,32.846011387482854,32.90729125947443,31.375294459685115,32.110652923583984,28200,0.0,0.0,AEIS,1d
1999-06-25 00:00:00-04:00,32.355775086145435,32.84601410260219,31.620416561460313,32.23321533203125,30500,0.0,0.0,AEIS,1d
1999-06-28 00:00:00-04:00,32.35577976002413,33.58137747820686,31.62042112911449,33.33625793457031,38900,0.0,0.0,AEIS,1d
1999-06-29 00:00:00-04:00,32.84600502372588,36.767916071334945,32.84600502372588,36.522796630859375,122100,0.0,0.0,AEIS,1d
1999-06-30 00:00:00-04:00,35.910012408287386,39.9544847955689,35.910012408287386,39.77064514160156,235500,0.0,0.0,AEIS,1d
1999-07-01 00:00:00-04:00,39.219125303337954,39.219125303337954,37.74840810446278,38.667606353759766,224800,0.0,0.0,AEIS,1d
1999-07-02 00:00:00-04:00,38.36120932265291,38.4224892097498,37.258171354908896,37.625850677490234,18000,0.0,0.0,AEIS,1d
1999-07-06 00:00:00-04:00,38.177371385769966,39.341689293201156,37.99353171617557,38.238651275634766,43600,0.0,0.0,AEIS,1d
1999-07-07 00:00:00-04:00,38.48376282133331,38.728882329749446,37.87096405029297,37.87096405029297,29600,0.0,0.0,AEIS,1d
1999-07-08 00:00:00-04:00,37.87096158399322,41.18007473210914,37.87096158399322,40.56727600097656,202300,0.0,0.0,AEIS,1d
1999-07-09 00:00:00-04:00,41.057524454025994,42.40568197341192,40.19960603259859,41.180084228515625,124100,0.0,0.0,AEIS,1d
1999-07-12 00:00:00-04:00,41.30264712631181,42.52824496388783,39.21913080243258,42.03800582885742,140800,0.0,0.0,AEIS,1d
1999-07-13 00:00:00-04:00,41.976719803168294,43.50871687627662,41.60904050562229,43.47807693481445,41000,0.0,0.0,AEIS,1d
1999-07-14 00:00:00-04:00,43.14103930952484,44.12151747565041,42.16056114339928,44.090877532958984,114900,0.0,0.0,AEIS,1d
1999-07-15 00:00:00-04:00,43.631278392587625,44.090877532958984,42.52824045569636,44.090877532958984,131500,0.0,0.0,AEIS,1d
1999-07-16 00:00:00-04:00,43.1410461836025,43.876404925368455,39.83193184565572,41.02688980102539,218600,0.0,0.0,AEIS,1d
1999-07-19 00:00:00-04:00,40.44471764089868,41.05751639303351,38.48376163406723,40.0157585144043,84100,0.0,0.0,AEIS,1d
1999-07-20 00:00:00-04:00,39.70935939770149,39.83191914892897,37.38072412437949,37.5645637512207,59100,0.0,0.0,AEIS,1d
1999-07-21 00:00:00-04:00,37.748399353027345,37.748399353027345,32.84600982666016,34.31672668457031,216600,0.0,0.0,AEIS,1d
1999-07-22 00:00:00-04:00,34.43928642272949,34.43928642272949,33.458808517456056,34.31672668457031,68000,0.0,0.0,AEIS,1d
1999-07-23 00:00:00-04:00,34.13288707733154,34.43928642272949,34.13288707733154,34.31672668457031,95800,0.0,0.0,AEIS,1d
1999-07-26 00:00:00-04:00,34.19417346253687,36.40024916979731,34.0716137010224,36.032569885253906,142000,0.0,0.0,AEIS,1d
1999-07-27 00:00:00-04:00,36.0325670903272,37.503284114422186,36.0325670903272,37.13560485839844,128500,0.0,0.0,AEIS,1d
1999-07-28 00:00:00-04:00,37.196885402148595,37.932243927397,36.52280675400422,37.87096405029297,146500,0.0,0.0,AEIS,1d
1999-07-29 00:00:00-04:00,37.74841215671637,38.361211055364365,36.767933918879585,38.238651275634766,136300,0.0,0.0,AEIS,1d
1999-07-30 00:00:00-04:00,38.11609131363798,38.48377065106857,36.52281418477208,37.07433319091797,53500,0.0,0.0,AEIS,1d
1999-08-02 00:00:00-04:00,36.767930853856754,36.767930853856754,34.80697454165106,35.787452697753906,36200,0.0,0.0,AEIS,1d
1999-08-03 00:00:00-04:00,35.66489562189392,35.84873529004801,34.684417391738755,35.11337661743164,29500,0.0,0.0,AEIS,1d
1999-08-04 00:00:00-04:00,34.92953745524088,35.17465701633029,32.8460211859809,33.09114074707031,39300,0.0,0.0,AEIS,1d
1999-08-05 00:00:00-04:00,33.09113378110139,33.887772186942726,32.29449537526006,33.82649230957031,68500,0.0,0.0,AEIS,1d
1999-08-06 00:00:00-04:00,33.949054199323804,36.40024944837245,33.55073497135339,35.60361099243164,97900,0.0,0.0,AEIS,1d
1999-08-09 00:00:00-04:00,35.66488895037316,37.01304626464844,35.66488895037316,37.01304626464844,21800,0.0,0.0,AEIS,1d
1999-08-10 00:00:00-04:00,37.01304860432943,37.01304860432943,35.05209238688151,36.76792907714844,54500,0.0,0.0,AEIS,1d
1999-08-11 00:00:00-04:00,36.277689685920016,36.277689685920016,35.54233111120542,35.60361099243164,79500,0.0,0.0,AEIS,1d
1999-08-12 00:00:00-04:00,35.91000531283292,35.91000531283292,33.58137015602806,33.70392990112305,88700,0.0,0.0,AEIS,1d
1999-08-13 00:00:00-04:00,34.43929757685048,34.745697021484375,33.520099242948774,34.745697021484375,125500,0.0,0.0,AEIS,1d
1999-08-16 00:00:00-04:00,33.949053939507934,36.52280893131178,33.949053939507934,36.032569885253906,57600,0.0,0.0,AEIS,1d
1999-08-17 00:00:00-04:00,36.21640921130623,36.64536837286146,34.92953172664052,35.66489028930664,77500,0.0,0.0,AEIS,1d
1999-08-18 00:00:00-04:00,35.297210574613935,35.297210574613935,31.130178770666458,31.49785804748535,768500,0.0,0.0,AEIS,1d
1999-08-19 00:00:00-04:00,31.130183650601293,31.252743428753266,29.65946631277761,30.394824981689453,188400,0.0,0.0,AEIS,1d
1999-08-20 00:00:00-04:00,30.33354377746582,30.517383436723186,30.027144345370203,30.33354377746582,102900,0.0,0.0,AEIS,1d
1999-08-23 00:00:00-04:00,30.394824445740248,30.517384221731138,29.59818590179948,29.659465789794922,48500,0.0,0.0,AEIS,1d
1999-08-24 00:00:00-04:00,29.78202671267515,31.742983204044705,29.78202671267515,31.314023971557617,189500,0.0,0.0,AEIS,1d
1999-08-25 00:00:00-04:00,31.46721957917379,31.865538814353204,30.272261873635546,31.742979049682617,275500,0.0,0.0,AEIS,1d
1999-08-26 00:00:00-04:00,31.86553732430425,31.98809708324388,31.130178770666458,31.49785804748535,102600,0.0,0.0,AEIS,1d
1999-08-27 00:00:00-04:00,31.742976957980584,33.45881355030386,31.497857444791546,32.96857452392578,93700,0.0,0.0,AEIS,1d
1999-08-30 00:00:00-04:00,32.60089500497241,34.13289195069479,32.23321573799903,33.39753341674805,242400,0.0,0.0,AEIS,1d
1999-08-31 00:00:00-04:00,34.13288900895552,34.13288900895552,33.336250665838065,33.70392990112305,456800,0.0,0.0,AEIS,1d
1999-09-01 00:00:00-04:00,34.071612072865896,34.194171828523686,33.21369378326136,33.39753341674805,26300,0.0,0.0,AEIS,1d
1999-09-02 00:00:00-04:00,33.94905377857721,33.94905377857721,32.47833664737531,32.84601593017578,39000,0.0,0.0,AEIS,1d
1999-09-03 00:00:00-04:00,33.82649762064054,33.94905739462837,33.27497863769531,33.27497863769531,80500,0.0,0.0,AEIS,1d
1999-09-07 00:00:00-04:00,33.45881452560425,33.8264938061054,31.681698003182046,31.865537643432617,88400,0.0,0.0,AEIS,1d
1999-09-08 00:00:00-04:00,32.233216814724905,33.21369489273935,31.988097295221294,32.478336334228516,40800,0.0,0.0,AEIS,1d
1999-09-09 00:00:00-04:00,32.72344604382016,34.07160299693635,31.988087705756783,33.94904327392578,80400,0.0,0.0,AEIS,1d
1999-09-10 00:00:00-04:00,34.316739562555405,34.684418915011356,33.949060210099454,34.561859130859375,43200,0.0,0.0,AEIS,1d
1999-09-13 00:00:00-04:00,34.3167334866811,36.277689685920016,34.3167334866811,35.60361099243164,121900,0.0,0.0,AEIS,1d
1999-09-14 00:00:00-04:00,35.11337004907873,37.380725532178054,35.11337004907873,37.01304626464844,127200,0.0,0.0,AEIS,1d
1999-09-15 00:00:00-04:00,37.38072378042306,37.625843280622554,36.89048478002407,37.19688415527344,90900,0.0,0.0,AEIS,1d
1999-09-16 00:00:00-04:00,37.625848328784556,38.23864716150092,37.13560926261147,37.47264862060547,108800,0.0,0.0,AEIS,1d
1999-09-17 00:00:00-04:00,37.77905278127702,37.87097261772781,37.319453599023035,37.380733489990234,91300,0.0,0.0,AEIS,1d
1999-09-20 00:00:00-04:00,37.01304618719266,37.07432606498602,33.336253519590734,36.216407775878906,77700,0.0,0.0,AEIS,1d
1999-09-21 00:00:00-04:00,35.72617855206342,35.78745844666387,34.07162139785122,34.80698013305664,49600,0.0,0.0,AEIS,1d
1999-09-22 00:00:00-04:00,34.3167375996165,34.3167375996165,32.968580051060144,33.58137893676758,43700,0.0,0.0,AEIS,1d
1999-09-23 00:00:00-04:00,33.58136985138172,33.58136985138172,31.865533435617696,32.110652923583984,32200,0.0,0.0,AEIS,1d
1999-09-24 00:00:00-04:00,31.37530307112069,31.62042262636382,29.414346629175647,30.21098518371582,81100,0.0,0.0,AEIS,1d
1999-09-27 00:00:00-04:00,30.51737877443263,32.723454348488,30.39481902031844,32.23321533203125,43000,0.0,0.0,AEIS,1d
1999-09-28 00:00:00-04:00,32.35578170715575,32.846020823930836,30.517385019249176,30.76250457763672,45200,0.0,0.0,AEIS,1d
1999-09-29 00:00:00-04:00,31.375297732469512,31.375297732469512,29.904580651260005,30.149700164794922,25200,0.0,0.0,AEIS,1d
1999-09-30 00:00:00-04:00,30.333540545784025,30.88505946479828,30.14970090611261,30.272260665893555,40400,0.0,0.0,AEIS,1d
1999-10-01 00:00:00-04:00,29.904585869081558,31.130183650601293,29.782026090929584,30.394824981689453,25300,0.0,0.0,AEIS,1d
1999-10-04 00:00:00-04:00,30.578658403134813,31.497856551525636,30.027139514100316,31.252737045288086,27200,0.0,0.0,AEIS,1d
1999-10-05 00:00:00-04:00,31.13018038746123,33.82649522417047,31.007620622156264,32.72345733642578,179100,0.0,0.0,AEIS,1d
1999-10-06 00:00:00-04:00,33.21369260590652,36.767925393992456,32.8460133519666,35.542327880859375,140700,0.0,0.0,AEIS,1d
1999-10-07 00:00:00-04:00,35.48104839083515,35.48104839083515,33.02985333792771,33.88777160644531,115600,0.0,0.0,AEIS,1d
1999-10-08 00:00:00-04:00,33.70393255482549,33.82649230957031,32.907294148984164,33.82649230957031,57700,0.0,0.0,AEIS,1d
1999-10-11 00:00:00-04:00,35.29720960897843,36.52280716484573,34.19417180869785,36.216407775878906,83400,0.0,0.0,AEIS,1d
1999-10-12 00:00:00-04:00,37.01304395575272,38.60632068232486,36.40024521476344,37.25816345214844,368700,0.0,0.0,AEIS,1d
1999-10-13 00:00:00-04:00,37.258177250267096,37.258177250267096,35.29722055288462,35.84873962402344,56800,0.0,0.0,AEIS,1d
1999-10-14 00:00:00-04:00,36.277677190383805,36.767916071334945,35.29719942848154,36.522796630859375,20800,0.0,0.0,AEIS,1d
1999-10-15 00:00:00-04:00,36.40024916979731,36.40024916979731,35.41977107768156,36.032569885253906,59600,0.0,0.0,AEIS,1d
1999-10-18 00:00:00-04:00,36.27769148143518,36.27769148143518,35.35849321754746,35.41977310180664,114400,0.0,0.0,AEIS,1d
1999-10-19 00:00:00-04:00,35.6648867255763,37.50328294854415,35.6648867255763,37.25816345214844,138600,0.0,0.0,AEIS,1d
1999-10-20 00:00:00-04:00,37.25817303779798,38.60633061482356,36.767933918879585,38.238651275634766,158100,0.0,0.0,AEIS,1d
1999-10-21 00:00:00-04:00,37.87096966461486,37.87096966461486,36.76793171321831,36.8904914855957,151900,0.0,0.0,AEIS,1d
1999-10-22 00:00:00-04:00,36.64537274760585,39.21912802419355,36.64537274760585,37.9935302734375,268000,0.0,0.0,AEIS,1d
1999-10-25 00:00:00-04:00,38.05481219712651,38.60633121447617,37.870972524676624,38.177371978759766,132100,0.0,0.0,AEIS,1d
1999-10-26 00:00:00-04:00,38.36120932265291,39.21912774200936,37.625850677490234,37.625850677490234,136800,0.0,0.0,AEIS,1d
1999-10-27 00:00:00-04:00,37.62584436261976,38.238643130740606,35.9100078118814,36.277687072753906,74500,0.0,0.0,AEIS,1d
1999-10-28 00:00:00-04:00,37.19688829903404,38.483765818440496,36.89048888965156,38.3612060546875,45500,0.0,0.0,AEIS,1d
1999-10-29 00:00:00-04:00,38.66760946117274,40.444726219293194,38.66760946117274,40.322166442871094,236500,0.0,0.0,AEIS,1d
1999-11-01 00:00:00-05:00,40.07704059679138,41.792877197265625,39.58680156808445,41.792877197265625,153100,0.0,0.0,AEIS,1d
1999-11-02 00:00:00-05:00,41.42520761489868,44.02960306406021,41.42520761489868,43.14104461669922,200800,0.0,0.0,AEIS,1d
1999-11-03 00:00:00-05:00,43.263593599689536,44.30535151922881,40.934958250131174,41.057518005371094,277100,0.0,0.0,AEIS,1d
1999-11-04 00:00:00-05:00,41.05752577692826,41.670324669121214,39.40296876800727,39.46424865722656,246900,0.0,0.0,AEIS,1d
1999-11-05 00:00:00-05:00,38.85145017428276,39.586808852660354,38.11609149590517,38.238651275634766,2793900,0.0,0.0,AEIS,1d
1999-11-08 00:00:00-05:00,38.238651275634766,38.39185100029677,38.177371385769966,38.238651275634766,562100,0.0,0.0,AEIS,1d
1999-11-09 00:00:00-05:00,38.85145017428276,38.85145017428276,38.238651275634766,38.238651275634766,619400,0.0,0.0,AEIS,1d
1999-11-10 00:00:00-05:00,38.36120580667313,39.83192296220053,38.23864604371251,39.5868034362793,305200,0.0,0.0,AEIS,1d
1999-11-11 00:00:00-05:00,40.19959872193132,40.38343835023284,39.15784082822273,39.9544792175293,406000,0.0,0.0,AEIS,1d
1999-11-12 00:00:00-05:00,40.567286261593004,41.60904436800853,39.709367821015505,40.68984603881836,397800,0.0,0.0,AEIS,1d
1999-11-15 00:00:00-05:00,40.07705838915328,40.93497707026665,38.48378083851416,39.157859802246094,201900,0.0,0.0,AEIS,1d
1999-11-16 00:00:00-05:00,39.09656272875531,39.15784260764051,36.03256878449549,36.95176696777344,170400,0.0,0.0,AEIS,1d
1999-11-17 00:00:00-05:00,37.503286659170726,41.42519898954152,37.135607378198465,40.07704162597656,595500,0.0,0.0,AEIS,1d
1999-11-18 00:00:00-05:00,39.95449036346085,40.62856918861126,38.29993324718256,39.985130310058594,405200,0.0,0.0,AEIS,1d
1999-11-19 00:00:00-05:00,40.13832743863882,40.19960732785811,38.97400954347219,39.46424865722656,237100,0.0,0.0,AEIS,1d
1999-11-22 00:00:00-05:00,38.91272277366824,40.32215997649402,38.6063233817496,40.19960021972656,149900,0.0,0.0,AEIS,1d
1999-11-23 00:00:00-05:00,40.13832986354828,40.56728911399841,38.72889232635498,39.21913146972656,228600,0.0,0.0,AEIS,1d
1999-11-24 00:00:00-05:00,38.72888284645333,38.72888284645333,36.767926752962026,37.01304626464844,142900,0.0,0.0,AEIS,1d
1999-11-26 00:00:00-05:00,37.01304559449892,37.01304559449892,36.15512731912974,36.277687072753906,56000,0.0,0.0,AEIS,1d
1999-11-29 00:00:00-05:00,36.032567724481325,36.76792624947074,34.8069701828323,35.05208969116211,220300,0.0,0.0,AEIS,1d
1999-11-30 00:00:00-05:00,34.990810507735354,35.17465014262714,31.314017809899767,32.96857452392578,290300,0.0,0.0,AEIS,1d
1999-12-01 00:00:00-05:00,33.826491362473064,35.542327880859375,31.86553534146013,35.542327880859375,419500,0.0,0.0,AEIS,1d
1999-12-02 00:00:00-05:00,35.542334154179144,39.70936643432429,35.05209506239736,39.64808654785156,347000,0.0,0.0,AEIS,1d
1999-12-03 00:00:00-05:00,39.83192689957157,40.628565437563005,37.74841072328629,37.9935302734375,255800,0.0,0.0,AEIS,1d
1999-12-06 00:00:00-05:00,37.74839860466635,38.79015635836656,36.277681775913116,38.48375701904297,231800,0.0,0.0,AEIS,1d
1999-12-07 00:00:00-05:00,38.72889039455316,38.72889039455316,36.03257524050199,38.238651275634766,158500,0.0,0.0,AEIS,1d
1999-12-08 00:00:00-05:00,38.1773720725638,38.1773720725638,37.074334035154244,37.380733489990234,152800,0.0,0.0,AEIS,1d
1999-12-09 00:00:00-05:00,37.31944593569128,40.19960021972656,35.2972099490282,40.19960021972656,244100,0.0,0.0,AEIS,1d
1999-12-10 00:00:00-05:00,40.13832918061459,42.160565612615024,40.01576939685699,42.03800582885742,244500,0.0,0.0,AEIS,1d
1999-12-13 00:00:00-05:00,41.11879821077606,41.915436626186036,37.25816588994314,41.42519760131836,205300,0.0,0.0,AEIS,1d
1999-12-14 00:00:00-05:00,40.68984889984131,40.9349684715271,38.851452112197876,39.21913146972656,249800,0.0,0.0,AEIS,1d
1999-12-15 00:00:00-05:00,39.09656134033203,39.09656134033203,36.70664614868164,38.299922943115234,152400,0.0,0.0,AEIS,1d
1999-12-16 00:00:00-05:00,38.54504898394358,40.32216570975338,36.64537248394,37.625850677490234,253500,0.0,0.0,AEIS,1d
1999-12-17 00:00:00-05:00,37.74840810446278,39.95448390277554,37.74840810446278,38.667606353759766,314400,0.0,0.0,AEIS,1d
1999-12-20 00:00:00-05:00,39.00464082814352,39.648079522087755,37.50328387560697,37.5645637512207,230200,0.0,0.0,AEIS,1d
1999-12-21 00:00:00-05:00,38.26929312944412,44.12152290344238,38.2386531829834,43.14104461669922,814800,0.0,0.0,AEIS,1d
1999-12-22 00:00:00-05:00,43.386155759605685,46.08247052432694,42.77335694944176,46.02119064331055,288000,0.0,0.0,AEIS,1d
1999-12-23 00:00:00-05:00,46.021188572766306,46.32758796406302,44.979430642357485,45.83734893798828,205200,0.0,0.0,AEIS,1d
1999-12-27 00:00:00-05:00,46.20503385991998,46.20503385991998,43.50871888666205,44.856876373291016,63200,0.0,0.0,AEIS,1d
1999-12-28 00:00:00-05:00,45.10199742825034,47.24679350160464,43.69256000861752,44.30535888671875,79200,0.0,0.0,AEIS,1d
1999-12-29 00:00:00-05:00,44.30536165545064,46.817837212675364,43.75384263069399,45.59223937988281,72300,0.0,0.0,AEIS,1d
1999-12-30 00:00:00-05:00,46.572709535841696,47.0629485835874,44.12151429711319,45.224552154541016,50100,0.0,0.0,AEIS,1d
1999-12-31 00:00:00-05:00,45.10199718184883,48.90135020531979,44.97943740689815,48.288551330566406,73800,0.0,0.0,AEIS,1d
2000-01-03 00:00:00-05:00,48.53366921164773,48.656228982384214,43.44743872608364,44.48919677734375,94000,0.0,0.0,AEIS,1d
2000-01-04 00:00:00-05:00,44.48919649124146,46.08247350056966,43.99895741144816,44.121517181396484,202700,0.0,0.0,AEIS,1d
2000-01-05 00:00:00-05:00,43.75383729449773,44.244076367825436,43.141038452838096,43.38615798950195,132700,0.0,0.0,AEIS,1d
2000-01-06 00:00:00-05:00,43.631270664760045,43.631270664760045,42.09927380153111,42.895912170410156,53300,0.0,0.0,AEIS,1d
2000-01-07 00:00:00-05:00,42.65079530895266,44.24407214520664,42.40567579568281,43.01847457885742,90000,0.0,0.0,AEIS,1d
2000-01-10 00:00:00-05:00,44.121519073726624,48.533670981099284,43.141040872088254,46.695274353027344,275300,0.0,0.0,AEIS,1d
2000-01-11 00:00:00-05:00,45.95992581156276,47.43064343753277,44.12152877910025,45.653526306152344,239300,0.0,0.0,AEIS,1d
2000-01-12 00:00:00-05:00,45.6535072540969,45.77606700511461,43.14103235823385,43.63127136230469,232600,0.0,0.0,AEIS,1d
2000-01-13 00:00:00-05:00,43.38615175173518,43.815110879224086,42.589513372112926,42.834632873535156,276000,0.0,0.0,AEIS,1d
2000-01-14 00:00:00-05:00,44.85687627597731,51.965343008236005,44.18279753412519,48.04343032836914,545600,0.0,0.0,AEIS,1d
2000-01-18 00:00:00-05:00,48.53367334253648,51.22998852823295,47.79831465552835,50.004390716552734,121200,0.0,0.0,AEIS,1d
2000-01-19 00:00:00-05:00,51.47510954799577,56.13238136424301,50.98487040944343,54.56974411010742,594900,0.0,0.0,AEIS,1d
2000-01-20 00:00:00-05:00,54.90677918710233,61.03476793566286,54.90677918710233,57.78693389892578,469400,0.0,0.0,AEIS,1d
2000-01-21 00:00:00-05:00,57.11284030500877,62.505469003335776,56.99028056186497,59.7938346862793,372100,0.0,0.0,AEIS,1d
2000-01-24 00:00:00-05:00,59.74789047241211,61.03476811335637,58.09333350548378,59.74789047241211,347400,0.0,0.0,AEIS,1d
2000-01-25 00:00:00-05:00,59.74789106380768,60.360689946513396,57.84821452741995,59.68661117553711,426000,0.0,0.0,AEIS,1d
2000-01-26 00:00:00-05:00,58.15461273726351,62.01524561655498,58.15461273726351,61.40244674682617,272100,0.0,0.0,AEIS,1d
2000-01-27 00:00:00-05:00,61.52500021923091,61.95395938410603,57.848207377444204,58.85932540893555,553200,0.0,0.0,AEIS,1d
2000-01-28 00:00:00-05:00,58.70613285064697,59.196371955871584,48.41111164093018,49.02391052246094,449600,0.0,0.0,AEIS,1d
2000-01-31 00:00:00-05:00,49.51414141080889,54.048852381600796,49.26902189887419,49.88182067871094,363100,0.0,0.0,AEIS,1d
2000-02-01 00:00:00-05:00,50.61718397874098,53.92629770132211,49.02390700120192,52.57814025878906,224000,0.0,0.0,AEIS,1d
2000-02-02 00:00:00-05:00,52.94581153998941,55.88724551443327,51.22997505489716,54.232688903808594,150600,0.0,0.0,AEIS,1d
2000-02-03 00:00:00-05:00,53.92629462053874,57.41924779482364,53.06837629703017,56.50004959106445,252500,0.0,0.0,AEIS,1d
2000-02-04 00:00:00-05:00,56.4387772113462,58.58357330515415,56.4387772113462,58.09333419799805,197700,0.0,0.0,AEIS,1d
2000-02-07 00:00:00-05:00,58.33845187100497,61.27988641912287,58.093332325328475,60.66708755493164,185600,0.0,0.0,AEIS,1d
2000-02-08 00:00:00-05:00,60.299407783024414,61.525005502191576,58.58357097619039,61.111366271972656,197800,0.0,0.0,AEIS,1d
2000-02-09 00:00:00-05:00,61.341159893448946,61.52499953348925,57.60308721262938,57.72564697265625,222000,0.0,0.0,AEIS,1d
2000-02-10 00:00:00-05:00,57.72565019669071,61.03476390223349,55.64213415986748,56.990291595458984,230800,0.0,0.0,AEIS,1d
2000-02-11 00:00:00-05:00,57.1741237891094,65.07922772136568,56.99028416277786,60.605796813964844,548000,0.0,0.0,AEIS,1d
2000-02-14 00:00:00-05:00,60.54452664708993,61.0347657292526,57.9707714657359,59.19636917114258,259300,0.0,0.0,AEIS,1d
2000-02-15 00:00:00-05:00,59.25764877001445,59.25764877001445,56.50005394617717,58.82868957519531,337700,0.0,0.0,AEIS,1d
2000-02-16 00:00:00-05:00,60.11556567464556,62.75060066344246,59.62532660696242,61.77012252807617,205100,0.0,0.0,AEIS,1d
2000-02-17 00:00:00-05:00,62.26036860098344,62.68932783347053,60.54453167103508,62.628047943115234,96100,0.0,0.0,AEIS,1d
2000-02-18 00:00:00-05:00,61.4024429164949,61.892681981696455,59.196367123087896,59.809165954589844,109800,0.0,0.0,AEIS,1d
2000-02-22 00:00:00-05:00,59.56405151946635,60.17685040341148,57.725654867630965,58.09333419799805,298300,0.0,0.0,AEIS,1d
2000-02-23 00:00:00-05:00,58.95124445463482,63.24083604696791,58.39972553562056,60.54452133178711,182400,0.0,0.0,AEIS,1d
2000-02-24 00:00:00-05:00,61.27988857074376,67.6529969821011,61.15732879360227,67.16275787353516,380800,0.0,0.0,AEIS,1d
2000-02-25 00:00:00-05:00,67.65298104995675,68.87857853274582,65.44690558093642,66.41206359863281,211600,0.0,0.0,AEIS,1d
2000-02-28 00:00:00-05:00,66.18227912930985,68.14323554795607,65.20180091998674,66.42739868164062,105600,0.0,0.0,AEIS,1d
2000-02-29 00:00:00-05:00,68.38834632794881,72.06513914127939,68.38834632794881,71.32978057861328,158900,0.0,0.0,AEIS,1d
2000-03-01 00:00:00-05:00,70.5944174288076,73.29073198338011,70.5944174288076,71.82001495361328,104300,0.0,0.0,AEIS,1d
2000-03-02 00:00:00-05:00,71.45235048862573,74.27122537925761,69.3688342651152,69.49139404296875,141900,0.0,0.0,AEIS,1d
2000-03-03 00:00:00-05:00,69.8590738985551,71.32979124378784,68.38835655332235,70.22675323486328,153000,0.0,0.0,AEIS,1d
2000-03-06 00:00:00-05:00,70.59442785933392,72.8005037299381,69.61394969462094,69.92034912109375,334600,0.0,0.0,AEIS,1d
2000-03-07 00:00:00-05:00,71.08467591028658,75.9257874593492,69.61395847765996,69.79779815673828,214500,0.0,0.0,AEIS,1d
2000-03-08 00:00:00-05:00,70.59441317471591,70.96209241000089,65.20178439053622,67.4078598022461,238300,0.0,0.0,AEIS,1d
2000-03-09 00:00:00-05:00,67.4691396747936,68.08193840026856,66.18226235129616,67.4078598022461,113800,0.0,0.0,AEIS,1d
2000-03-10 00:00:00-05:00,67.40787610110213,71.08466934298043,66.97891688954967,69.67523193359375,124600,0.0,0.0,AEIS,1d
2000-03-13 00:00:00-05:00,67.65299524128108,68.14323433723239,65.44691930950017,66.54995727539062,365100,0.0,0.0,AEIS,1d
2000-03-14 00:00:00-05:00,67.3465848857459,68.08194341043102,62.628034352349694,64.4664306640625,161200,0.0,0.0,AEIS,1d
2000-03-15 00:00:00-05:00,64.52772263507454,64.83412207778619,60.054290771484375,60.054290771484375,214400,0.0,0.0,AEIS,1d
2000-03-16 00:00:00-05:00,60.54452955532752,62.750605531027716,51.47510609967117,62.45952606201172,423600,0.0,0.0,AEIS,1d
2000-03-17 00:00:00-05:00,61.77011741079935,62.628035708171566,56.99028689686845,60.299400329589844,601100,0.0,0.0,AEIS,1d
2000-03-20 00:00:00-05:00,59.07381902956495,60.054297353707106,55.88726447610294,56.25494384765625,296500,0.0,0.0,AEIS,1d
2000-03-21 00:00:00-05:00,59.07381449314143,59.07381449314143,53.987583577238176,55.51958084106445,569300,0.0,0.0,AEIS,1d
2000-03-22 00:00:00-05:00,54.539095175788894,59.318925988947925,54.41653541134892,58.70612716674805,457200,0.0,0.0,AEIS,1d
2000-03-23 00:00:00-05:00,58.951252972638166,62.19908707612031,58.70613341765838,61.21860885620117,433300,0.0,0.0,AEIS,1d
2000-03-24 00:00:00-05:00,61.279898187721585,62.50549615147602,60.912218798595255,61.0347785949707,255900,0.0,0.0,AEIS,1d
2000-03-27 00:00:00-05:00,60.91220741621233,62.260364924418234,60.238128662109375,60.238128662109375,266300,0.0,0.0,AEIS,1d
2000-03-28 00:00:00-05:00,61.77012250346522,61.77012250346522,56.867731828587026,56.990291595458984,138900,0.0,0.0,AEIS,1d
2000-03-29 00:00:00-05:00,58.093325685397744,58.4610049618876,48.5336644966614,49.75926208496094,241800,0.0,0.0,AEIS,1d
2000-03-30 00:00:00-05:00,48.04343845858896,53.40542935798505,48.04343845858896,49.943115234375,300700,0.0,0.0,AEIS,1d
2000-03-31 00:00:00-05:00,52.14918688699311,52.700705902249204,50.004390716552734,50.004390716552734,288000,0.0,0.0,AEIS,1d
2000-04-03 00:00:00-04:00,48.53366824230516,50.98486360807815,45.10199473022298,45.77607345581055,308400,0.0,0.0,AEIS,1d
2000-04-04 00:00:00-04:00,48.349827203085255,53.068378146859104,44.61175437749818,52.70069885253906,336900,0.0,0.0,AEIS,1d
2000-04-05 00:00:00-04:00,51.16869845041415,63.17955461362513,49.69798136920464,60.299400329589844,383200,0.0,0.0,AEIS,1d
2000-04-06 00:00:00-04:00,64.46644919579457,66.05972645728758,61.73949388285458,62.5667724609375,168200,0.0,0.0,AEIS,1d
2000-04-07 00:00:00-04:00,62.99573067507129,62.99573067507129,59.80917620512605,59.93173599243164,263400,0.0,0.0,AEIS,1d
2000-04-10 00:00:00-04:00,56.86773852511723,60.54453196424119,54.72294235229492,54.72294235229492,397500,0.0,0.0,AEIS,1d
2000-04-11 00:00:00-04:00,53.1909357595652,58.82868471103985,53.1909357595652,56.13236999511719,215900,0.0,0.0,AEIS,1d
2000-04-12 00:00:00-04:00,55.02933200327266,57.235407673782476,52.9458160922356,53.742454528808594,113500,0.0,0.0,AEIS,1d
2000-04-13 00:00:00-04:00,54.35524768154721,59.19635767798715,52.57813135374014,57.17412185668945,201300,0.0,0.0,AEIS,1d
2000-04-14 00:00:00-04:00,55.88725806710584,56.62261672588355,51.59766589090254,52.17982482910156,502700,0.0,0.0,AEIS,1d
2000-04-17 00:00:00-04:00,50.98487102719227,52.45558846066897,50.004392738207805,52.14918899536133,662200,0.0,0.0,AEIS,1d
2000-04-18 00:00:00-04:00,52.149182836415186,61.89268468246691,52.149182836415186,60.72836685180664,773700,0.0,0.0,AEIS,1d
2000-04-19 00:00:00-04:00,59.93173050462154,64.58900199577822,59.93173050462154,62.873165130615234,369600,0.0,0.0,AEIS,1d
2000-04-20 00:00:00-04:00,63.485958413942164,67.53043066811222,63.36339864866428,64.65027618408203,278800,0.0,0.0,AEIS,1d
2000-04-24 00:00:00-04:00,63.240840637207036,64.03747913360596,60.54452572631836,61.279884338378906,267100,0.0,0.0,AEIS,1d
2000-04-25 00:00:00-04:00,61.89267867466189,64.95667266845703,60.912200596647445,64.95667266845703,289100,0.0,0.0,AEIS,1d
2000-04-26 00:00:00-04:00,65.07924616049432,65.81460487417223,61.647572163330786,63.54724884033203,161600,0.0,0.0,AEIS,1d
2000-04-27 00:00:00-04:00,61.831393733169094,64.7115478515625,61.52499435887192,64.7115478515625,358400,0.0,0.0,AEIS,1d
2000-04-28 00:00:00-04:00,64.71155050526495,69.00114192133364,64.22131148628567,67.65298461914062,323000,0.0,0.0,AEIS,1d
2000-05-01 00:00:00-04:00,67.65299845199918,71.45235162593391,66.91763977317311,70.16547393798828,535200,0.0,0.0,AEIS,1d
2000-05-02 00:00:00-04:00,70.31866790242277,70.4718676146285,63.36340096828336,63.6085205078125,353600,0.0,0.0,AEIS,1d
2000-05-03 00:00:00-04:00,63.48596424831257,63.853643577936005,58.03205419223166,59.68661117553711,250800,0.0,0.0,AEIS,1d
2000-05-04 00:00:00-04:00,60.29940858821279,60.29940858821279,58.49165192830194,59.441490173339844,186300,0.0,0.0,AEIS,1d
2000-05-05 00:00:00-04:00,59.44148778685936,63.73107968900385,59.44148778685936,63.6697998046875,81500,0.0,0.0,AEIS,1d
2000-05-08 00:00:00-04:00,63.302123242985466,67.65299521805997,61.40244674682617,61.40244674682617,161600,0.0,0.0,AEIS,1d
2000-05-09 00:00:00-04:00,62.26036001253529,62.44419965824159,55.70341264901041,58.33844757080078,267500,0.0,0.0,AEIS,1d
2000-05-10 00:00:00-04:00,57.357976072772416,57.357976072772416,50.98486762024215,51.7202262878418,231400,0.0,0.0,AEIS,1d
2000-05-11 00:00:00-04:00,52.33301808900922,54.90677307699328,50.9848607143509,52.4555778503418,280600,0.0,0.0,AEIS,1d
2000-05-12 00:00:00-04:00,52.08789433487285,55.88724662753416,50.24949806423028,51.291255950927734,292500,0.0,0.0,AEIS,1d
2000-05-15 00:00:00-04:00,52.7007037928129,53.43606245038704,48.90135072867988,53.37478256225586,114400,0.0,0.0,AEIS,1d
2000-05-16 00:00:00-04:00,55.151901870477396,55.45830132531338,51.475108412445564,52.33302688598633,238800,0.0,0.0,AEIS,1d
2000-05-17 00:00:00-04:00,51.22998490530789,51.965343540312304,49.88182740779978,50.372066497802734,179200,0.0,0.0,AEIS,1d
2000-05-18 00:00:00-04:00,50.739746542537915,51.04614597818126,47.92087173461914,47.92087173461914,184100,0.0,0.0,AEIS,1d
2000-05-19 00:00:00-04:00,46.817837212675364,49.51415244481897,45.59223937988281,45.59223937988281,142900,0.0,0.0,AEIS,1d
2000-05-22 00:00:00-04:00,46.32759601375194,46.32759601375194,38.23865067801748,41.854164123535156,609600,0.0,0.0,AEIS,1d
2000-05-23 00:00:00-04:00,42.1605437617974,42.1605437617974,36.522796630859375,36.522796630859375,381200,0.0,0.0,AEIS,1d
2000-05-24 00:00:00-04:00,37.22752510070801,38.72888208007812,37.01304553222656,38.299922943115234,446200,0.0,0.0,AEIS,1d
2000-05-25 00:00:00-04:00,38.60632643682797,40.934961999684255,34.56185414344599,34.68441390991211,350800,0.0,0.0,AEIS,1d
2000-05-26 00:00:00-04:00,35.60361813308792,38.72889270242955,35.29721866550541,36.82921600341797,214400,0.0,0.0,AEIS,1d
2000-05-30 00:00:00-04:00,37.687137234787485,41.42521100929486,37.19689805124554,39.28041458129883,236900,0.0,0.0,AEIS,1d
2000-05-31 00:00:00-04:00,39.0352815292977,40.44471869597564,36.15512731912974,36.277687072753906,693400,0.0,0.0,AEIS,1d
2000-06-01 00:00:00-04:00,39.954481997359196,44.12151386211445,39.341683193718715,42.466957092285156,682500,0.0,0.0,AEIS,1d
2000-06-02 00:00:00-04:00,45.34712121425531,51.22999099340194,45.224561427189755,47.798316955566406,654500,0.0,0.0,AEIS,1d
2000-06-05 00:00:00-04:00,47.430629113965104,47.7983084094222,44.121515454851256,45.89863204956055,163000,0.0,0.0,AEIS,1d
2000-06-06 00:00:00-04:00,45.83735215145609,46.205031446788624,44.61175450034764,45.101993560791016,177800,0.0,0.0,AEIS,1d
2000-06-07 00:00:00-04:00,45.592232621234395,46.32759121189947,43.75383614457172,45.101993560791016,326900,0.0,0.0,AEIS,1d
2000-06-08 00:00:00-04:00,45.83735696562044,46.205036299569265,44.24407985184219,44.611759185791016,314700,0.0,0.0,AEIS,1d
2000-06-09 00:00:00-04:00,52.88454648499848,53.436065509755124,45.347119813324305,45.59223937988281,672200,0.0,0.0,AEIS,1d
2000-06-12 00:00:00-04:00,45.7147949977695,50.49462611013682,45.7147949977695,46.817832946777344,648600,0.0,0.0,AEIS,1d
2000-06-13 00:00:00-04:00,44.67303826775349,48.04343210139744,44.61175837986906,47.85959243774414,330700,0.0,0.0,AEIS,1d
2000-06-14 00:00:00-04:00,48.41111386408571,55.88726056208376,48.22727419118412,52.33302688598633,926600,0.0,0.0,AEIS,1d
2000-06-15 00:00:00-04:00,52.08790118877704,52.27174084003155,49.51414607121394,50.98486328125,371800,0.0,0.0,AEIS,1d
2000-06-16 00:00:00-04:00,51.1074278769158,51.1074278769158,48.53367251620781,49.69799041748047,275000,0.0,0.0,AEIS,1d
2000-06-19 00:00:00-04:00,50.739748183995076,54.78422086532802,49.636710179995184,53.681182861328125,253000,0.0,0.0,AEIS,1d
2000-06-20 00:00:00-04:00,54.293973691903865,59.25764397299214,53.68117489176951,57.72564697265625,395400,0.0,0.0,AEIS,1d
2000-06-21 00:00:00-04:00,57.357966412297294,61.157318888325534,57.357966412297294,59.87044143676758,528800,0.0,0.0,AEIS,1d
2000-06-22 00:00:00-04:00,61.096043500743924,61.64756244909568,59.809165954589844,59.809165954589844,295000,0.0,0.0,AEIS,1d
2000-06-23 00:00:00-04:00,59.74788842377839,60.17684762271834,57.72565220020436,59.564048767089844,337300,0.0,0.0,AEIS,1d
2000-06-26 00:00:00-04:00,59.318932108976405,60.544529879823024,58.767413112095426,60.054290771484375,205000,0.0,0.0,AEIS,1d
2000-06-27 00:00:00-04:00,59.564049162566015,60.54452733808151,56.37749509214068,56.745174407958984,292000,0.0,0.0,AEIS,1d
2000-06-28 00:00:00-04:00,56.9290131409963,61.70884416898092,56.19365452130636,58.82868957519531,270300,0.0,0.0,AEIS,1d
2000-06-29 00:00:00-04:00,58.21590117919139,59.62533878668761,57.235422843541855,57.35798263549805,216600,0.0,0.0,AEIS,1d
2000-06-30 00:00:00-04:00,58.82869198618107,58.82869198618107,56.19365682430004,57.78693389892578,289200,0.0,0.0,AEIS,1d
2000-07-03 00:00:00-04:00,57.78693367186047,57.78693367186047,56.37749626522972,56.622615814208984,48100,0.0,0.0,AEIS,1d
2000-07-05 00:00:00-04:00,55.39701617004467,55.764695480907804,50.126946047673165,51.65894317626953,251700,0.0,0.0,AEIS,1d
2000-07-06 00:00:00-04:00,51.965342864636206,52.82326126098633,50.00438653012163,52.82326126098633,349700,0.0,0.0,AEIS,1d
2000-07-07 00:00:00-04:00,52.45557168749572,56.071084222031054,51.597653458961915,55.948524475097656,356000,0.0,0.0,AEIS,1d
2000-07-10 00:00:00-04:00,55.64213761829195,58.82869175502232,55.151898520333425,56.622615814208984,145400,0.0,0.0,AEIS,1d
2000-07-11 00:00:00-04:00,58.33844534067007,59.31892341362251,54.53909280797937,55.76469039916992,184700,0.0,0.0,AEIS,1d
2000-07-12 00:00:00-04:00,56.00981659000203,58.82869138556012,55.948536703142075,57.84821319580078,151300,0.0,0.0,AEIS,1d
2000-07-13 00:00:00-04:00,58.093331513581454,60.29940739384404,57.909491856892906,59.564048767089844,275300,0.0,0.0,AEIS,1d
2000-07-14 00:00:00-04:00,60.05429023553517,60.29940978751695,58.33845337166274,59.318931579589844,40100,0.0,0.0,AEIS,1d
2000-07-17 00:00:00-04:00,60.4219600863573,61.77011741079935,59.80916130252001,60.299400329589844,142500,0.0,0.0,AEIS,1d
2000-07-18 00:00:00-04:00,60.42197208530856,60.42197208530856,55.151901497746145,55.51958084106445,446100,0.0,0.0,AEIS,1d
2000-07-19 00:00:00-04:00,55.764694827726515,56.377493671987246,52.24110147322731,53.313499450683594,266500,0.0,0.0,AEIS,1d
2000-07-20 00:00:00-04:00,53.19093787470024,54.23269587455036,49.636704698741006,51.107421875,356000,0.0,0.0,AEIS,1d
2000-07-21 00:00:00-04:00,50.984867640904014,50.984867640904014,43.9989602958763,44.611759185791016,799600,0.0,0.0,AEIS,1d
2000-07-24 00:00:00-04:00,45.83735613755777,50.494627616774864,42.89592151910486,47.85959243774414,729100,0.0,0.0,AEIS,1d
2000-07-25 00:00:00-04:00,48.99326915667888,49.452868304490124,46.81783319037231,47.98215103149414,510800,0.0,0.0,AEIS,1d
2000-07-26 00:00:00-04:00,46.879113076747146,47.98215103149414,45.34711591737633,47.98215103149414,394400,0.0,0.0,AEIS,1d
2000-07-27 00:00:00-04:00,48.28854166822448,48.28854166822448,39.21912013662902,40.0157585144043,323200,0.0,0.0,AEIS,1d
2000-07-28 00:00:00-04:00,41.18008873980978,44.8568823772928,39.21913213315217,42.28312683105469,570100,0.0,0.0,AEIS,1d
2000-07-31 00:00:00-04:00,42.160560862223306,44.121517181396484,41.18008270263672,44.121517181396484,298500,0.0,0.0,AEIS,1d
2000-08-01 00:00:00-04:00,44.12151987697241,44.366639431844476,43.07976176876612,43.44744110107422,437000,0.0,0.0,AEIS,1d
2000-08-02 00:00:00-04:00,43.570008123280154,44.244087011263396,42.650809639666655,42.71208953857422,309600,0.0,0.0,AEIS,1d
2000-08-03 00:00:00-04:00,40.68983787826345,40.873677507231506,35.052089256576345,38.7288818359375,1822600,0.0,0.0,AEIS,1d
2000-08-04 00:00:00-04:00,40.44472357718792,40.44472357718792,38.85144658778355,39.4029655456543,441300,0.0,0.0,AEIS,1d
2000-08-07 00:00:00-04:00,40.077040462959104,40.32215997649402,39.0352825304357,40.19960021972656,601900,0.0,0.0,AEIS,1d
2000-08-08 00:00:00-04:00,40.68983787826345,40.68983787826345,38.7288818359375,38.7288818359375,331600,0.0,0.0,AEIS,1d
2000-08-09 00:00:00-04:00,39.464249685908975,40.93496706550806,37.99353230630988,38.177371978759766,635700,0.0,0.0,AEIS,1d
2000-08-10 00:00:00-04:00,38.238646862553615,39.70936404957491,37.13560897228765,37.50328826904297,728400,0.0,0.0,AEIS,1d
2000-08-11 00:00:00-04:00,37.62584485865351,42.16055580253032,35.35848938671511,41.057518005371094,196500,0.0,0.0,AEIS,1d
2000-08-14 00:00:00-04:00,41.915436626186036,42.650795163487544,40.13832016104072,41.42519760131836,103000,0.0,0.0,AEIS,1d
2000-08-15 00:00:00-04:00,42.16056306731718,45.8679963021612,41.91544351460021,44.673038482666016,442700,0.0,0.0,AEIS,1d
2000-08-16 00:00:00-04:00,45.83735442311133,48.96262858832346,45.65351476633414,48.84006881713867,313700,0.0,0.0,AEIS,1d
2000-08-17 00:00:00-04:00,48.043432369014056,49.02391058062659,47.30807371030466,48.227272033691406,282100,0.0,0.0,AEIS,1d
2000-08-18 00:00:00-04:00,49.26902536826559,50.24950348504699,48.84006619217372,49.51414489746094,313600,0.0,0.0,AEIS,1d
2000-08-21 00:00:00-04:00,50.00439238836921,52.210468523150205,49.75927281783799,50.617191314697266,284300,0.0,0.0,AEIS,1d
2000-08-22 00:00:00-04:00,50.678462698591126,51.96534022781775,49.88182422811751,51.107421875,225600,0.0,0.0,AEIS,1d
2000-08-23 00:00:00-04:00,49.88182375799306,54.661654535786006,49.88182375799306,54.355255126953125,466200,0.0,0.0,AEIS,1d
2000-08-24 00:00:00-04:00,54.72293529575595,54.72293529575595,52.94581869600576,53.86501693725586,263700,0.0,0.0,AEIS,1d
2000-08-25 00:00:00-04:00,53.895660652708045,55.02933856296967,53.681181048063955,54.661659240722656,211100,0.0,0.0,AEIS,1d
2000-08-28 00:00:00-04:00,54.44717981701805,57.48053423563639,54.29398009890602,56.622615814208984,310000,0.0,0.0,AEIS,1d
2000-08-29 00:00:00-04:00,56.13237410777211,56.25493387656637,54.906776419829484,55.70341491699219,202000,0.0,0.0,AEIS,1d
2000-08-30 00:00:00-04:00,54.78421845869584,55.27445755004883,52.761982206864786,53.926300048828125,231200,0.0,0.0,AEIS,1d
2000-08-31 00:00:00-04:00,53.742448477045976,56.62260250033122,53.742448477045976,56.009803771972656,186800,0.0,0.0,AEIS,1d
2000-09-01 00:00:00-04:00,56.071096921551195,56.071096921551195,54.845499174632046,55.02933883666992,203200,0.0,0.0,AEIS,1d
2000-09-05 00:00:00-04:00,53.803739102248976,56.99029312652796,53.558619561919826,54.048858642578125,213600,0.0,0.0,AEIS,1d
2000-09-06 00:00:00-04:00,54.477816353505744,54.477816353505744,51.352542299480106,53.00709915161133,267200,0.0,0.0,AEIS,1d
2000-09-07 00:00:00-04:00,53.190955910531116,53.803754941758434,49.023922498185364,50.12696075439453,439800,0.0,0.0,AEIS,1d
2000-09-08 00:00:00-04:00,49.8818245830618,50.617183176423886,45.95991208513065,46.28163146972656,322300,0.0,0.0,AEIS,1d
2000-09-11 00:00:00-04:00,46.78720447617089,48.90136106350278,45.40840670182401,45.653526306152344,169200,0.0,0.0,AEIS,1d
2000-09-12 00:00:00-04:00,45.59223471397211,46.63399276523222,43.63127838218836,44.48919677734375,265500,0.0,0.0,AEIS,1d
2000-09-13 00:00:00-04:00,43.386158267602305,45.59223411171767,42.52823988377966,44.55047607421875,321400,0.0,0.0,AEIS,1d
2000-09-14 00:00:00-04:00,45.53096121083135,46.695279196034306,42.03800725522249,42.28312683105469,328700,0.0,0.0,AEIS,1d
2000-09-15 00:00:00-04:00,42.283109274391606,43.75382611871827,40.68983269303772,41.30263137817383,295500,0.0,0.0,AEIS,1d
2000-09-18 00:00:00-04:00,41.670319773806234,41.85415941986714,39.95448307723774,41.547760009765625,415900,0.0,0.0,AEIS,1d
2000-09-19 00:00:00-04:00,41.94607852274163,45.46967167841387,41.3026397725754,45.224552154541016,883400,0.0,0.0,AEIS,1d
2000-09-20 00:00:00-04:00,45.50030341731255,45.5309433522737,41.180072587789944,41.609031677246094,557800,0.0,0.0,AEIS,1d
2000-09-21 00:00:00-04:00,41.1647561746571,41.60903526995485,39.525519512696434,40.0157585144043,320900,0.0,0.0,AEIS,1d
2000-09-22 00:00:00-04:00,37.38073811104627,38.97401547315644,36.767939125619286,37.687137603759766,818500,0.0,0.0,AEIS,1d
2000-09-25 00:00:00-04:00,38.36120568220864,39.648083189119795,36.21640983735672,36.40024948120117,466800,0.0,0.0,AEIS,1d
2000-09-26 00:00:00-04:00,36.277696981580895,36.52281655578077,33.949061026682124,34.86825942993164,624400,0.0,0.0,AEIS,1d
2000-09-27 00:00:00-04:00,35.358492305553376,35.54233195358918,32.53961770233768,33.52009582519531,324700,0.0,0.0,AEIS,1d
2000-09-28 00:00:00-04:00,33.091129302978516,34.378006553649904,31.49785270690918,34.31672668457031,540200,0.0,0.0,AEIS,1d
2000-09-29 00:00:00-04:00,34.010330546985976,34.071610421845406,32.29449405092182,32.35577392578125,242900,0.0,0.0,AEIS,1d
2000-10-02 00:00:00-04:00,33.52009247798546,34.80696988573261,31.007617539050532,31.252737045288086,386500,0.0,0.0,AEIS,1d
2000-10-03 00:00:00-04:00,32.846018636393886,32.846018636393886,30.14970367370483,30.578662872314453,257500,0.0,0.0,AEIS,1d
2000-10-04 00:00:00-04:00,30.394826567108097,34.3167396725414,30.149706998018516,33.765220642089844,336100,0.0,0.0,AEIS,1d
2000-10-05 00:00:00-04:00,33.64265457820703,33.64265457820703,30.63994041731059,30.823780059814453,466100,0.0,0.0,AEIS,1d
2000-10-06 00:00:00-04:00,30.88506382533482,31.98810181909678,30.027145385742188,30.027145385742188,662200,0.0,0.0,AEIS,1d
2000-10-09 00:00:00-04:00,30.70122066034335,32.9685762779735,29.782022436979776,32.78473663330078,301500,0.0,0.0,AEIS,1d
2000-10-10 00:00:00-04:00,32.78474071277138,32.78474071277138,27.729149855194485,29.797346115112305,337900,0.0,0.0,AEIS,1d
2000-10-11 00:00:00-04:00,28.433866765434946,31.007621946788973,27.4533886011096,29.59818458557129,640000,0.0,0.0,AEIS,1d
2000-10-12 00:00:00-04:00,31.06890410917351,32.23322201464549,25.24731458181358,25.431154251098633,528700,0.0,0.0,AEIS,1d
2000-10-13 00:00:00-04:00,15.871487588593455,17.40348446007931,14.707169966264205,16.177886962890625,10704900,0.0,0.0,AEIS,1d
2000-10-16 00:00:00-04:00,16.42300738366563,17.34220555812453,15.871488478990292,16.48428726196289,1721200,0.0,0.0,AEIS,1d
2000-10-17 00:00:00-04:00,16.668127486954873,16.790687247888364,16.116608562754163,16.42300796508789,1491500,0.0,0.0,AEIS,1d
2000-10-18 00:00:00-04:00,16.54556801325889,16.668127776320066,16.055328961014183,16.193208694458008,936900,0.0,0.0,AEIS,1d
2000-10-19 00:00:00-04:00,16.790685766665362,17.771163767638523,16.668126016543717,17.587324142456055,975800,0.0,0.0,AEIS,1d
2000-10-20 00:00:00-04:00,17.832445626060803,19.48700243672624,17.709885862307807,19.18060302734375,726000,0.0,0.0,AEIS,1d
2000-10-23 00:00:00-04:00,19.609565109503073,20.71260314691262,18.38396729015913,18.690366744995117,892800,0.0,0.0,AEIS,1d
2000-10-24 00:00:00-04:00,18.874206759405475,18.874206759405475,17.158369781277703,17.280929565429688,507900,0.0,0.0,AEIS,1d
2000-10-25 00:00:00-04:00,16.959207273088396,17.035807125270367,15.319970436394215,15.687649726867676,1192700,0.0,0.0,AEIS,1d
2000-10-26 00:00:00-04:00,15.87149158053928,16.66813015407986,15.319972568088108,16.545570373535156,801300,0.0,0.0,AEIS,1d
2000-10-27 00:00:00-04:00,16.606846116211393,17.342204615822233,16.055327241503267,16.377046585083008,402300,0.0,0.0,AEIS,1d
2000-10-30 00:00:00-05:00,16.423012560746802,17.158371332123526,15.381254301296446,15.565093994140625,403800,0.0,0.0,AEIS,1d
2000-10-31 00:00:00-05:00,15.871488239454187,17.342205296392027,15.810208362081777,16.913246154785156,637000,0.0,0.0,AEIS,1d
2000-11-01 00:00:00-05:00,15.932770901500518,17.035808886989017,15.81021112533513,16.606849670410156,340000,0.0,0.0,AEIS,1d
2000-11-02 00:00:00-05:00,16.913248055533966,18.506525046272674,16.89792808446917,17.70988655090332,410000,0.0,0.0,AEIS,1d
2000-11-03 00:00:00-05:00,18.13884543698584,18.32268508668502,17.342206954956055,17.342206954956055,1011700,0.0,0.0,AEIS,1d
2000-11-06 00:00:00-05:00,17.95500578728666,18.56780461961726,17.219647188489933,17.342206954956055,1056700,0.0,0.0,AEIS,1d
2000-11-07 00:00:00-05:00,17.40348340106267,17.587323014454174,15.932766493930611,17.097084045410156,1149900,0.0,0.0,AEIS,1d
2000-11-08 00:00:00-05:00,17.40348340106267,17.771162627845683,16.69876488306189,17.097084045410156,441000,0.0,0.0,AEIS,1d
2000-11-09 00:00:00-05:00,16.851971015124256,17.771169434131032,16.72941122592335,17.40349006652832,676800,0.0,0.0,AEIS,1d
2000-11-10 00:00:00-05:00,17.280928439319794,17.403488215485183,16.545569782327462,16.606849670410156,404300,0.0,0.0,AEIS,1d
2000-11-13 00:00:00-05:00,16.300445720713626,17.158363916540658,14.952288555842573,17.097084045410156,438400,0.0,0.0,AEIS,1d
2000-11-14 00:00:00-05:00,17.587324413135892,18.996761561226922,17.15836528110819,18.56780242919922,284500,0.0,0.0,AEIS,1d
2000-11-15 00:00:00-05:00,18.721003913270017,20.77387995613269,18.077565153566795,19.18060302734375,488100,0.0,0.0,AEIS,1d
2000-11-16 00:00:00-05:00,19.11932120487608,19.11932120487608,17.771163940429688,17.771163940429688,408400,0.0,0.0,AEIS,1d
2000-11-17 00:00:00-05:00,18.751643672133937,19.85468153520064,18.138844859319104,18.200124740600586,347100,0.0,0.0,AEIS,1d
2000-11-20 00:00:00-05:00,18.506527314998714,19.548285475114533,18.07756807259808,19.058046340942383,449000,0.0,0.0,AEIS,1d
2000-11-21 00:00:00-05:00,19.11932271963414,19.73212152475062,18.383964153494368,19.425722122192383,323900,0.0,0.0,AEIS,1d
2000-11-22 00:00:00-05:00,18.69036843545461,19.36444729706117,18.138849366867422,18.322689056396484,325300,0.0,0.0,AEIS,1d
2000-11-24 00:00:00-05:00,18.75164852142334,21.81564337786506,18.383969138650333,20.83516502380371,259300,0.0,0.0,AEIS,1d
2000-11-27 00:00:00-05:00,21.509242049459118,22.97995945455034,20.590043671277105,21.01900291442871,347800,0.0,0.0,AEIS,1d
2000-11-28 00:00:00-05:00,21.064964709458526,21.08028468379268,19.548287250377513,19.854686737060547,239600,0.0,0.0,AEIS,1d
2000-11-29 00:00:00-05:00,20.09979994553786,20.896438358013448,19.732120678241436,19.91596031188965,497800,0.0,0.0,AEIS,1d
2000-11-30 00:00:00-05:00,19.732120768229166,19.732120768229166,17.77116466703869,19.30316162109375,665300,0.0,0.0,AEIS,1d
2000-12-01 00:00:00-05:00,19.36444616317749,21.202842950820923,19.180606484413147,19.60956573486328,284700,0.0,0.0,AEIS,1d
2000-12-04 00:00:00-05:00,18.81292547410534,19.73212378717238,18.20012659872732,18.99676513671875,218200,0.0,0.0,AEIS,1d
2000-12-05 00:00:00-05:00,19.854682611864668,21.570519380791243,19.609563073446587,21.080280303955078,559900,0.0,0.0,AEIS,1d
2000-12-06 00:00:00-05:00,21.754363084732628,22.73484142094593,21.08028422858598,21.264123916625977,353500,0.0,0.0,AEIS,1d
2000-12-07 00:00:00-05:00,22.36715341436452,22.673552776205128,20.83515660516147,21.325395584106445,405800,0.0,0.0,AEIS,1d
2000-12-08 00:00:00-05:00,21.570522523537658,24.144278051914313,21.570522523537658,23.899158477783203,1117200,0.0,0.0,AEIS,1d
2000-12-11 00:00:00-05:00,24.144273660349292,26.840588485362918,24.082993777962617,26.35034942626953,923300,0.0,0.0,AEIS,1d
2000-12-12 00:00:00-05:00,26.151198657625756,26.472918149020096,24.45068134596995,25.063480377197266,2463700,0.0,0.0,AEIS,1d
2000-12-13 00:00:00-05:00,24.38939905727611,24.450678954404943,20.590045435288374,20.83516502380371,2085000,0.0,0.0,AEIS,1d
2000-12-14 00:00:00-05:00,20.59004506047933,21.93820277277262,19.60956672426603,21.264123916625977,400900,0.0,0.0,AEIS,1d
2000-12-15 00:00:00-05:00,20.865799078033692,23.408914090481264,20.590039618852632,22.85739517211914,657400,0.0,0.0,AEIS,1d
2000-12-18 00:00:00-05:00,22.85739176120599,23.16379111457336,21.907553765767133,21.999473571777344,614900,0.0,0.0,AEIS,1d
2000-12-19 00:00:00-05:00,22.076078561941785,22.30587813059489,21.938198820749918,22.060758590698242,524600,0.0,0.0,AEIS,1d
2000-12-20 00:00:00-05:00,21.815636526254508,21.93819628201998,19.854680434006912,19.91596031188965,1109300,0.0,0.0,AEIS,1d
2000-12-21 00:00:00-05:00,19.977240448477882,20.222359963183134,18.567803238922693,19.487001419067383,652800,0.0,0.0,AEIS,1d
2000-12-22 00:00:00-05:00,19.609561082793444,21.018998285619222,19.487001326025986,20.09980010986328,492800,0.0,0.0,AEIS,1d
2000-12-26 00:00:00-05:00,19.97724448706131,20.099804269190518,19.303165685350653,19.67084503173828,214100,0.0,0.0,AEIS,1d
2000-12-27 00:00:00-05:00,19.54828095569291,22.06075593745908,19.54828095569291,21.938196182250977,510200,0.0,0.0,AEIS,1d
2000-12-28 00:00:00-05:00,21.264119103836688,23.041235686001713,21.264119103836688,22.367156982421875,677700,0.0,0.0,AEIS,1d
2000-12-29 00:00:00-05:00,22.367158015569053,24.511953989664715,21.815639050801597,22.060758590698242,247700,0.0,0.0,AEIS,1d
2001-01-02 00:00:00-05:00,22.22927849458143,22.305878351557933,19.609563385984995,19.6555233001709,243500,0.0,0.0,AEIS,1d
2001-01-03 00:00:00-05:00,19.609563267646145,24.63451385498047,19.42572361201196,24.63451385498047,2142100,0.0,0.0,AEIS,1d
2001-01-04 00:00:00-05:00,24.26683603078833,26.84059136738709,23.592757252155323,25.8601131439209,1191000,0.0,0.0,AEIS,1d
2001-01-05 00:00:00-05:00,25.73755609228256,25.73755609228256,22.55100152847615,23.041240692138672,1231900,0.0,0.0,AEIS,1d
2001-01-08 00:00:00-05:00,22.734837829168118,24.695794191791784,22.612278056504138,24.389394760131836,241700,0.0,0.0,AEIS,1d
2001-01-09 00:00:00-05:00,24.542593899168498,24.75707349628982,23.53147579845369,23.654035568237305,415500,0.0,0.0,AEIS,1d
2001-01-10 00:00:00-05:00,22.12204124044275,26.41163372473913,21.876921669911532,25.308595657348633,924500,0.0,0.0,AEIS,1d
2001-01-11 00:00:00-05:00,25.231994448316858,29.04666756163252,25.002194863177362,28.80154800415039,1574000,0.0,0.0,AEIS,1d
2001-01-12 00:00:00-05:00,28.740262985229492,29.414341647996068,27.208266024396362,28.740262985229492,935600,0.0,0.0,AEIS,1d
2001-01-16 00:00:00-05:00,28.678984993382503,28.740264875846997,26.840588519447728,27.943626403808594,713800,0.0,0.0,AEIS,1d
2001-01-17 00:00:00-05:00,28.862827267563134,32.110661333764504,28.862827267563134,31.436582565307617,1407900,0.0,0.0,AEIS,1d
2001-01-18 00:00:00-05:00,31.130179277106897,32.84601593017578,29.536902384971505,32.84601593017578,1378100,0.0,0.0,AEIS,1d
2001-01-19 00:00:00-05:00,32.6162034479299,32.96856262092304,31.068887079568732,32.60088348388672,1037400,0.0,0.0,AEIS,1d
2001-01-22 00:00:00-05:00,31.742978272333772,32.355777080679985,30.823780059814453,30.823780059814453,459300,0.0,0.0,AEIS,1d
2001-01-23 00:00:00-05:00,30.272267917334208,33.33626264580933,30.0271483390562,33.24434280395508,457800,0.0,0.0,AEIS,1d
2001-01-24 00:00:00-05:00,33.33625379370934,35.05209038603262,32.478335497547704,32.96857452392578,689300,0.0,0.0,AEIS,1d
2001-01-25 00:00:00-05:00,32.47834148634952,32.846020823930836,30.394825240055404,30.76250457763672,246500,0.0,0.0,AEIS,1d
2001-01-26 00:00:00-05:00,30.1497025098957,30.946340990848228,29.169224379492587,29.904582977294922,368200,0.0,0.0,AEIS,1d
2001-01-29 00:00:00-05:00,29.59818385197566,31.620420015775238,29.59818385197566,31.467220306396484,216900,0.0,0.0,AEIS,1d
2001-01-30 00:00:00-05:00,31.130178218934596,32.84601481367902,30.149700164794922,30.149700164794922,313900,0.0,0.0,AEIS,1d
2001-01-31 00:00:00-05:00,30.39482219253198,31.9880991623018,29.9045831249105,30.088422775268555,529900,0.0,0.0,AEIS,1d
2001-02-01 00:00:00-05:00,29.904582502504276,30.21098191339059,28.3725854480727,28.556425094604492,228700,0.0,0.0,AEIS,1d
2001-02-02 00:00:00-05:00,28.25002888021948,30.272265220885952,26.840591430664062,26.840591430664062,313400,0.0,0.0,AEIS,1d
2001-02-05 00:00:00-05:00,26.901871605379036,27.33083083371082,25.00219502276685,25.431154251098633,278100,0.0,0.0,AEIS,1d
2001-02-06 00:00:00-05:00,24.527273733701026,28.433866364615305,24.5119537625994,27.453388214111328,392500,0.0,0.0,AEIS,1d
2001-02-07 00:00:00-05:00,26.963151630602386,28.0661896518543,24.634515807959453,25.614994049072266,890600,0.0,0.0,AEIS,1d
2001-02-08 00:00:00-05:00,24.389394503470147,25.982671531335033,22.796117475605264,23.22507667541504,954000,0.0,0.0,AEIS,1d
2001-02-09 00:00:00-05:00,23.53147579845369,24.94091315096524,23.22507637399466,23.654035568237305,338600,0.0,0.0,AEIS,1d
2001-02-12 00:00:00-05:00,23.53147592117537,25.614992018362777,23.2250764951184,24.63451385498047,371800,0.0,0.0,AEIS,1d
2001-02-13 00:00:00-05:00,24.87963385078775,26.59547066808346,24.0217154421399,24.389394760131836,537900,0.0,0.0,AEIS,1d
2001-02-14 00:00:00-05:00,24.389392339743658,28.6177040770359,24.389392339743658,28.250024795532227,850100,0.0,0.0,AEIS,1d
2001-02-15 00:00:00-05:00,29.16922510494976,30.76250210648063,28.801545796904175,29.230504989624023,552000,0.0,0.0,AEIS,1d
2001-02-16 00:00:00-05:00,27.698508661443537,28.066187979958272,25.982671841708097,26.963150024414062,354800,0.0,0.0,AEIS,1d
2001-02-20 00:00:00-05:00,26.71803158945382,27.453390257053464,25.186034365287888,25.8601131439209,339000,0.0,0.0,AEIS,1d
2001-02-21 00:00:00-05:00,25.124754535553116,26.963151208886273,25.00219475733091,26.840591430664062,926100,0.0,0.0,AEIS,1d
2001-02-22 00:00:00-05:00,26.993791841111094,27.208271458463848,24.634516050230783,25.98267364501953,353000,0.0,0.0,AEIS,1d
2001-02-23 00:00:00-05:00,25.98267071063702,26.04395059438852,23.77659489558293,25.492431640625,294900,0.0,0.0,AEIS,1d
2001-02-26 00:00:00-05:00,25.614990819844124,26.472909172661872,24.389393172961633,25.5537109375,252200,0.0,0.0,AEIS,1d
2001-02-27 00:00:00-05:00,25.599670788598438,25.614990759148167,22.91867594239573,23.163795471191406,247200,0.0,0.0,AEIS,1d
2001-02-28 00:00:00-05:00,23.163796669195506,24.38939437656035,22.060758732567148,22.244598388671875,368600,0.0,0.0,AEIS,1d
2001-03-01 00:00:00-05:00,21.754359418924377,23.28635656110215,21.080280676366158,23.22507667541504,629800,0.0,0.0,AEIS,1d
2001-03-02 00:00:00-05:00,20.651322240630783,24.38939540584882,20.651322240630783,23.531476974487305,783800,0.0,0.0,AEIS,1d
2001-03-05 00:00:00-05:00,24.220875072718865,24.87963385078775,23.89915566947592,24.389394760131836,103200,0.0,0.0,AEIS,1d
2001-03-06 00:00:00-05:00,25.002193265060814,26.718030057761066,25.002193265060814,26.411630630493164,495100,0.0,0.0,AEIS,1d
2001-03-07 00:00:00-05:00,26.472912897829147,26.472912897829147,25.61499442428839,26.166513442993164,319500,0.0,0.0,AEIS,1d
2001-03-08 00:00:00-05:00,25.98266940250575,26.840587731833768,25.860109641173175,26.2277889251709,197000,0.0,0.0,AEIS,1d
2001-03-09 00:00:00-05:00,26.289072159797914,26.289072159797914,23.899156508907197,24.6957950592041,277600,0.0,0.0,AEIS,1d
2001-03-12 00:00:00-05:00,23.776596205923564,24.266835302952913,22.79611801186486,23.96043586730957,550900,0.0,0.0,AEIS,1d
2001-03-13 00:00:00-05:00,22.857396114358515,26.35034940797362,22.42843693794964,25.5537109375,415100,0.0,0.0,AEIS,1d
2001-03-14 00:00:00-05:00,24.389392315762713,26.472908242234904,24.389392315762713,25.247310638427734,216200,0.0,0.0,AEIS,1d
2001-03-15 00:00:00-05:00,25.737556918742374,26.472915687849298,24.266839380528523,24.3281192779541,378600,0.0,0.0,AEIS,1d
2001-03-16 00:00:00-05:00,24.450671249965453,24.511951127784915,22.55099503756212,22.734834671020508,510800,0.0,0.0,AEIS,1d
2001-03-19 00:00:00-05:00,22.612280713594878,23.899158477783203,21.570522523537658,23.899158477783203,388100,0.0,0.0,AEIS,1d
2001-03-20 00:00:00-05:00,23.592753023714632,25.737548753143233,23.592753023714632,24.94091033935547,524700,0.0,0.0,AEIS,1d
2001-03-21 00:00:00-05:00,24.818352349370503,26.35034940797362,24.328113290617505,25.5537109375,452600,0.0,0.0,AEIS,1d
2001-03-22 00:00:00-05:00,25.64563246640292,26.963150024414062,25.247313204678623,26.963150024414062,247000,0.0,0.0,AEIS,1d
2001-03-23 00:00:00-05:00,27.851706178193368,29.414343158488045,27.698506474242908,28.985383987426758,1011200,0.0,0.0,AEIS,1d
2001-03-26 00:00:00-05:00,28.98538767226199,29.47562678722625,28.066189331704,28.80154800415039,198200,0.0,0.0,AEIS,1d
2001-03-27 00:00:00-05:00,28.311307130036532,30.14970369692202,28.12746747334798,29.782024383544922,255900,0.0,0.0,AEIS,1d
2001-03-28 00:00:00-05:00,29.077303296446537,29.644142191055874,27.208266941248183,27.637226104736328,394400,0.0,0.0,AEIS,1d
2001-03-29 00:00:00-05:00,27.637228775024415,28.61770695773038,26.350351160222832,26.963150024414062,266700,0.0,0.0,AEIS,1d
2001-03-30 00:00:00-05:00,27.146992436332795,27.208272328965602,25.124755979450217,25.308595657348633,359500,0.0,0.0,AEIS,1d
2001-04-02 00:00:00-04:00,25.247311612834103,25.982670203499172,22.550996780395508,22.550996780395508,375700,0.0,0.0,AEIS,1d
2001-04-03 00:00:00-04:00,22.489714894157956,23.65403255897812,22.183315508678962,22.96463394165039,337100,0.0,0.0,AEIS,1d
2001-04-04 00:00:00-04:00,22.918675051937154,23.592753729935307,22.06075673448496,22.85739517211914,810800,0.0,0.0,AEIS,1d
2001-04-05 00:00:00-04:00,23.470194570479855,26.963147809428552,23.28635492632466,26.595468521118164,345500,0.0,0.0,AEIS,1d
2001-04-06 00:00:00-04:00,26.350350640899507,26.472910411322296,23.89915523244374,24.63451385498047,326500,0.0,0.0,AEIS,1d
2001-04-09 00:00:00-04:00,24.80609530764625,24.89433848670246,21.815637835539125,23.18830680847168,255300,0.0,0.0,AEIS,1d
2001-04-10 00:00:00-04:00,23.53147625785804,25.982671701384916,23.286356713505352,25.59048080444336,508100,0.0,0.0,AEIS,1d
2001-04-11 00:00:00-04:00,27.443581864600162,28.87508086671124,27.34553368032731,27.99264907836914,639000,0.0,0.0,AEIS,1d
2001-04-12 00:00:00-04:00,26.129741267603695,30.836037319495738,25.963059914034556,30.286968231201172,595900,0.0,0.0,AEIS,1d
2001-04-16 00:00:00-04:00,29.05156866787082,29.384931410353534,27.76714273072494,28.571134567260742,167100,0.0,0.0,AEIS,1d
2001-04-17 00:00:00-04:00,27.943626403808594,28.835861342882517,27.257290972160835,27.943626403808594,270600,0.0,0.0,AEIS,1d
2001-04-18 00:00:00-04:00,28.67898216286602,34.46380399266306,28.67898216286602,33.31664276123047,1753000,0.0,0.0,AEIS,1d
2001-04-19 00:00:00-04:00,33.042112168529165,34.44419612742958,32.67933632482601,33.90493392944336,1034000,0.0,0.0,AEIS,1d
2001-04-20 00:00:00-04:00,34.01278312739736,34.218686366035485,32.600896043715196,33.2872314453125,745600,0.0,0.0,AEIS,1d
2001-04-23 00:00:00-04:00,32.79699435193422,32.816604363454395,31.247838973999023,31.247838973999023,385700,0.0,0.0,AEIS,1d
2001-04-24 00:00:00-04:00,31.1694030638197,33.28723583899564,31.130183037928333,31.56159210205078,491500,0.0,0.0,AEIS,1d
2001-04-25 00:00:00-04:00,31.404717267494117,33.51274700892985,30.218339478233876,33.37548065185547,667500,0.0,0.0,AEIS,1d
2001-04-26 00:00:00-04:00,33.34605663276855,33.55195986459353,32.728358157974355,33.159767150878906,376500,0.0,0.0,AEIS,1d
2001-04-27 00:00:00-04:00,33.15977156393381,34.02259340479812,32.9832851932973,33.33625793457031,265100,0.0,0.0,AEIS,1d
2001-04-30 00:00:00-04:00,33.40488901521114,35.05209254449217,33.169576362586525,34.03239440917969,1056600,0.0,0.0,AEIS,1d
2001-05-01 00:00:00-04:00,34.21869224337979,34.26771540757966,33.355870340597015,33.87552261352539,436500,0.0,0.0,AEIS,1d
2001-05-02 00:00:00-04:00,34.05201297231402,35.816873271145866,33.82650339848483,34.7187385559082,348400,0.0,0.0,AEIS,1d
2001-05-03 00:00:00-04:00,34.24809599218671,34.25789912624449,33.40488433460493,33.57156753540039,419700,0.0,0.0,AEIS,1d
2001-05-04 00:00:00-04:00,33.346055905037744,33.54215225761553,31.8655357365178,33.31664276123047,371400,0.0,0.0,AEIS,1d
2001-05-07 00:00:00-04:00,32.404804328163785,34.679513492691584,32.404804328163785,33.58137893676758,448600,0.0,0.0,AEIS,1d
2001-05-08 00:00:00-04:00,33.82649805923177,35.63057810533323,33.67942483244845,35.365848541259766,385900,0.0,0.0,AEIS,1d
2001-05-09 00:00:00-04:00,34.66971017436639,35.56194519766725,34.13044790581797,35.25799560546875,632800,0.0,0.0,AEIS,1d
2001-05-10 00:00:00-04:00,34.679515628026756,35.98355353241545,33.33626143511107,33.8363037109375,985300,0.0,0.0,AEIS,1d
2001-05-11 00:00:00-04:00,33.31666146736112,33.69904751245932,32.11067327119412,32.74798583984375,518300,0.0,0.0,AEIS,1d
2001-05-14 00:00:00-04:00,32.67935263894043,32.97349546284451,32.4832561762614,32.74798583984375,402700,0.0,0.0,AEIS,1d
2001-05-15 00:00:00-04:00,32.84601427161175,34.46380453033413,32.836211136932,33.82649230957031,358600,0.0,0.0,AEIS,1d
2001-05-16 00:00:00-04:00,33.92454391649779,36.17964674824491,33.09113895014079,35.41487121582031,466000,0.0,0.0,AEIS,1d
2001-05-17 00:00:00-04:00,35.73843324629683,36.34632871889358,34.610881753690265,34.777565002441406,646200,0.0,0.0,AEIS,1d
2001-05-18 00:00:00-04:00,34.6402961858772,35.64038064648324,32.66953293298464,34.79717254638672,307100,0.0,0.0,AEIS,1d
2001-05-21 00:00:00-04:00,34.51283440198718,37.34641588479767,34.21869168139115,37.16992950439453,361600,0.0,0.0,AEIS,1d
2001-05-22 00:00:00-04:00,37.26798105779358,38.87596872033581,36.640475501790824,38.817138671875,417300,0.0,0.0,AEIS,1d
2001-05-23 00:00:00-04:00,38.091572382606145,38.25825560318392,35.83647351878533,36.032569885253906,597200,0.0,0.0,AEIS,1d
2001-05-24 00:00:00-04:00,36.03257543801326,36.60125461438507,35.16975353672362,35.777652740478516,616700,0.0,0.0,AEIS,1d
2001-05-25 00:00:00-04:00,35.689409426145374,36.72871396662653,35.571749344401056,35.944332122802734,178500,0.0,0.0,AEIS,1d
2001-05-29 00:00:00-04:00,35.79725988286498,35.83647991120007,34.31673934537885,34.503028869628906,601400,0.0,0.0,AEIS,1d
2001-05-30 00:00:00-04:00,34.355954810817835,34.355954810817835,30.68896493351879,31.081157684326172,688600,0.0,0.0,AEIS,1d
2001-05-31 00:00:00-04:00,31.189003587258604,32.95386504882997,31.189003587258604,32.06163024902344,345300,0.0,0.0,AEIS,1d
2001-06-01 00:00:00-04:00,32.25772689259668,35.199160819329755,32.120456834225415,34.463802337646484,392700,0.0,0.0,AEIS,1d
2001-06-04 00:00:00-04:00,34.65989640517642,34.757946451013396,33.434298883915204,33.983367919921875,139800,0.0,0.0,AEIS,1d
2001-06-05 00:00:00-04:00,34.19908006200707,36.8267618910278,34.052006838501775,35.68940734863281,152100,0.0,0.0,AEIS,1d
2001-06-06 00:00:00-04:00,36.00316081411042,37.611144468731474,35.29721531101727,37.267974853515625,326100,0.0,0.0,AEIS,1d
2001-06-07 00:00:00-04:00,37.16012445105585,41.180083485713055,36.96402806736411,39.827022552490234,722400,0.0,0.0,AEIS,1d
2001-06-08 00:00:00-04:00,39.46423824446124,39.68974772845954,38.35629709244645,39.03282928466797,274600,0.0,0.0,AEIS,1d
2001-06-11 00:00:00-04:00,38.650446088820054,39.023028825479145,37.84645432144803,38.67986297607422,343300,0.0,0.0,AEIS,1d
2001-06-12 00:00:00-04:00,38.29748061660192,39.581904690952975,36.326717300032975,38.7877197265625,397500,0.0,0.0,AEIS,1d
2001-06-13 00:00:00-04:00,38.78772592685363,40.93497222524038,37.99353709528299,39.55249786376953,453800,0.0,0.0,AEIS,1d
2001-06-14 00:00:00-04:00,39.385802027790554,39.39560890295573,37.13070322908143,37.74840545654297,721500,0.0,0.0,AEIS,1d
2001-06-15 00:00:00-04:00,37.25817385652748,37.50329342137305,35.19917100791574,36.738521575927734,560900,0.0,0.0,AEIS,1d
2001-06-18 00:00:00-04:00,36.82676759142815,37.98373232539177,36.3169184086452,36.44437789916992,533500,0.0,0.0,AEIS,1d
2001-06-19 00:00:00-04:00,36.93460555687056,38.26805627473781,36.13061387231416,36.277687072753906,450000,0.0,0.0,AEIS,1d
2001-06-20 00:00:00-04:00,35.816862895591356,35.92471608231597,34.159856294734894,35.856082916259766,451600,0.0,0.0,AEIS,1d
2001-06-21 00:00:00-04:00,35.95412824921141,37.19933581984231,34.94423705595978,36.120811462402344,181500,0.0,0.0,AEIS,1d
2001-06-22 00:00:00-04:00,35.983551115745485,39.13088527750005,35.983551115745485,37.55231475830078,256400,0.0,0.0,AEIS,1d
2001-06-25 00:00:00-04:00,37.77782339361848,38.258259351525695,37.28758429952958,37.65036392211914,233200,0.0,0.0,AEIS,1d
2001-06-26 00:00:00-04:00,37.2679718646568,38.2386468535626,36.424763819420384,38.06216049194336,808100,0.0,0.0,AEIS,1d
2001-06-27 00:00:00-04:00,37.64055267577423,39.55248566879777,37.64055267577423,38.42493438720703,250200,0.0,0.0,AEIS,1d
2001-06-28 00:00:00-04:00,38.46415427336912,39.82701819351176,37.65035941942347,38.92498016357422,455100,0.0,0.0,AEIS,1d
2001-06-29 00:00:00-04:00,38.92498589642263,44.18034972899761,38.84654584388745,40.46433639526367,301400,0.0,0.0,AEIS,1d
2001-07-02 00:00:00-04:00,40.66043446204032,42.5527577948195,40.199608484973844,41.552669525146484,354700,0.0,0.0,AEIS,1d
2001-07-03 00:00:00-04:00,41.552664881000055,41.97427078306171,41.04281579617601,41.31734848022461,92100,0.0,0.0,AEIS,1d
2001-07-05 00:00:00-04:00,40.98398268151673,40.99378955676864,39.46424241722191,39.876041412353516,139700,0.0,0.0,AEIS,1d
2001-07-06 00:00:00-04:00,39.70936273068798,39.70936273068798,35.29721131616709,36.032569885253906,613700,0.0,0.0,AEIS,1d
2001-07-09 00:00:00-04:00,36.03256999949029,37.307190775236364,35.297211428072124,36.98363494873047,254900,0.0,0.0,AEIS,1d
2001-07-10 00:00:00-04:00,37.25816844642613,37.45426481787381,32.72836059309794,33.140159606933594,484300,0.0,0.0,AEIS,1d
2001-07-11 00:00:00-04:00,33.2382126767452,34.07161765568534,30.29677618887443,31.56159210205078,1284200,0.0,0.0,AEIS,1d
2001-07-12 00:00:00-04:00,30.404626514807074,34.17946762465742,30.00263063800335,33.4735221862793,1048000,0.0,0.0,AEIS,1d
2001-07-13 00:00:00-04:00,33.37547378335163,34.806970841429184,32.17928936319609,33.777469635009766,226600,0.0,0.0,AEIS,1d
2001-07-16 00:00:00-04:00,34.23829482521309,34.26771171274334,28.580937383371936,29.041763305664062,720600,0.0,0.0,AEIS,1d
2001-07-17 00:00:00-04:00,28.453478137217157,31.27725456256016,27.96323903162808,31.032135009765625,415700,0.0,0.0,AEIS,1d
2001-07-18 00:00:00-04:00,30.6399463699959,30.7281895651506,28.531918433762964,29.188838958740234,284400,0.0,0.0,AEIS,1d
2001-07-19 00:00:00-04:00,29.169227200169715,32.92446059805544,29.169227200169715,30.394824981689453,338700,0.0,0.0,AEIS,1d
2001-07-20 00:00:00-04:00,30.355600546072946,31.277250467544004,29.24766113535016,30.777206420898438,167900,0.0,0.0,AEIS,1d
2001-07-23 00:00:00-04:00,30.855644012196798,31.44393122483604,28.914297893589445,28.95351791381836,167900,0.0,0.0,AEIS,1d
2001-07-24 00:00:00-04:00,29.414342305512218,29.816338167411804,27.855382013710987,28.149524688720703,203700,0.0,0.0,AEIS,1d
2001-07-25 00:00:00-04:00,28.24757745826367,29.02215616243332,27.208271051634892,27.404367446899414,414300,0.0,0.0,AEIS,1d
2001-07-26 00:00:00-04:00,27.188659267358297,32.355779683884755,27.188659267358297,31.796907424926758,750400,0.0,0.0,AEIS,1d
2001-07-27 00:00:00-04:00,31.757691742832037,33.67942832553813,31.28706260463225,32.561683654785156,215600,0.0,0.0,AEIS,1d
2001-07-30 00:00:00-04:00,32.89504200797905,33.82649702184341,32.46363295766059,33.33625793457031,212200,0.0,0.0,AEIS,1d
2001-07-31 00:00:00-04:00,33.28722721386749,34.12063197686225,31.375294459685115,32.110652923583984,208100,0.0,0.0,AEIS,1d
2001-08-01 00:00:00-04:00,33.581379014716326,36.071794589666695,33.581379014716326,35.150142669677734,412700,0.0,0.0,AEIS,1d
2001-08-02 00:00:00-04:00,35.35604931559583,36.00316485260943,34.267717789657524,34.41478729248047,246900,0.0,0.0,AEIS,1d
2001-08-03 00:00:00-04:00,34.404980289271506,34.7579530407509,33.53235528712941,33.630401611328125,128100,0.0,0.0,AEIS,1d
2001-08-06 00:00:00-04:00,33.48333143334127,33.48333143334127,31.610618254102693,31.718467712402344,229500,0.0,0.0,AEIS,1d
2001-08-07 00:00:00-04:00,31.218425597172185,31.62042150389163,30.424238790008612,31.551788330078125,242000,0.0,0.0,AEIS,1d
2001-08-08 00:00:00-04:00,31.620422433645555,32.89504336509583,29.74770919261084,29.914390563964844,148700,0.0,0.0,AEIS,1d
2001-08-09 00:00:00-04:00,29.96341249042268,30.75760115828492,29.816341138263873,30.679162979125977,122100,0.0,0.0,AEIS,1d
2001-08-10 00:00:00-04:00,30.483063862672093,30.70857337376779,29.590828953455592,30.443843841552734,209800,0.0,0.0,AEIS,1d
2001-08-13 00:00:00-04:00,30.63993958996772,31.24783681428262,30.551696414339535,30.99291229248047,125100,0.0,0.0,AEIS,1d
2001-08-14 00:00:00-04:00,31.081156833167853,31.571395888138237,30.424236424702993,30.64974594116211,119200,0.0,0.0,AEIS,1d
2001-08-15 00:00:00-04:00,30.708576865492866,30.904673253159764,29.306492742981664,29.57122230529785,129400,0.0,0.0,AEIS,1d
2001-08-16 00:00:00-04:00,25.737549463907875,27.44358108967329,24.766876394254115,26.47290802001953,2522900,0.0,0.0,AEIS,1d
2001-08-17 00:00:00-04:00,26.208182730066973,26.512132328904222,23.53147760170082,24.29625129699707,698000,0.0,0.0,AEIS,1d
2001-08-20 00:00:00-04:00,24.080541976589384,24.90414374265555,24.070736971027454,24.560976028442383,155100,0.0,0.0,AEIS,1d
2001-08-21 00:00:00-04:00,24.511953383952946,24.629611583045918,23.119674356939875,23.394208908081055,272900,0.0,0.0,AEIS,1d
2001-08-22 00:00:00-04:00,21.217547316633862,22.109782315024482,20.178240964573725,21.845054626464844,5814300,0.0,0.0,AEIS,1d
2001-08-23 00:00:00-04:00,21.91368503882043,22.354899044231484,21.805831853666987,21.97251319885254,886500,0.0,0.0,AEIS,1d
2001-08-24 00:00:00-04:00,21.972511171112522,22.77650280777086,21.88426800415116,22.47255516052246,604100,0.0,0.0,AEIS,1d
2001-08-27 00:00:00-04:00,22.256852411517126,23.21772044860189,22.256852411517126,22.97260093688965,459200,0.0,0.0,AEIS,1d
2001-08-28 00:00:00-04:00,22.874560331558587,23.04124172951282,21.727400562135728,22.158811569213867,357100,0.0,0.0,AEIS,1d
2001-08-29 00:00:00-04:00,22.149004182313217,22.6000232870952,21.570521855665795,22.011737823486328,927000,0.0,0.0,AEIS,1d
2001-08-30 00:00:00-04:00,21.86465921418676,22.38431324079006,21.188130723272003,22.0999755859375,554200,0.0,0.0,AEIS,1d
2001-08-31 00:00:00-04:00,22.09017136158445,22.874553061416325,22.011733191601262,22.69806671142578,429800,0.0,0.0,AEIS,1d
2001-09-04 00:00:00-04:00,22.501973688424297,23.384403625788984,22.256854157483353,22.384315490722656,464000,0.0,0.0,AEIS,1d
2001-09-05 00:00:00-04:00,21.36462489887312,23.051047047205955,21.32540486583291,22.864755630493164,857200,0.0,0.0,AEIS,1d
2001-09-06 00:00:00-04:00,22.982411286789212,22.982411286789212,22.305880753491,22.65885353088379,856200,0.0,0.0,AEIS,1d
2001-09-07 00:00:00-04:00,22.56080456339395,22.796119116961833,22.060760435769517,22.423538208007812,272100,0.0,0.0,AEIS,1d
2001-09-10 00:00:00-04:00,22.4039268133531,22.6098263337405,21.825444536864136,22.20783042907715,619400,0.0,0.0,AEIS,1d
2001-09-17 00:00:00-04:00,21.28617458029311,21.325394594442976,19.22717246036849,20.00174903869629,539100,0.0,0.0,AEIS,1d
2001-09-18 00:00:00-04:00,19.854684028578458,20.44297133678132,18.20748031365596,19.42327308654785,622400,0.0,0.0,AEIS,1d
2001-09-19 00:00:00-04:00,19.05069077148434,19.766439372824554,17.011296292387005,18.619279861450195,1205000,0.0,0.0,AEIS,1d
2001-09-20 00:00:00-04:00,18.95264072007035,18.962445725029685,17.40348546865128,17.72704315185547,189200,0.0,0.0,AEIS,1d
2001-09-21 00:00:00-04:00,17.285830888696534,17.73685186043603,16.42301084335826,17.30544090270996,362000,0.0,0.0,AEIS,1d
2001-09-24 00:00:00-04:00,17.354465021092928,18.6781091051496,17.256416826318492,17.795679092407227,181200,0.0,0.0,AEIS,1d
2001-09-25 00:00:00-04:00,17.795675064306124,18.72712989865517,17.795675064306124,18.62908172607422,263300,0.0,0.0,AEIS,1d
2001-09-26 00:00:00-04:00,18.736941171470622,18.82518436930439,16.96227407735948,17.40349006652832,190600,0.0,0.0,AEIS,1d
2001-09-27 00:00:00-04:00,16.972075681832308,16.991685692999795,16.03081758715607,16.570079803466797,814400,0.0,0.0,AEIS,1d
2001-09-28 00:00:00-04:00,16.913246571331342,17.2564142670912,16.030816689458494,16.305349349975586,438200,0.0,0.0,AEIS,1d
2001-10-01 00:00:00-04:00,16.0994500626943,16.226911389565768,15.589601014981385,15.805307388305664,513800,0.0,0.0,AEIS,1d
2001-10-02 00:00:00-04:00,15.756285001296455,15.844528192414355,15.491556362999669,15.648432731628418,302300,0.0,0.0,AEIS,1d
2001-10-03 00:00:00-04:00,15.540578579871209,16.668128044127716,15.099362677716504,16.207304000854492,1006200,0.0,0.0,AEIS,1d
2001-10-04 00:00:00-04:00,16.364179539164866,18.03099113887065,16.187693187052997,17.81528663635254,746300,0.0,0.0,AEIS,1d
2001-10-05 00:00:00-04:00,17.82509194225588,17.82509194225588,16.76617568183046,16.98188018798828,213500,0.0,0.0,AEIS,1d
2001-10-08 00:00:00-04:00,16.854412843128245,17.64859928743104,16.383782107510967,17.226993560791016,220000,0.0,0.0,AEIS,1d
2001-10-09 00:00:00-04:00,17.158369096607032,17.158369096607032,15.932771303992245,16.01120948791504,108600,0.0,0.0,AEIS,1d
2001-10-10 00:00:00-04:00,15.932770437664455,17.73685043990756,15.932770437664455,17.64860725402832,271000,0.0,0.0,AEIS,1d
2001-10-11 00:00:00-04:00,17.81528817119327,18.62908496595409,17.609386785952566,17.893726348876953,465700,0.0,0.0,AEIS,1d
2001-10-12 00:00:00-04:00,18.2074768339045,19.11932170683316,17.15836563433745,19.089906692504883,643900,0.0,0.0,AEIS,1d
2001-10-15 00:00:00-04:00,18.874203464640313,18.92322662169785,18.31533124568472,18.717327117919922,268100,0.0,0.0,AEIS,1d
2001-10-16 00:00:00-04:00,18.697716931728134,18.8742032876621,18.217282890637634,18.85459327697754,524500,0.0,0.0,AEIS,1d
2001-10-17 00:00:00-04:00,18.962450696838257,19.364446655003906,18.1878719329834,18.1878719329834,598100,0.0,0.0,AEIS,1d
2001-10-18 00:00:00-04:00,18.462402578694512,18.462402578694512,17.403486303749773,17.59958267211914,144400,0.0,0.0,AEIS,1d
2001-10-19 00:00:00-04:00,17.49173089471272,17.766265458571876,16.913248618443806,17.64860725402832,170500,0.0,0.0,AEIS,1d
2001-10-22 00:00:00-04:00,17.501538158266676,18.050605486689477,17.099542201907166,17.96236228942871,173800,0.0,0.0,AEIS,1d
2001-10-23 00:00:00-04:00,17.962359972659517,18.462404069270633,17.481925888491283,17.64860725402832,275300,0.0,0.0,AEIS,1d
2001-10-24 00:00:00-04:00,17.63879997733492,18.138844009580207,17.472118633253157,17.72704315185547,167200,0.0,0.0,AEIS,1d
2001-10-25 00:00:00-04:00,17.717236123286266,19.286001205444336,17.34465532795394,19.286001205444336,653700,0.0,0.0,AEIS,1d
2001-10-26 00:00:00-04:00,19.27620118211988,21.394033935691585,18.727133916038188,20.590042114257812,734300,0.0,0.0,AEIS,1d
2001-10-29 00:00:00-05:00,20.93321521047662,21.080286603454624,19.12913471899044,19.403669357299805,137600,0.0,0.0,AEIS,1d
2001-10-30 00:00:00-05:00,19.413468424144185,19.413468424144185,18.30552883464203,18.756547927856445,324600,0.0,0.0,AEIS,1d
2001-10-31 00:00:00-05:00,19.27620511717948,20.099807119489647,19.031085518161312,19.697811126708984,170400,0.0,0.0,AEIS,1d
2001-11-01 00:00:00-05:00,19.65858890115487,21.786226858192094,19.46249436587459,21.57052230834961,545300,0.0,0.0,AEIS,1d
2001-11-02 00:00:00-05:00,21.570516179116925,21.91368385598919,20.835157673010666,21.815635681152344,439500,0.0,0.0,AEIS,1d
2001-11-05 00:00:00-05:00,21.864663140079642,22.600021791025558,21.668568621895655,21.962711334228516,161300,0.0,0.0,AEIS,1d
2001-11-06 00:00:00-05:00,21.756814548054226,22.34510191687889,21.570523142735052,22.22744369506836,148200,0.0,0.0,AEIS,1d
2001-11-07 00:00:00-05:00,22.305880556824388,23.71776978383329,22.060760990265877,22.796119689941406,469500,0.0,0.0,AEIS,1d
2001-11-08 00:00:00-05:00,22.845135551549284,23.423617693294005,21.345005480680165,21.825439453125,499900,0.0,0.0,AEIS,1d
2001-11-09 00:00:00-05:00,21.697982378227945,21.756812418431746,20.943015563417283,20.99203872680664,180600,0.0,0.0,AEIS,1d
2001-11-12 00:00:00-05:00,21.168519698323045,21.2469578617722,20.099798552507483,20.91359519958496,262000,0.0,0.0,AEIS,1d
2001-11-13 00:00:00-05:00,20.952818847285666,22.28626785699502,20.93320883549682,22.168611526489258,879900,0.0,0.0,AEIS,1d
2001-11-14 00:00:00-05:00,22.06076033942599,23.129481767700618,21.727397589132224,22.786314010620117,383400,0.0,0.0,AEIS,1d
2001-11-15 00:00:00-05:00,22.119585037231445,22.403924579063702,21.482274657062614,22.119585037231445,183800,0.0,0.0,AEIS,1d
2001-11-16 00:00:00-05:00,22.149002447498166,22.40392700114825,21.845054732425027,22.266658782958984,86100,0.0,0.0,AEIS,1d
2001-11-19 00:00:00-05:00,22.492169100001806,22.66865546477128,21.884271829141802,22.50197410583496,188300,0.0,0.0,AEIS,1d
2001-11-20 00:00:00-05:00,22.403928237572632,22.46275640854964,21.109697255395407,21.276378631591797,154600,0.0,0.0,AEIS,1d
2001-11-21 00:00:00-05:00,21.08028177838226,21.668569085755223,20.629262693801728,21.52149772644043,111400,0.0,0.0,AEIS,1d
2001-11-23 00:00:00-05:00,21.756808506197153,21.913684844970703,21.26656948000145,21.913684844970703,45700,0.0,0.0,AEIS,1d
2001-11-26 00:00:00-05:00,21.962706953559852,23.237329483032227,21.74700246554763,23.237329483032227,208600,0.0,0.0,AEIS,1d
2001-11-27 00:00:00-05:00,23.27654984785556,24.149174757604545,22.374509921893157,23.32557487487793,166800,0.0,0.0,AEIS,1d
2001-11-28 00:00:00-05:00,23.39421079538182,23.39421079538182,21.845055291344217,22.050954818725586,178200,0.0,0.0,AEIS,1d
2001-11-29 00:00:00-05:00,22.03134659544539,23.207921296424818,21.913690247415808,23.00201988220215,144600,0.0,0.0,AEIS,1d
2001-11-30 00:00:00-05:00,22.92357793718636,23.413817003910832,22.021537979608784,23.19811248779297,424700,0.0,0.0,AEIS,1d
2001-12-03 00:00:00-05:00,23.52167519432913,23.688356587232327,22.011739520483133,22.149005889892578,331200,0.0,0.0,AEIS,1d
2001-12-04 00:00:00-05:00,22.10978309383237,26.316035551649122,21.923493578675416,26.306230545043945,1328000,0.0,0.0,AEIS,1d
2001-12-05 00:00:00-05:00,26.521933417265885,28.678986112212833,26.47291025742723,28.26718521118164,1024300,0.0,0.0,AEIS,1d
2001-12-06 00:00:00-05:00,28.28679294791152,28.620155644318597,27.492606227701017,28.34562110900879,298600,0.0,0.0,AEIS,1d
2001-12-07 00:00:00-05:00,28.247576974999916,28.25738198160678,27.041589214062665,27.8455810546875,307000,0.0,0.0,AEIS,1d
2001-12-10 00:00:00-05:00,26.91412652529357,27.835774658979766,26.286619224565662,26.482715606689453,156200,0.0,0.0,AEIS,1d
2001-12-11 00:00:00-05:00,26.669003071064527,27.433774734925574,26.60036803830854,27.012168884277344,145000,0.0,0.0,AEIS,1d
2001-12-12 00:00:00-05:00,26.737641341496918,27.943629095749316,26.267012247658972,27.031784057617188,169900,0.0,0.0,AEIS,1d
2001-12-13 00:00:00-05:00,26.521932939604785,26.521932939604785,25.413993464227623,25.492431640625,88700,0.0,0.0,AEIS,1d
2001-12-14 00:00:00-05:00,25.521850180929384,26.3062320531739,25.247315590586854,26.188573837280273,93200,0.0,0.0,AEIS,1d
2001-12-17 00:00:00-05:00,26.25720636719998,27.45338907508787,26.25720636719998,27.325927734375,140900,0.0,0.0,AEIS,1d
2001-12-18 00:00:00-05:00,27.453388998556182,27.88479992073676,27.031783082574446,27.688703536987305,89700,0.0,0.0,AEIS,1d
2001-12-19 00:00:00-05:00,27.51221309545775,27.65928442645514,26.23759239999577,26.512126922607422,115600,0.0,0.0,AEIS,1d
2001-12-20 00:00:00-05:00,26.3944721400135,26.3944721400135,24.90414488809864,25.080631256103516,221200,0.0,0.0,AEIS,1d
2001-12-21 00:00:00-05:00,25.48262571223705,26.816076532829793,25.48262571223705,26.708223342895508,215500,0.0,0.0,AEIS,1d
2001-12-24 00:00:00-05:00,26.698419161497206,26.816077360521973,25.54145466322714,25.825794219970703,97800,0.0,0.0,AEIS,1d
2001-12-26 00:00:00-05:00,25.933646610261054,26.67880832392912,25.688527084153154,26.149351119995117,119100,0.0,0.0,AEIS,1d
2001-12-27 00:00:00-05:00,26.22779087207374,26.708224947746682,25.786574950479363,26.423887252807617,53000,0.0,0.0,AEIS,1d
2001-12-28 00:00:00-05:00,26.41407985916238,27.35533791333081,26.41407985916238,26.47290802001953,103800,0.0,0.0,AEIS,1d
2001-12-31 00:00:00-05:00,26.43369447298667,26.894520477878956,25.884627140255112,26.11994171142578,177900,0.0,0.0,AEIS,1d
2002-01-02 00:00:00-05:00,25.982671772877744,26.76705356891913,25.982671772877744,26.374862670898438,197600,0.0,0.0,AEIS,1d
2002-01-03 00:00:00-05:00,26.374858510018804,27.73772423704231,26.32583535679272,27.541627883911133,505800,0.0,0.0,AEIS,1d
2002-01-04 00:00:00-05:00,27.737726593804517,29.32610008269372,27.541630224011822,28.973127365112305,684800,0.0,0.0,AEIS,1d
2002-01-07 00:00:00-05:00,29.355518238381297,30.002633709738614,28.100505451750916,28.178943634033203,661400,0.0,0.0,AEIS,1d
2002-01-08 00:00:00-05:00,28.227965573196556,28.95351914732065,27.698506498230728,28.943714141845703,415000,0.0,0.0,AEIS,1d
2002-01-09 00:00:00-05:00,28.96332654609366,30.296775608941616,28.943716533523347,29.090787887573242,354400,0.0,0.0,AEIS,1d
2002-01-10 00:00:00-05:00,29.090785998805618,29.090785998805618,28.267184225463435,28.728008270263672,176000,0.0,0.0,AEIS,1d
2002-01-11 00:00:00-05:00,28.728011078053445,29.581027951712596,27.286708768892858,27.8455810546875,642000,0.0,0.0,AEIS,1d
2002-01-14 00:00:00-05:00,27.649483672907184,27.796555016569897,26.91412508448001,27.188657760620117,255700,0.0,0.0,AEIS,1d
2002-01-15 00:00:00-05:00,27.365142980115138,27.374947985298995,25.12965229126083,25.943449020385742,543500,0.0,0.0,AEIS,1d
2002-01-16 00:00:00-05:00,24.953169348621575,24.953169348621575,23.531475301132687,23.786399841308594,431800,0.0,0.0,AEIS,1d
2002-01-17 00:00:00-05:00,24.0217165933767,24.198202973689106,23.04123836507561,23.874645233154297,610800,0.0,0.0,AEIS,1d
2002-01-18 00:00:00-05:00,23.87464283016841,24.659024585815633,23.188307391391874,24.4825382232666,344200,0.0,0.0,AEIS,1d
2002-01-22 00:00:00-05:00,24.39429800569811,24.87473399327887,24.002107080226537,24.21781349182129,304900,0.0,0.0,AEIS,1d
2002-01-23 00:00:00-05:00,24.708049876651224,25.492431640625,24.27663897140883,25.492431640625,207500,0.0,0.0,AEIS,1d
2002-01-24 00:00:00-05:00,25.561065938275288,26.472910947921903,24.649220928628672,25.257118225097656,183500,0.0,0.0,AEIS,1d
2002-01-25 00:00:00-05:00,25.24731495695294,26.541545948731926,25.05121855875631,25.98267364501953,124300,0.0,0.0,AEIS,1d
2002-01-28 00:00:00-05:00,25.982672191801523,26.86510219410411,25.14926535124929,25.737552642822266,220100,0.0,0.0,AEIS,1d
2002-01-29 00:00:00-05:00,25.7865770209819,26.149354793434274,24.61980925928353,24.94336700439453,121700,0.0,0.0,AEIS,1d
2002-01-30 00:00:00-05:00,25.13945672517148,25.90423028111179,24.51195136857234,25.404186248779297,262400,0.0,0.0,AEIS,1d
2002-01-31 00:00:00-05:00,25.59048270462758,25.737554068137023,24.845319010050712,25.198291778564453,363600,0.0,0.0,AEIS,1d
2002-02-01 00:00:00-05:00,25.188481510711874,25.355162853239403,24.26683162437651,24.423707962036133,412900,0.0,0.0,AEIS,1d
2002-02-04 00:00:00-05:00,24.364888595096755,25.266928797200634,24.364888595096755,24.806102752685547,191700,0.0,0.0,AEIS,1d
2002-02-05 00:00:00-05:00,24.610007917167035,24.86493252250573,23.62952952899396,24.717859268188477,239700,0.0,0.0,AEIS,1d
2002-02-06 00:00:00-05:00,24.82570686359298,25.737551857179827,24.757073691192023,25.698331832885742,338800,0.0,0.0,AEIS,1d
2002-02-07 00:00:00-05:00,25.73755248013746,25.73755248013746,24.158981996252635,24.168787002563477,191600,0.0,0.0,AEIS,1d
2002-02-08 00:00:00-05:00,24.2374180200587,24.413904377723227,23.149088597983397,23.913860321044922,635500,0.0,0.0,AEIS,1d
2002-02-11 00:00:00-05:00,23.874640780227462,24.786485661694915,23.874640780227462,24.423707962036133,151500,0.0,0.0,AEIS,1d
2002-02-12 00:00:00-05:00,24.453122301102994,24.688436801091676,24.021711449400378,24.413902282714844,129200,0.0,0.0,AEIS,1d
2002-02-13 00:00:00-05:00,23.815813528665256,28.639763900691502,23.796203518182175,28.375036239624023,905400,0.0,0.0,AEIS,1d
2002-02-14 00:00:00-05:00,28.227966982313887,28.649571018101405,26.041499275206373,26.36505699157715,1354100,0.0,0.0,AEIS,1d
2002-02-15 00:00:00-05:00,26.306232250307236,26.76705636993997,25.894431296764438,26.443498611450195,274100,0.0,0.0,AEIS,1d
2002-02-19 00:00:00-05:00,26.443493226502664,26.443493226502664,25.247310638427734,25.247310638427734,163700,0.0,0.0,AEIS,1d
2002-02-20 00:00:00-05:00,25.296338044424502,27.031784991805,25.00219531813899,26.541545867919922,446000,0.0,0.0,AEIS,1d
2002-02-21 00:00:00-05:00,26.531740618256986,26.629788816159607,25.09043828046409,25.110048294067383,167400,0.0,0.0,AEIS,1d
2002-02-22 00:00:00-05:00,25.100241715737983,25.933648540559865,24.708050818796426,25.59048080444336,246800,0.0,0.0,AEIS,1d
2002-02-25 00:00:00-05:00,25.55125840249925,26.904319208706074,25.247310719411907,26.5611515045166,393200,0.0,0.0,AEIS,1d
2002-02-26 00:00:00-05:00,26.580763001367853,26.82588253662174,25.561064837057135,26.247400283813477,319300,0.0,0.0,AEIS,1d
2002-02-27 00:00:00-05:00,26.296425790296734,27.33573218892012,25.786576662627223,25.80618667602539,283700,0.0,0.0,AEIS,1d
2002-02-28 00:00:00-05:00,25.904233406914443,26.541543845377376,24.610002517700195,24.610002517700195,221800,0.0,0.0,AEIS,1d
2002-03-01 00:00:00-05:00,24.63941625755966,30.051656351586384,24.63941625755966,29.93400001525879,1079800,0.0,0.0,AEIS,1d
2002-03-04 00:00:00-05:00,29.85555915906584,30.49286955572172,28.83586102832557,28.973127365112305,755300,0.0,0.0,AEIS,1d
2002-03-05 00:00:00-05:00,28.826055160361655,29.149612851759386,28.18874478277382,28.90449333190918,385100,0.0,0.0,AEIS,1d
2002-03-06 00:00:00-05:00,28.629961725237973,30.89486564877448,28.286794010735207,30.512479782104492,775300,0.0,0.0,AEIS,1d
2002-03-07 00:00:00-05:00,30.787007314543363,32.149872939312964,30.737984164995417,32.110652923583984,818600,0.0,0.0,AEIS,1d
2002-03-08 00:00:00-05:00,32.25772689828552,34.31672915127112,32.24792002400108,33.57156753540039,710100,0.0,0.0,AEIS,1d
2002-03-11 00:00:00-05:00,33.46372775500244,33.48333777119445,31.45374784817365,31.806716918945312,416900,0.0,0.0,AEIS,1d
2002-03-12 00:00:00-05:00,31.23802900138743,32.600892793412626,30.757595016213898,31.64982795715332,842000,0.0,0.0,AEIS,1d
2002-03-13 00:00:00-05:00,31.16940367726455,31.326280043689973,30.355604955026195,30.394824981689453,469300,0.0,0.0,AEIS,1d
2002-03-14 00:00:00-05:00,30.40462826778157,31.01252368575131,29.443760110272173,30.453651428222656,384700,0.0,0.0,AEIS,1d
2002-03-15 00:00:00-05:00,30.41442900916938,32.56167455331148,30.335990841394054,31.953779220581055,249500,0.0,0.0,AEIS,1d
2002-03-18 00:00:00-05:00,32.110653865910216,33.46371452645479,31.89494751329721,32.904842376708984,733400,0.0,0.0,AEIS,1d
2002-03-19 00:00:00-05:00,32.944070754294856,33.46372681826614,32.79700124731389,33.30685043334961,202400,0.0,0.0,AEIS,1d
2002-03-20 00:00:00-05:00,33.306846406202325,33.306846406202325,32.09105176493055,32.29695129394531,174100,0.0,0.0,AEIS,1d
2002-03-21 00:00:00-05:00,32.43421980929698,33.43430425593397,31.96358699411469,33.33625793457031,173000,0.0,0.0,AEIS,1d
2002-03-22 00:00:00-05:00,33.297042104215855,34.277520402268586,32.74797665105218,33.84611129760742,220200,0.0,0.0,AEIS,1d
2002-03-25 00:00:00-05:00,33.650008418291826,34.61087651675943,32.37538762400733,32.68914031982422,233600,0.0,0.0,AEIS,1d
2002-03-26 00:00:00-05:00,32.87542908667836,33.33625498481166,31.483151997327578,32.120460510253906,564200,0.0,0.0,AEIS,1d
2002-03-27 00:00:00-05:00,32.14988813417786,33.60099573994192,32.14988813417786,33.512752532958984,197500,0.0,0.0,AEIS,1d
2002-03-28 00:00:00-05:00,33.52254872142097,35.86589478986575,33.33625920762498,35.25799560546875,770000,0.0,0.0,AEIS,1d
2002-04-01 00:00:00-05:00,35.30701568932901,35.57174523230951,34.24810125763425,35.10111618041992,312700,0.0,0.0,AEIS,1d
2002-04-02 00:00:00-05:00,35.25799946103099,35.25799946103099,34.36576434016169,34.47361755371094,233400,0.0,0.0,AEIS,1d
2002-04-03 00:00:00-05:00,34.34615305332749,35.0226854622785,32.91465565793927,33.5029411315918,158900,0.0,0.0,AEIS,1d
2002-04-04 00:00:00-05:00,33.561768018478936,34.56185622180966,33.30684533459972,34.071617126464844,178900,0.0,0.0,AEIS,1d
2002-04-05 00:00:00-05:00,34.110828541560494,34.46380119954851,33.189176881208105,33.4441032409668,218500,0.0,0.0,AEIS,1d
2002-04-08 00:00:00-04:00,32.99308672713858,33.41469257314277,32.48323771010498,33.2578125,351900,0.0,0.0,AEIS,1d
2002-04-09 00:00:00-04:00,33.24801598579336,33.77747511739422,31.62042230512325,32.17929458618164,254000,0.0,0.0,AEIS,1d
2002-04-10 00:00:00-04:00,32.198895780987975,32.993084260886604,31.708656809742866,32.5518684387207,195800,0.0,0.0,AEIS,1d
2002-04-11 00:00:00-04:00,32.57147745536223,32.74796377885873,31.865532161376215,31.924362182617188,117200,0.0,0.0,AEIS,1d
2002-04-12 00:00:00-04:00,32.012611550393665,33.62059504044298,31.71846512739141,33.18918228149414,292100,0.0,0.0,AEIS,1d
2002-04-15 00:00:00-04:00,33.28723193750495,34.316733185009824,33.28723193750495,33.797080993652344,1007800,0.0,0.0,AEIS,1d
2002-04-16 00:00:00-04:00,34.07161916139791,37.98372902160106,34.03239913377331,37.79743576049805,1077700,0.0,0.0,AEIS,1d
2002-04-17 00:00:00-04:00,37.25817296382708,38.787720358297726,36.76793384588199,37.062076568603516,640600,0.0,0.0,AEIS,1d
2002-04-18 00:00:00-04:00,37.35621140855584,37.78762413505811,35.640374857817484,36.277687072753906,705700,0.0,0.0,AEIS,1d
2002-04-19 00:00:00-04:00,36.37573299681639,36.74831569117706,35.8953008621918,35.99334716796875,229000,0.0,0.0,AEIS,1d
2002-04-22 00:00:00-04:00,35.81686348839392,35.88549665558606,34.2579031731792,34.914825439453125,238200,0.0,0.0,AEIS,1d
2002-04-23 00:00:00-04:00,35.00306751524747,36.03256873094331,34.610874794874306,34.78736114501953,307800,0.0,0.0,AEIS,1d
2002-04-24 00:00:00-04:00,35.179559519717415,36.277694076945004,34.21869131461483,34.365760803222656,314200,0.0,0.0,AEIS,1d
2002-04-25 00:00:00-04:00,34.36576263656858,35.68941054601849,33.58138076813222,35.120731353759766,175000,0.0,0.0,AEIS,1d
2002-04-26 00:00:00-04:00,35.11092727692901,36.101208658030046,32.581291611177015,33.09114074707031,644200,0.0,0.0,AEIS,1d
2002-04-29 00:00:00-04:00,33.04211644684753,34.36576053512989,32.649923666497735,33.52254867553711,264600,0.0,0.0,AEIS,1d
2002-04-30 00:00:00-04:00,33.38528116850231,35.395260682686576,33.297037982990446,34.12063980102539,454600,0.0,0.0,AEIS,1d
2002-05-01 00:00:00-04:00,33.72844354920279,35.150133608678836,32.84601188311793,34.571651458740234,211800,0.0,0.0,AEIS,1d
2002-05-02 00:00:00-04:00,34.58146088687294,35.62076895477023,32.130265789194624,32.208702087402344,507900,0.0,0.0,AEIS,1d
2002-05-03 00:00:00-04:00,32.679340982019944,32.68914411855404,30.394824926133563,30.75760269165039,602100,0.0,0.0,AEIS,1d
2002-05-06 00:00:00-04:00,30.718380346338034,31.747883525290995,30.639942169189453,30.639942169189453,343800,0.0,0.0,AEIS,1d
2002-05-07 00:00:00-04:00,30.983111636900947,31.630225232162246,28.600549300695594,30.58111572265625,646100,0.0,0.0,AEIS,1d
2002-05-08 00:00:00-04:00,31.032132664933137,34.40497798016079,30.983109506124,34.2677116394043,422900,0.0,0.0,AEIS,1d
2002-05-09 00:00:00-04:00,33.71863995739469,34.78736119469949,32.091046523907536,32.61069869995117,487400,0.0,0.0,AEIS,1d
2002-05-10 00:00:00-04:00,32.561682071951836,33.01270117327397,29.77712553790428,30.522287368774414,436100,0.0,0.0,AEIS,1d
2002-05-13 00:00:00-04:00,30.55169269275003,32.79698809005146,30.55169269275003,32.77737808227539,458300,0.0,0.0,AEIS,1d
2002-05-14 00:00:00-04:00,33.385278612105544,35.38545483706426,33.37547547678929,35.19916534423828,642800,0.0,0.0,AEIS,1d
2002-05-15 00:00:00-04:00,35.54232429820897,38.08176223905558,34.27750689449423,36.826751708984375,1502000,0.0,0.0,AEIS,1d
2002-05-16 00:00:00-04:00,36.62085660238162,37.25816888198007,36.13061753814504,36.611053466796875,258400,0.0,0.0,AEIS,1d
2002-05-17 00:00:00-04:00,36.67968922622841,37.228758363420525,36.1306200890363,36.424766540527344,310600,0.0,0.0,AEIS,1d
2002-05-20 00:00:00-04:00,36.05217941431657,36.258078913255844,35.395257156456495,36.08159255981445,295800,0.0,0.0,AEIS,1d
2002-05-21 00:00:00-04:00,36.07179213365556,36.17964532888346,33.44411038533483,33.493133544921875,243200,0.0,0.0,AEIS,1d
2002-05-22 00:00:00-04:00,33.434304480473166,34.0127867569495,32.777385894424626,33.39508819580078,168900,0.0,0.0,AEIS,1d
2002-05-23 00:00:00-04:00,33.43430663650442,33.72845310199385,31.87534607836666,33.09114074707031,282700,0.0,0.0,AEIS,1d
2002-05-24 00:00:00-04:00,32.06163402706697,32.06163402706697,28.98293157813816,29.29668426513672,945700,0.0,0.0,AEIS,1d
2002-05-28 00:00:00-04:00,29.561413637337253,30.7183780670166,29.414342299860653,30.7183780670166,303600,0.0,0.0,AEIS,1d
2002-05-29 00:00:00-04:00,29.8751693431629,30.00263255327963,29.267273921435095,29.36532211303711,231200,0.0,0.0,AEIS,1d
2002-05-30 00:00:00-04:00,29.179029330743504,29.512392044067383,27.845578477447987,29.512392044067383,349400,0.0,0.0,AEIS,1d
2002-05-31 00:00:00-04:00,29.561417109603955,30.590920333092033,29.51239394805803,29.70848846435547,521800,0.0,0.0,AEIS,1d
2002-06-03 00:00:00-04:00,29.659467250831163,29.669272257807084,27.38475799560547,27.38475799560547,333300,0.0,0.0,AEIS,1d
2002-06-04 00:00:00-04:00,27.3063193807912,28.473089010995945,27.00237164976964,28.218164443969727,395400,0.0,0.0,AEIS,1d
2002-06-05 00:00:00-04:00,27.894606265088974,28.678988097487558,26.96315120276608,27.316123962402344,209300,0.0,0.0,AEIS,1d
2002-06-06 00:00:00-04:00,27.306318978989854,27.306318978989854,25.737553442742772,26.168964385986328,384000,0.0,0.0,AEIS,1d
2002-06-07 00:00:00-04:00,24.806095241374752,26.061107885621876,24.46292940164359,25.39438247680664,617200,0.0,0.0,AEIS,1d
2002-06-10 00:00:00-04:00,25.835601547979657,26.894517953929313,25.39438559961988,26.531740188598633,396800,0.0,0.0,AEIS,1d
2002-06-11 00:00:00-04:00,26.786661126732554,27.698506049894142,25.59047852985411,25.668916702270508,412500,0.0,0.0,AEIS,1d
2002-06-12 00:00:00-04:00,25.286534948240824,25.933650443198868,24.51195623360428,25.002195358276367,555200,0.0,0.0,AEIS,1d
2002-06-13 00:00:00-04:00,24.855121524184014,25.63950329764265,24.266834259033203,24.266834259033203,564100,0.0,0.0,AEIS,1d
2002-06-14 00:00:00-04:00,23.72757209339903,24.56097702885977,23.28635617570856,24.10015296936035,1103400,0.0,0.0,AEIS,1d
2002-06-17 00:00:00-04:00,24.227610635959927,25.423795000416852,24.21780750159754,25.051212310791016,906600,0.0,0.0,AEIS,1d
2002-06-18 00:00:00-04:00,25.404190091052556,26.619982838403494,24.345273706578272,24.453126907348633,1215700,0.0,0.0,AEIS,1d
2002-06-19 00:00:00-04:00,24.31585769960561,24.325662705651368,22.550997753869957,22.649045944213867,1776200,0.0,0.0,AEIS,1d
2002-06-20 00:00:00-04:00,22.413731091958546,23.286356046419584,21.80583381652832,21.80583381652832,969000,0.0,0.0,AEIS,1d
2002-06-21 00:00:00-04:00,22.403925198526778,22.413730204045223,21.178327560424805,21.178327560424805,870100,0.0,0.0,AEIS,1d
2002-06-24 00:00:00-04:00,21.217544415751945,24.100150408039607,21.148911251430675,23.364791870117188,1071700,0.0,0.0,AEIS,1d
2002-06-25 00:00:00-04:00,23.384406162332304,23.943278454281238,21.188135151282086,21.77642059326172,927500,0.0,0.0,AEIS,1d
2002-06-26 00:00:00-04:00,21.05086377674732,22.550995917546736,21.031255636366176,22.119585037231445,424600,0.0,0.0,AEIS,1d
2002-06-27 00:00:00-04:00,22.541197649754835,23.119680041458764,21.737205680298963,21.79603385925293,777500,0.0,0.0,AEIS,1d
2002-06-28 00:00:00-04:00,22.06075816849129,22.560802244724062,21.668567286185283,21.747005462646484,1102300,0.0,0.0,AEIS,1d
2002-07-01 00:00:00-04:00,21.7960304216753,21.962711794185,19.86448899798014,20.178241729736328,890800,0.0,0.0,AEIS,1d
2002-07-02 00:00:00-04:00,20.03116708389097,20.12921526400605,18.82517951778196,19.040884017944336,539500,0.0,0.0,AEIS,1d
2002-07-03 00:00:00-04:00,18.972250683698697,19.41346468511145,18.148648970258723,19.178150177001953,645500,0.0,0.0,AEIS,1d
2002-07-05 00:00:00-04:00,19.21737425328688,20.933211206792606,18.97225468850035,20.805747985839844,144600,0.0,0.0,AEIS,1d
2002-07-08 00:00:00-04:00,20.727304543218583,21.080277225429505,19.37424571159905,19.66838836669922,319900,0.0,0.0,AEIS,1d
2002-07-09 00:00:00-04:00,19.23697992759686,19.246783062276613,16.687736654881913,16.913246154785156,1055200,0.0,0.0,AEIS,1d
2002-07-10 00:00:00-04:00,17.021103358913226,17.8937284204321,16.746568770180666,16.972078323364258,742800,0.0,0.0,AEIS,1d
2002-07-11 00:00:00-04:00,16.95247156219139,18.070216282295778,16.58969374999023,17.80548667907715,619900,0.0,0.0,AEIS,1d
2002-07-12 00:00:00-04:00,18.1780688945328,18.46240663399881,17.59958653790329,18.021190643310547,497600,0.0,0.0,AEIS,1d
2002-07-15 00:00:00-04:00,18.01138088553758,19.19775831536563,17.589775064982724,19.01146697998047,600500,0.0,0.0,AEIS,1d
2002-07-16 00:00:00-04:00,19.02128013009399,20.619460931054295,18.67811232429587,19.97234535217285,879100,0.0,0.0,AEIS,1d
2002-07-17 00:00:00-04:00,20.0507777471462,21.37442167642387,18.452597408511743,18.85459327697754,705600,0.0,0.0,AEIS,1d
2002-07-18 00:00:00-04:00,18.903615354204398,19.31541616376021,17.452506581889995,17.50153160095215,435900,0.0,0.0,AEIS,1d
2002-07-19 00:00:00-04:00,17.364270320903696,17.648609934164398,16.815202979917167,17.49173355102539,675500,0.0,0.0,AEIS,1d
2002-07-22 00:00:00-04:00,17.374072019899625,17.59958341406536,15.39350665736259,15.66804027557373,921000,0.0,0.0,AEIS,1d
2002-07-23 00:00:00-04:00,15.687647281425457,15.697452285389943,14.030639948749817,14.118882179260254,646800,0.0,0.0,AEIS,1d
2002-07-24 00:00:00-04:00,14.314982269570912,14.324786341047915,12.45207310569147,13.697280883789062,1835900,0.0,0.0,AEIS,1d
2002-07-25 00:00:00-04:00,13.589426853791158,13.687475043040527,12.255976903329381,13.167821884155273,1141100,0.0,0.0,AEIS,1d
2002-07-26 00:00:00-04:00,13.932594556063773,14.060056827836108,12.952116405559796,13.726694107055664,567600,0.0,0.0,AEIS,1d
2002-07-29 00:00:00-04:00,13.82474281760565,14.442443252873142,13.638451438351057,14.167909622192383,469000,0.0,0.0,AEIS,1d
2002-07-30 00:00:00-04:00,14.364004548139585,15.638626332339417,13.883570478228341,15.2366304397583,578500,0.0,0.0,AEIS,1d
2002-07-31 00:00:00-04:00,14.903268701098673,14.913073707675556,14.26595823451146,14.481663703918457,536600,0.0,0.0,AEIS,1d
2002-08-01 00:00:00-04:00,14.697367251640962,14.697367251640962,13.697280024356457,13.726694107055664,270500,0.0,0.0,AEIS,1d
2002-08-02 00:00:00-04:00,13.84435211886314,13.84435211886314,13.118798472809953,13.373723030090332,246200,0.0,0.0,AEIS,1d
2002-08-05 00:00:00-04:00,13.36391937638942,13.628648031856734,12.050078301321415,12.314807891845703,404400,0.0,0.0,AEIS,1d
2002-08-06 00:00:00-04:00,12.618753887180961,13.667865225829509,12.608948881105013,13.22665023803711,684200,0.0,0.0,AEIS,1d
2002-08-07 00:00:00-04:00,13.628647010957225,14.26595842092928,12.677583801937002,13.099188804626465,505800,0.0,0.0,AEIS,1d
2002-08-08 00:00:00-04:00,13.42274486152293,14.520881163240812,12.942310813931849,14.471857070922852,334200,0.0,0.0,AEIS,1d
2002-08-09 00:00:00-04:00,14.40322212483814,14.511075308637889,13.82474086151825,14.138493537902832,164400,0.0,0.0,AEIS,1d
2002-08-12 00:00:00-04:00,14.020839030702177,14.236544505497973,13.471770804419313,14.109082221984863,369500,0.0,0.0,AEIS,1d
2002-08-13 00:00:00-04:00,14.03064488472745,14.65815039830451,13.422747515864213,13.589428901672363,527400,0.0,0.0,AEIS,1d
2002-08-14 00:00:00-04:00,13.432550910095001,14.511077284615338,13.246260466888618,14.236543655395508,353100,0.0,0.0,AEIS,1d
2002-08-15 00:00:00-04:00,14.756197201204943,14.756197201204943,13.667865793083829,14.15810489654541,320100,0.0,0.0,AEIS,1d
2002-08-16 00:00:00-04:00,14.148299119850908,15.687649419967004,13.94239868381157,15.599406242370605,345100,0.0,0.0,AEIS,1d
2002-08-19 00:00:00-04:00,15.687647690215677,16.570077498767642,15.599404522349147,16.452421188354492,289600,0.0,0.0,AEIS,1d
2002-08-20 00:00:00-04:00,16.36418060289517,16.50144694341009,15.393506538239366,15.442530632019043,233700,0.0,0.0,AEIS,1d
2002-08-21 00:00:00-04:00,15.58960197830126,16.03081788726154,15.099362910618117,15.442530632019043,290700,0.0,0.0,AEIS,1d
2002-08-22 00:00:00-04:00,15.491554016117924,15.922963964490847,15.246434493505477,15.697454452514648,278200,0.0,0.0,AEIS,1d
2002-08-23 00:00:00-04:00,15.726872625196469,15.726872625196469,14.167911063797762,14.314983367919922,324300,0.0,0.0,AEIS,1d
2002-08-26 00:00:00-04:00,14.364005726896883,14.442443910663906,13.52079478387294,13.68747615814209,522600,0.0,0.0,AEIS,1d
2002-08-27 00:00:00-04:00,13.726693006720678,13.726693006720678,12.991334452789214,13.040358543395996,631300,0.0,0.0,AEIS,1d
2002-08-28 00:00:00-04:00,13.040357725806764,13.040357725806764,12.118707872365412,12.177536964416504,423500,0.0,0.0,AEIS,1d
2002-08-29 00:00:00-04:00,12.108905920706755,12.657973178948845,11.716714086905545,12.432463645935059,700500,0.0,0.0,AEIS,1d
2002-08-30 00:00:00-04:00,12.157929423918471,12.501097171270212,11.912809871540624,12.059882164001465,229900,0.0,0.0,AEIS,1d
2002-09-03 00:00:00-04:00,11.903003820219913,12.01085606870624,11.246083454310625,11.304911613464355,358100,0.0,0.0,AEIS,1d
2002-09-04 00:00:00-04:00,11.353937460089526,11.657886112949539,11.10881791054518,11.638276100158691,424100,0.0,0.0,AEIS,1d
2002-09-05 00:00:00-04:00,11.32452257391043,11.442179837151915,10.78525941609435,11.206865310668945,333900,0.0,0.0,AEIS,1d
2002-09-06 00:00:00-04:00,11.471595308511846,12.010858531637572,11.46179030162338,11.814763069152832,171400,0.0,0.0,AEIS,1d
2002-09-09 00:00:00-04:00,11.765739927900599,11.893202222659696,11.344133947932589,11.520620346069336,427900,0.0,0.0,AEIS,1d
2002-09-10 00:00:00-04:00,11.697103012436713,12.579532851481654,11.471592582867725,12.373632431030273,222400,0.0,0.0,AEIS,1d
2002-09-11 00:00:00-04:00,12.442266882557355,13.0599682079406,12.403047795313505,12.559925079345703,165100,0.0,0.0,AEIS,1d
2002-09-12 00:00:00-04:00,12.452074148205224,12.452074148205224,11.393157665369312,11.501009941101074,451700,0.0,0.0,AEIS,1d
2002-09-13 00:00:00-04:00,11.471592479627752,11.765736068347785,11.353935231151077,11.618664741516113,335800,0.0,0.0,AEIS,1d
2002-09-16 00:00:00-04:00,11.677495176406138,11.726519273266444,11.324523362114313,11.442180633544922,176500,0.0,0.0,AEIS,1d
2002-09-17 00:00:00-04:00,11.599054581953299,11.961831327142981,10.451895255381507,10.500919342041016,236100,0.0,0.0,AEIS,1d
2002-09-18 00:00:00-04:00,10.33424110487067,10.461703394354117,9.70673466473454,9.80478286743164,562500,0.0,0.0,AEIS,1d
2002-09-19 00:00:00-04:00,9.559660008463219,9.814584499769165,9.049811025851326,9.128250122070312,240800,0.0,0.0,AEIS,1d
2002-09-20 00:00:00-04:00,9.500832046413201,9.59888022701834,8.432111740112305,8.432111740112305,349600,0.0,0.0,AEIS,1d
2002-09-23 00:00:00-04:00,8.412502699249746,9.304737692343377,8.383088615701839,8.62820816040039,323100,0.0,0.0,AEIS,1d
2002-09-24 00:00:00-04:00,8.4419154626244,8.99098356830918,8.265430053879449,8.608596801757812,261100,0.0,0.0,AEIS,1d
2002-09-25 00:00:00-04:00,8.785086035338562,9.392982498881775,8.530161440449048,9.196887016296387,420500,0.0,0.0,AEIS,1d
2002-09-26 00:00:00-04:00,9.21649372108501,9.814585957608125,9.118446472596654,9.245908737182617,480800,0.0,0.0,AEIS,1d
2002-09-27 00:00:00-04:00,9.216494622460909,9.41259100872946,8.775279623470405,8.853717803955078,148000,0.0,0.0,AEIS,1d
2002-09-30 00:00:00-04:00,8.863523667191838,9.265519614804361,8.461527719579317,8.726256370544434,221800,0.0,0.0,AEIS,1d
2002-10-01 00:00:00-04:00,8.863522783725186,9.530248250904299,8.088945052466986,9.412590980529785,456200,0.0,0.0,AEIS,1d
2002-10-02 00:00:00-04:00,9.363568425665253,9.785173480153302,8.834110154285012,8.902743339538574,228100,0.0,0.0,AEIS,1d
2002-10-03 00:00:00-04:00,8.93215642054744,8.981180519508152,7.755582720774902,7.824216365814209,562100,0.0,0.0,AEIS,1d
2002-10-04 00:00:00-04:00,7.628119826227143,7.67714345072627,6.67705580709772,7.039832592010498,382000,0.0,0.0,AEIS,1d
2002-10-07 00:00:00-04:00,7.0594433709716204,7.0594433709716204,6.588813781738281,6.588813781738281,405600,0.0,0.0,AEIS,1d
2002-10-08 00:00:00-04:00,6.667252011688824,6.833932914581868,5.853454705070479,6.029941082000732,852900,0.0,0.0,AEIS,1d
2002-10-09 00:00:00-04:00,6.029940224978479,6.226035651998765,5.765211164736907,6.059354305267334,717000,0.0,0.0,AEIS,1d
2002-10-10 00:00:00-04:00,6.1574023519161765,7.108465853499489,6.020135088469555,7.069246768951416,465700,0.0,0.0,AEIS,1d
2002-10-11 00:00:00-04:00,7.333976872436259,7.696753690160183,7.255538692120647,7.608510971069336,345000,0.0,0.0,AEIS,1d
2002-10-14 00:00:00-04:00,7.4516337428081245,7.8438250908566385,7.235928758522067,7.441829204559326,104300,0.0,0.0,AEIS,1d
2002-10-15 00:00:00-04:00,7.843824936089712,8.363478076289752,7.843824936089712,8.285039901733398,314000,0.0,0.0,AEIS,1d
2002-10-16 00:00:00-04:00,8.079140264575623,8.079140264575623,7.383001162276745,7.765387535095215,507500,0.0,0.0,AEIS,1d
2002-10-17 00:00:00-04:00,8.186993547200732,8.68703673096716,7.530072594564826,7.549682140350342,606900,0.0,0.0,AEIS,1d
2002-10-18 00:00:00-04:00,7.010419133434164,8.755670512723274,7.010419133434164,8.559574127197266,717600,0.0,0.0,AEIS,1d
2002-10-21 00:00:00-04:00,8.461526901531712,8.971375074682088,8.128164166943417,8.853717803955078,335600,0.0,0.0,AEIS,1d
2002-10-22 00:00:00-04:00,8.72625578960088,8.824303985686827,8.255626692524894,8.35367488861084,385600,0.0,0.0,AEIS,1d
2002-10-23 00:00:00-04:00,8.285040304244074,9.30473755807324,8.08894485832632,9.25571346282959,778700,0.0,0.0,AEIS,1d
2002-10-24 00:00:00-04:00,9.265519706655386,10.255803009651434,9.12825334370419,9.540053367614746,632500,0.0,0.0,AEIS,1d
2002-10-25 00:00:00-04:00,9.461615348257345,10.598970977005209,9.461615348257345,10.579360961914062,622800,0.0,0.0,AEIS,1d
2002-10-28 00:00:00-05:00,10.61858083080327,11.893202917841476,10.589166741080165,11.432377815246582,1110400,0.0,0.0,AEIS,1d
2002-10-29 00:00:00-05:00,11.285303554667996,11.295108560428506,10.628383129622753,11.040184020996094,512900,0.0,0.0,AEIS,1d
2002-10-30 00:00:00-05:00,10.942137523460742,11.804958527450863,10.942137523460742,11.667691230773926,365100,0.0,0.0,AEIS,1d
2002-10-31 00:00:00-05:00,11.530422739948243,12.00105178155097,11.442179560883536,11.873589515686035,588100,0.0,0.0,AEIS,1d
2002-11-01 00:00:00-05:00,11.853981014089435,12.569729616632763,11.491204209848137,12.51090145111084,358400,0.0,0.0,AEIS,1d
2002-11-04 00:00:00-05:00,12.775630458842814,14.236543661717917,12.746216375177557,13.481575012207031,732500,0.0,0.0,AEIS,1d
2002-11-05 00:00:00-05:00,13.314892141714518,13.324697146847225,12.471681336493537,13.040358543395996,481900,0.0,0.0,AEIS,1d
2002-11-06 00:00:00-05:00,13.040359891074685,14.109081249513029,12.922702622492965,14.011033058166504,420300,0.0,0.0,AEIS,1d
2002-11-07 00:00:00-05:00,13.716889200719258,13.824742396494063,12.599144699466462,13.001140594482422,481400,0.0,0.0,AEIS,1d
2002-11-08 00:00:00-05:00,12.442265900087946,13.099186260843126,12.295194568300792,12.824652671813965,268500,0.0,0.0,AEIS,1d
2002-11-11 00:00:00-05:00,12.687392162243341,12.687392162243341,11.589256286621094,11.589256286621094,761400,0.0,0.0,AEIS,1d
2002-11-12 00:00:00-05:00,11.667690571225195,11.961834227444507,11.471595112097955,11.75593376159668,672300,0.0,0.0,AEIS,1d
2002-11-13 00:00:00-05:00,11.824567603136318,12.206953505924405,11.33432849900235,11.961833953857422,341400,0.0,0.0,AEIS,1d
2002-11-14 00:00:00-05:00,12.187346605432047,12.736413976528958,12.138322499248417,12.63836669921875,357100,0.0,0.0,AEIS,1d
2002-11-15 00:00:00-05:00,12.550120379319056,12.863873084908565,12.216757662101791,12.7462158203125,312200,0.0,0.0,AEIS,1d
2002-11-18 00:00:00-05:00,12.942311405058282,13.079578682806753,12.334415063698193,12.412853240966797,314400,0.0,0.0,AEIS,1d
2002-11-19 00:00:00-05:00,12.403048140665403,12.785434953232766,12.255976793170092,12.383439064025879,408100,0.0,0.0,AEIS,1d
2002-11-20 00:00:00-05:00,12.314805146435411,13.442354569009998,12.30500014118181,13.363916397094727,340500,0.0,0.0,AEIS,1d
2002-11-21 00:00:00-05:00,13.481571709240564,16.31515236460106,13.44235262894322,16.27593421936035,823900,0.0,0.0,AEIS,1d
2002-11-22 00:00:00-05:00,16.079842980101272,16.677935313050856,15.079755647964625,16.295549392700195,725400,0.0,0.0,AEIS,1d
2002-11-25 00:00:00-05:00,16.668129219306863,17.932946981250034,16.59949604526909,17.315244674682617,743200,0.0,0.0,AEIS,1d
2002-11-26 00:00:00-05:00,17.15836824859698,17.560364155097865,16.344571429325214,16.53086280822754,561300,0.0,0.0,AEIS,1d
2002-11-27 00:00:00-05:00,16.707348288979063,17.844702773990655,16.58969009013382,17.77606773376465,205000,0.0,0.0,AEIS,1d
2002-11-29 00:00:00-05:00,17.952551248173343,18.197670742599954,17.511337280273438,17.511337280273438,182900,0.0,0.0,AEIS,1d
2002-12-02 00:00:00-05:00,17.90353191642967,19.119324643719192,17.717240537294924,17.874116897583008,666800,0.0,0.0,AEIS,1d
2002-12-03 00:00:00-05:00,17.55056116041058,17.599586197379598,16.1386718876399,16.334768295288086,848600,0.0,0.0,AEIS,1d
2002-12-04 00:00:00-05:00,16.070037512850362,16.128867552845247,14.785611561449542,15.197412490844727,412600,0.0,0.0,AEIS,1d
2002-12-05 00:00:00-05:00,15.344483037149505,15.68765077180549,13.932594879112026,14.011033058166504,668300,0.0,0.0,AEIS,1d
2002-12-06 00:00:00-05:00,13.912985930883515,14.844441014742523,13.863962766517819,14.432640075683594,353400,0.0,0.0,AEIS,1d
2002-12-09 00:00:00-05:00,14.334589941483337,14.413028115946592,12.991335034979105,13.118797302246094,406900,0.0,0.0,AEIS,1d
2002-12-10 00:00:00-05:00,13.2952826122275,14.314979734768787,13.24625852329579,14.275760650634766,483400,0.0,0.0,AEIS,1d
2002-12-11 00:00:00-05:00,14.020836865878037,14.746390427643526,13.677669160554395,14.21693229675293,312500,0.0,0.0,AEIS,1d
2002-12-12 00:00:00-05:00,14.334591876838354,14.67775963773977,14.236544613050038,14.432640075683594,210900,0.0,0.0,AEIS,1d
2002-12-13 00:00:00-05:00,14.432639414886033,14.432639414886033,13.295284848628196,13.373723030090332,388400,0.0,0.0,AEIS,1d
2002-12-16 00:00:00-05:00,13.540404730618064,14.275763401102841,13.354113343796723,14.24634838104248,299900,0.0,0.0,AEIS,1d
2002-12-17 00:00:00-05:00,14.118883605967333,14.589513558196504,13.530597334501792,13.707082748413086,177000,0.0,0.0,AEIS,1d
2002-12-18 00:00:00-05:00,13.530598196218047,13.530598196218047,12.520705997926495,12.65797233581543,458300,0.0,0.0,AEIS,1d
2002-12-19 00:00:00-05:00,12.648169053747424,13.040360914867476,12.128515842949549,12.599145889282227,468100,0.0,0.0,AEIS,1d
2002-12-20 00:00:00-05:00,12.452072925641922,12.94231202456528,12.354025666891376,12.589340209960938,397700,0.0,0.0,AEIS,1d
2002-12-23 00:00:00-05:00,12.461878434599857,13.305089382132783,12.442268421024783,13.1286039352417,230200,0.0,0.0,AEIS,1d
2002-12-24 00:00:00-05:00,13.275673907650736,13.344307077867837,12.873678021996035,12.912897109985352,130000,0.0,0.0,AEIS,1d
2002-12-26 00:00:00-05:00,12.942309513466242,13.501182613643598,12.932504508976516,13.069771766662598,231800,0.0,0.0,AEIS,1d
2002-12-27 00:00:00-05:00,12.932504653930664,13.236453251122121,12.854066487247069,12.932504653930664,209300,0.0,0.0,AEIS,1d
2002-12-30 00:00:00-05:00,12.95211860138269,13.246262283412568,12.452074435437597,12.765828132629395,233200,0.0,0.0,AEIS,1d
2002-12-31 00:00:00-05:00,12.765827161859152,13.079579900134808,12.344221218508551,12.471683502197266,460400,0.0,0.0,AEIS,1d
2003-01-02 00:00:00-05:00,12.667777012745992,13.922788707630177,12.344219317463795,13.854155540466309,438800,0.0,0.0,AEIS,1d
2003-01-03 00:00:00-05:00,13.795329381573257,14.354202648403552,13.58942890117409,14.177716255187988,350200,0.0,0.0,AEIS,1d
2003-01-06 00:00:00-05:00,14.520881129023321,15.638625568943636,14.344394771117257,15.295458793640137,378100,0.0,0.0,AEIS,1d
2003-01-07 00:00:00-05:00,15.45233520537829,16.27593696564793,15.2954588577187,15.687649726867676,735400,0.0,0.0,AEIS,1d
2003-01-08 00:00:00-05:00,15.589602953296593,15.883747534370867,15.452336604196846,15.736674308776855,502300,0.0,0.0,AEIS,1d
2003-01-09 00:00:00-05:00,15.903353806035348,16.47203101840591,15.726869322290161,15.932768821716309,419100,0.0,0.0,AEIS,1d
2003-01-10 00:00:00-05:00,15.697456975654971,16.511253846729886,15.628822862452935,16.462230682373047,268100,0.0,0.0,AEIS,1d
2003-01-13 00:00:00-05:00,16.511249631735016,17.089731800017145,16.1092538022662,16.177886962890625,706600,0.0,0.0,AEIS,1d
2003-01-14 00:00:00-05:00,16.187698860430647,17.011300878861963,16.119065670580397,16.756376266479492,1216700,0.0,0.0,AEIS,1d
2003-01-15 00:00:00-05:00,16.521059307374667,16.59949749456822,15.158194168537007,15.334680557250977,845000,0.0,0.0,AEIS,1d
2003-01-16 00:00:00-05:00,15.462140472248313,15.619016822559793,14.962096404337867,15.02092456817627,494400,0.0,0.0,AEIS,1d
2003-01-17 00:00:00-05:00,14.932678807179668,14.932678807179668,13.962005856055063,14.118882179260254,478000,0.0,0.0,AEIS,1d
2003-01-21 00:00:00-05:00,14.265958246800306,14.40322459876736,13.27567502304735,13.334504127502441,646800,0.0,0.0,AEIS,1d
2003-01-22 00:00:00-05:00,13.275673554535144,13.383525809872832,12.95211585346529,13.089383125305176,642300,0.0,0.0,AEIS,1d
2003-01-23 00:00:00-05:00,13.43255012160216,13.814936926861973,12.805044720220074,13.246259689331055,509100,0.0,0.0,AEIS,1d
2003-01-24 00:00:00-05:00,12.942311309851323,13.099187663234506,12.422658155505323,12.481486320495605,338800,0.0,0.0,AEIS,1d
2003-01-27 00:00:00-05:00,12.010856406624637,12.3540241065509,11.61866555104327,11.85398006439209,562500,0.0,0.0,AEIS,1d
2003-01-28 00:00:00-05:00,11.893198390600908,12.089293805871415,11.530421638586292,11.91280746459961,363700,0.0,0.0,AEIS,1d
2003-01-29 00:00:00-05:00,11.873589665437926,12.452071904329792,11.520617879784135,12.197147369384766,291500,0.0,0.0,AEIS,1d
2003-01-30 00:00:00-05:00,12.20695405954766,12.471683636613616,11.226475806811994,11.255889892578125,335200,0.0,0.0,AEIS,1d
2003-01-31 00:00:00-05:00,10.559747728741193,10.559747728741193,9.216492145122364,10.39306640625,1380900,0.0,0.0,AEIS,1d
2003-02-03 00:00:00-05:00,10.157751852005156,10.491114525179158,9.824390113887848,9.83419418334961,565900,0.0,0.0,AEIS,1d
2003-02-04 00:00:00-05:00,9.70673368759661,9.804781880423594,9.265518689988923,9.510638236999512,442900,0.0,0.0,AEIS,1d
2003-02-05 00:00:00-05:00,9.363565279616665,10.295019211765016,9.206688945998842,9.500831604003906,629000,0.0,0.0,AEIS,1d
2003-02-06 00:00:00-05:00,9.422395050466601,9.775367796598244,9.324347792696484,9.510638236999512,225200,0.0,0.0,AEIS,1d
2003-02-07 00:00:00-05:00,9.667513180808278,9.804780443639656,9.177274158626295,9.294931411743164,246600,0.0,0.0,AEIS,1d
2003-02-10 00:00:00-05:00,9.177274158626295,9.638099101293243,9.030202825994392,9.294931411743164,389900,0.0,0.0,AEIS,1d
2003-02-11 00:00:00-05:00,9.343955761146363,9.491028032930084,9.05961715776594,9.089032173156738,385300,0.0,0.0,AEIS,1d
2003-02-12 00:00:00-05:00,9.059617596873446,9.373371230851882,8.932155329172332,8.941960334777832,366900,0.0,0.0,AEIS,1d
2003-02-13 00:00:00-05:00,9.089034356947284,9.089034356947284,8.794890677763721,8.981181144714355,500000,0.0,0.0,AEIS,1d
2003-02-14 00:00:00-05:00,9.10864170728986,9.85380530371275,8.981179439344617,9.598880767822266,698600,0.0,0.0,AEIS,1d
2003-02-18 00:00:00-05:00,9.951852913013482,10.687211530282168,9.951852913013482,10.079315185546875,707000,0.0,0.0,AEIS,1d
2003-02-19 00:00:00-05:00,10.461701387230315,10.540139560316499,9.883219159427115,9.90282917022705,363600,0.0,0.0,AEIS,1d
2003-02-20 00:00:00-05:00,9.804781357438552,10.04009588560344,9.628294993786476,9.922438621520996,542800,0.0,0.0,AEIS,1d
2003-02-21 00:00:00-05:00,9.94204898840412,9.94204898840412,9.44200489688893,9.745952606201172,269800,0.0,0.0,AEIS,1d
2003-02-24 00:00:00-05:00,9.824391894369016,9.922439152152679,9.383175961643508,9.412590980529785,148200,0.0,0.0,AEIS,1d
2003-02-25 00:00:00-05:00,9.402785625689967,9.863610618867506,9.049812892593623,9.687124252319336,499000,0.0,0.0,AEIS,1d
2003-02-26 00:00:00-05:00,9.951851912637325,9.951851912637325,9.422393798828125,9.422393798828125,321000,0.0,0.0,AEIS,1d
2003-02-27 00:00:00-05:00,9.520442375139314,9.942048256770144,9.422394191253192,9.90282917022705,255000,0.0,0.0,AEIS,1d
2003-02-28 00:00:00-05:00,9.95185537298021,10.118536775567092,9.765564888648612,10.059708595275879,159500,0.0,0.0,AEIS,1d
2003-03-03 00:00:00-05:00,10.314632321941126,10.363655489642275,9.66751584863631,9.794978141784668,271800,0.0,0.0,AEIS,1d
2003-03-04 00:00:00-05:00,9.775367563332694,9.834195729579598,9.177275284462489,9.25571346282959,205900,0.0,0.0,AEIS,1d
2003-03-05 00:00:00-05:00,9.216493183793244,9.265517272707864,8.863521426710074,9.000788688659668,255300,0.0,0.0,AEIS,1d
2003-03-06 00:00:00-05:00,8.961568568091804,9.02039671994022,8.638010927755682,8.804691314697266,330000,0.0,0.0,AEIS,1d
2003-03-07 00:00:00-05:00,8.598794076852485,8.824303609147861,8.451721788999238,8.62820816040039,272000,0.0,0.0,AEIS,1d
2003-03-10 00:00:00-05:00,8.598793825897806,8.706646085797045,8.226212016622936,8.275235176086426,291900,0.0,0.0,AEIS,1d
2003-03-11 00:00:00-05:00,8.530161915528813,8.559576005790559,7.941875435008557,8.039922714233398,367400,0.0,0.0,AEIS,1d
2003-03-12 00:00:00-05:00,8.010506029278929,8.167382373270323,7.755581502764528,7.8830437660217285,370000,0.0,0.0,AEIS,1d
2003-03-13 00:00:00-05:00,8.088944465342516,8.343869000179064,7.941873121813552,8.285039901733398,357100,0.0,0.0,AEIS,1d
2003-03-14 00:00:00-05:00,8.236014092302288,8.530157653110928,7.981090545654297,7.981090545654297,364300,0.0,0.0,AEIS,1d
2003-03-17 00:00:00-05:00,7.981090643423159,9.02039671994022,7.843823397349167,8.804691314697266,747900,0.0,0.0,AEIS,1d
2003-03-18 00:00:00-05:00,9.334151200827499,9.716537030256765,9.167469862594386,9.500831604003906,522700,0.0,0.0,AEIS,1d
2003-03-19 00:00:00-05:00,9.50083323070544,9.589076417238351,9.167471432218806,9.510638236999512,243600,0.0,0.0,AEIS,1d
2003-03-20 00:00:00-05:00,9.471418138038226,9.893024013207565,9.245908627635776,9.677318572998047,216100,0.0,0.0,AEIS,1d
2003-03-21 00:00:00-05:00,10.040098297550545,10.19697468734711,9.755759607280012,9.971465110778809,274100,0.0,0.0,AEIS,1d
2003-03-24 00:00:00-05:00,9.530246281681205,9.716536687517012,9.265516776746631,9.31454086303711,196100,0.0,0.0,AEIS,1d
2003-03-25 00:00:00-05:00,9.314542564133339,9.491028932987739,8.961570761481381,9.25571346282959,232700,0.0,0.0,AEIS,1d
2003-03-26 00:00:00-05:00,9.255712182272259,9.37337036860137,9.049811758781386,9.069421768188477,174000,0.0,0.0,AEIS,1d
2003-03-27 00:00:00-05:00,9.049813649293789,9.118447761499603,8.77528000564126,8.971375465393066,185500,0.0,0.0,AEIS,1d
2003-03-28 00:00:00-05:00,8.971374507123642,9.128251793225287,8.82430316178331,8.873327255249023,120600,0.0,0.0,AEIS,1d
2003-03-31 00:00:00-05:00,8.706647597326635,8.765475772918501,8.334065723369173,8.422308921813965,261200,0.0,0.0,AEIS,1d
2003-04-01 00:00:00-05:00,8.461526977138012,8.755670624112234,8.324259692534875,8.687036514282227,297400,0.0,0.0,AEIS,1d
2003-04-02 00:00:00-05:00,8.843911329338361,9.11844488642973,8.70664408326437,8.804691314697266,324100,0.0,0.0,AEIS,1d
2003-04-03 00:00:00-05:00,8.863521631379433,8.912545721426078,8.628207121223625,8.696840286254883,195600,0.0,0.0,AEIS,1d
2003-04-04 00:00:00-05:00,8.677231256568398,8.687035326583512,8.20660129874319,8.432111740112305,368200,0.0,0.0,AEIS,1d
2003-04-07 00:00:00-04:00,8.843912903935147,8.843912903935147,8.432112027451524,8.520354270935059,259200,0.0,0.0,AEIS,1d
2003-04-08 00:00:00-04:00,8.520353240323455,8.520353240323455,8.1477724305307,8.226210594177246,170800,0.0,0.0,AEIS,1d
2003-04-09 00:00:00-04:00,8.24582049866314,8.285039584439334,7.990895973589495,8.098749160766602,198100,0.0,0.0,AEIS,1d
2003-04-10 00:00:00-04:00,8.088944525070207,8.226211799085789,7.96148225671077,8.02031135559082,108500,0.0,0.0,AEIS,1d
2003-04-11 00:00:00-04:00,7.735972378468964,8.02031146863557,7.510462388011593,7.539876937866211,342600,0.0,0.0,AEIS,1d
2003-04-14 00:00:00-04:00,7.843825794661529,7.843825794661529,7.353586682495184,7.549682140350342,457300,0.0,0.0,AEIS,1d
2003-04-15 00:00:00-04:00,7.647730124905258,7.647730124905258,7.226124200905729,7.294757843017578,356500,0.0,0.0,AEIS,1d
2003-04-16 00:00:00-04:00,7.3535873411203365,7.784997854569482,7.343782333585167,7.461440086364746,317000,0.0,0.0,AEIS,1d
2003-04-17 00:00:00-04:00,7.451633655463044,8.226211804231976,7.451633655463044,8.118358612060547,273300,0.0,0.0,AEIS,1d
2003-04-21 00:00:00-04:00,8.216406303815052,8.52035398058883,8.216406303815052,8.432111740112305,270800,0.0,0.0,AEIS,1d
2003-04-22 00:00:00-04:00,8.43211107772894,8.97137322352528,8.098748411926834,8.785082817077637,399700,0.0,0.0,AEIS,1d
2003-04-23 00:00:00-04:00,8.843911878784542,9.442003113369681,8.804691861706823,9.31454086303711,395100,0.0,0.0,AEIS,1d
2003-04-24 00:00:00-04:00,9.196887016296387,9.373373418151745,9.010595606547504,9.196887016296387,244900,0.0,0.0,AEIS,1d
2003-04-25 00:00:00-04:00,9.147863128182252,9.147863128182252,8.755672153738322,8.76547622680664,274800,0.0,0.0,AEIS,1d
2003-04-28 00:00:00-04:00,8.902740660708341,9.020397915050161,8.549768897682881,8.863521575927734,146900,0.0,0.0,AEIS,1d
2003-04-29 00:00:00-04:00,8.843913222411942,9.35376136614515,8.843913222411942,9.167470932006836,169300,0.0,0.0,AEIS,1d
2003-04-30 00:00:00-04:00,9.265520082373438,9.471420570206494,8.941962306501068,9.461615562438965,316900,0.0,0.0,AEIS,1d
2003-05-01 00:00:00-04:00,9.461612913891774,9.726342439168432,9.167470243660036,9.520442008972168,476700,0.0,0.0,AEIS,1d
2003-05-02 00:00:00-04:00,9.608685646766613,10.60877283083814,9.52044246742508,10.49111557006836,560000,0.0,0.0,AEIS,1d
2003-05-05 00:00:00-04:00,10.491115447762228,10.697015885473139,10.275410004670611,10.363653182983398,181100,0.0,0.0,AEIS,1d
2003-05-06 00:00:00-04:00,10.32443618886711,10.785261249526464,10.245998000038748,10.618579864501953,202800,0.0,0.0,AEIS,1d
2003-05-07 00:00:00-04:00,10.52052859640984,10.824477190875186,10.442090430429756,10.461700439453125,214400,0.0,0.0,AEIS,1d
2003-05-08 00:00:00-04:00,10.442093372165958,10.442093372165958,10.177364721168257,10.19697380065918,227600,0.0,0.0,AEIS,1d
2003-05-09 00:00:00-04:00,10.245998000038748,10.726432140376708,10.23619299267096,10.618579864501953,166400,0.0,0.0,AEIS,1d
2003-05-12 00:00:00-04:00,10.628384777905012,11.00096663907425,10.540141582489014,10.785261154174805,425500,0.0,0.0,AEIS,1d
2003-05-13 00:00:00-04:00,10.765649420612455,10.863697607653757,10.491115805976348,10.746040344238281,165500,0.0,0.0,AEIS,1d
2003-05-14 00:00:00-04:00,10.706822493621383,10.951942054491731,10.422483840414055,10.638189315795898,201400,0.0,0.0,AEIS,1d
2003-05-15 00:00:00-04:00,10.540139469486412,10.844088088868673,10.030290413763074,10.432287216186523,418400,0.0,0.0,AEIS,1d
2003-05-16 00:00:00-04:00,10.16755925102255,10.432288825025562,10.010682882009023,10.147950172424316,449300,0.0,0.0,AEIS,1d
2003-05-19 00:00:00-04:00,10.06951387665116,10.079317950260764,9.432202339172363,9.432202339172363,202500,0.0,0.0,AEIS,1d
2003-05-20 00:00:00-04:00,9.451809423685264,9.80478121064815,9.451809423685264,9.598880767822266,148400,0.0,0.0,AEIS,1d
2003-05-21 00:00:00-04:00,9.608684440589908,9.696927608854288,9.47141718606124,9.579270362854004,174600,0.0,0.0,AEIS,1d
2003-05-22 00:00:00-04:00,9.75575761232269,9.853805803424162,9.579272177419625,9.745952606201172,121500,0.0,0.0,AEIS,1d
2003-05-23 00:00:00-04:00,9.667513257870809,9.77536644204688,9.510636919131144,9.589075088500977,79600,0.0,0.0,AEIS,1d
2003-05-27 00:00:00-04:00,9.510636981469622,11.079402249262376,9.510636981469622,11.069597244262695,331100,0.0,0.0,AEIS,1d
2003-05-28 00:00:00-04:00,11.079404442924416,11.55003355541021,11.059794429042377,11.255889892578125,274200,0.0,0.0,AEIS,1d
2003-05-29 00:00:00-04:00,11.23628075353016,11.844177154761313,11.23628075353016,11.814763069152832,273900,0.0,0.0,AEIS,1d
2003-05-30 00:00:00-04:00,11.81476336391351,13.314894858168955,11.7363251769627,13.177627563476562,672700,0.0,0.0,AEIS,1d
2003-06-02 00:00:00-04:00,13.530599311139321,14.442443398883182,13.216845652132463,13.63845157623291,783500,0.0,0.0,AEIS,1d
2003-06-03 00:00:00-04:00,13.589427960904858,13.707085236555391,13.138407936716026,13.68747615814209,280100,0.0,0.0,AEIS,1d
2003-06-04 00:00:00-04:00,13.726694321741801,14.756196582883804,13.550207952672645,14.736586570739746,372100,0.0,0.0,AEIS,1d
2003-06-05 00:00:00-04:00,13.403135594228479,15.834720813884866,13.403135594228479,15.795502662658691,686400,0.0,0.0,AEIS,1d
2003-06-06 00:00:00-04:00,15.932769187101483,16.501446412513484,15.285653788188293,15.295458793640137,681100,0.0,0.0,AEIS,1d
2003-06-09 00:00:00-04:00,15.118974852957516,15.197413038999409,14.314982978499637,14.49146842956543,264200,0.0,0.0,AEIS,1d
2003-06-10 00:00:00-04:00,14.422832332319476,14.56990366762632,13.373721104986894,14.197321891784668,384400,0.0,0.0,AEIS,1d
2003-06-11 00:00:00-04:00,14.099275194854716,14.118884270631654,13.589426133859387,14.079665184020996,209100,0.0,0.0,AEIS,1d
2003-06-12 00:00:00-04:00,13.991420867948518,14.246344425628633,13.697277294410462,14.118882179260254,161100,0.0,0.0,AEIS,1d
2003-06-13 00:00:00-04:00,14.089469719931646,14.109079730111898,13.13840573249472,13.207039833068848,287300,0.0,0.0,AEIS,1d
2003-06-16 00:00:00-04:00,13.216846314897357,13.863962743079465,13.148213136855874,13.746305465698242,164600,0.0,0.0,AEIS,1d
2003-06-17 00:00:00-04:00,13.805132851768077,14.775806036254066,13.618842406939633,14.658148765563965,359300,0.0,0.0,AEIS,1d
2003-06-18 00:00:00-04:00,14.775806281737063,15.32487448913654,14.481663567653401,15.2072172164917,350500,0.0,0.0,AEIS,1d
2003-06-19 00:00:00-04:00,15.167997602799755,15.687650772833962,14.76600170135498,14.76600170135498,320500,0.0,0.0,AEIS,1d
2003-06-20 00:00:00-04:00,14.873855885579745,14.981708161957604,13.971815774788821,14.177716255187988,332100,0.0,0.0,AEIS,1d
2003-06-23 00:00:00-04:00,14.216931583048659,14.216931583048659,13.579621230934684,13.64825439453125,127800,0.0,0.0,AEIS,1d
2003-06-24 00:00:00-04:00,13.648254817328521,13.72669298817067,13.177624857218872,13.403135299682617,178700,0.0,0.0,AEIS,1d
2003-06-25 00:00:00-04:00,13.393333441086904,13.824744417127759,13.393333441086904,13.491381645202637,300700,0.0,0.0,AEIS,1d
2003-06-26 00:00:00-04:00,13.540404917115245,14.462054052058686,13.491380818062984,14.109082221984863,333800,0.0,0.0,AEIS,1d
2003-06-27 00:00:00-04:00,13.991423540798143,14.560100788582462,13.991423540798143,14.256152153015137,198000,0.0,0.0,AEIS,1d
2003-06-30 00:00:00-04:00,14.26595829256605,14.48166376285085,13.932595548050516,14.020838737487793,124600,0.0,0.0,AEIS,1d
2003-07-01 00:00:00-04:00,13.971813201904297,14.079665458421355,13.295283710921291,13.971813201904297,372300,0.0,0.0,AEIS,1d
2003-07-02 00:00:00-04:00,13.962009258650152,15.079754736470958,13.962009258650152,15.05034065246582,658500,0.0,0.0,AEIS,1d
2003-07-03 00:00:00-04:00,14.883660688134404,14.952293868970466,14.413030624389648,14.413030624389648,281100,0.0,0.0,AEIS,1d
2003-07-07 00:00:00-04:00,14.71697840110588,15.668041607371336,14.589516119480665,15.589603424072266,467600,0.0,0.0,AEIS,1d
2003-07-08 00:00:00-04:00,15.491559148190566,16.923057671879025,15.491559148190566,16.756376266479492,439200,0.0,0.0,AEIS,1d
2003-07-09 00:00:00-04:00,16.834808377125537,17.57016692265499,16.71715018699089,17.393680572509766,592600,0.0,0.0,AEIS,1d
2003-07-10 00:00:00-04:00,17.011292030516778,17.638797291455557,16.89363385903416,17.158363342285156,283900,0.0,0.0,AEIS,1d
2003-07-11 00:00:00-04:00,17.16817548617691,17.60938960498765,17.06032227330332,17.207393646240234,208800,0.0,0.0,AEIS,1d
2003-07-14 00:00:00-04:00,17.736847858214418,18.1094286898294,17.4230951852516,18.001577377319336,368900,0.0,0.0,AEIS,1d
2003-07-15 00:00:00-04:00,18.04079890638207,18.864400762270524,18.021188893119536,18.638891220092773,686000,0.0,0.0,AEIS,1d
2003-07-16 00:00:00-04:00,18.815377599227986,18.884010775533056,18.148652109212208,18.638891220092773,290500,0.0,0.0,AEIS,1d
2003-07-17 00:00:00-04:00,18.3545463085327,18.393766323669485,16.83480625413415,17.13875389099121,573400,0.0,0.0,AEIS,1d
2003-07-18 00:00:00-04:00,17.099538303253055,17.256414647034994,15.932768860025549,16.95246696472168,556200,0.0,0.0,AEIS,1d
2003-07-21 00:00:00-04:00,17.060321612409066,17.060321612409066,16.060233322997796,16.413206100463867,354100,0.0,0.0,AEIS,1d
2003-07-22 00:00:00-04:00,16.570078648404184,18.08982074590195,16.491640479315578,18.060405731201172,862100,0.0,0.0,AEIS,1d
2003-07-23 00:00:00-04:00,18.040802651484185,18.864404678344727,17.825098071159445,18.864404678344727,527900,0.0,0.0,AEIS,1d
2003-07-24 00:00:00-04:00,18.982056297075243,19.59975666689794,18.923226265577057,19.354637145996094,544000,0.0,0.0,AEIS,1d
2003-07-25 00:00:00-04:00,19.374252141976722,19.5801516948629,18.785964766408483,19.3154239654541,930800,0.0,0.0,AEIS,1d
2003-07-28 00:00:00-04:00,19.129129874077684,20.286094447340147,18.952643499157816,20.031169891357422,803100,0.0,0.0,AEIS,1d
2003-07-29 00:00:00-04:00,20.08999468479115,20.158627847927534,19.099711646405026,19.256587982177734,614800,0.0,0.0,AEIS,1d
2003-07-30 00:00:00-04:00,18.874203592936198,19.021274935222078,17.91333549521398,18.38396453857422,475600,0.0,0.0,AEIS,1d
2003-07-31 00:00:00-04:00,18.82518236143963,19.609564180618875,18.687914140497934,19.138935089111328,666200,0.0,0.0,AEIS,1d
2003-08-01 00:00:00-04:00,19.099713902079145,19.15854393752681,18.776156187571623,18.982057571411133,230700,0.0,0.0,AEIS,1d
2003-08-04 00:00:00-04:00,19.07030334588974,19.305617909315792,18.678110536732408,18.991865158081055,255400,0.0,0.0,AEIS,1d
2003-08-05 00:00:00-04:00,18.903620141309247,19.11932466946742,18.75654691699159,18.82518196105957,364100,0.0,0.0,AEIS,1d
2003-08-06 00:00:00-04:00,18.668309887718266,18.884014465412776,18.432993422815322,18.580066680908203,250400,0.0,0.0,AEIS,1d
2003-08-07 00:00:00-04:00,18.540844429780194,18.76635398905753,17.79568070032496,18.099628448486328,324200,0.0,0.0,AEIS,1d
2003-08-08 00:00:00-04:00,18.24670286475828,18.256507872764832,17.579977281225208,17.864315032958984,515700,0.0,0.0,AEIS,1d
2003-08-11 00:00:00-04:00,17.785874519535145,18.78596276441158,17.785874519535145,18.69771957397461,306900,0.0,0.0,AEIS,1d
2003-08-12 00:00:00-04:00,18.678106102192352,19.75663233108442,18.550644778557718,19.707609176635742,407200,0.0,0.0,AEIS,1d
2003-08-13 00:00:00-04:00,19.75663736832645,20.835163872204532,19.589955982544257,20.48219108581543,532300,0.0,0.0,AEIS,1d
2003-08-14 00:00:00-04:00,20.442972844056285,20.87438381789513,20.34492464044101,20.844968795776367,437600,0.0,0.0,AEIS,1d
2003-08-15 00:00:00-04:00,20.884184256056866,20.97242744089456,20.59004155334034,20.609651565551758,219100,0.0,0.0,AEIS,1d
2003-08-18 00:00:00-04:00,20.5998485965745,22.041150974598445,20.5998485965745,22.011737823486328,648500,0.0,0.0,AEIS,1d
2003-08-19 00:00:00-04:00,21.815641601654267,22.31568574592608,21.72739840736431,22.070566177368164,439200,0.0,0.0,AEIS,1d
2003-08-20 00:00:00-04:00,22.04115385402007,22.84514583809073,21.982325673996737,22.53139305114746,291500,0.0,0.0,AEIS,1d
2003-08-21 00:00:00-04:00,22.845141269487485,23.551086769048002,22.786313101228693,23.276552200317383,287900,0.0,0.0,AEIS,1d
2003-08-22 00:00:00-04:00,23.55108522878004,23.87464293821298,22.531387071710387,22.639240264892578,550600,0.0,0.0,AEIS,1d
2003-08-25 00:00:00-04:00,22.570604589212135,22.600017733095914,21.717587884427612,22.0999755859375,324400,0.0,0.0,AEIS,1d
2003-08-26 00:00:00-04:00,22.03134462063359,22.335294211045234,21.227352790747336,21.99212646484375,319600,0.0,0.0,AEIS,1d
2003-08-27 00:00:00-04:00,22.119585350060813,22.82553077694496,21.943098993339778,22.766700744628906,647800,0.0,0.0,AEIS,1d
2003-08-28 00:00:00-04:00,22.74709097779011,23.404011330781238,22.39411828958191,23.384401321411133,853600,0.0,0.0,AEIS,1d
2003-08-29 00:00:00-04:00,23.13928437625859,24.021714324355028,22.97260301838709,23.590303421020508,362700,0.0,0.0,AEIS,1d
2003-09-02 00:00:00-04:00,23.678548331555096,23.678548331555096,23.139286065601937,23.531476974487305,407000,0.0,0.0,AEIS,1d
2003-09-03 00:00:00-04:00,23.531485453481025,24.02172473376188,23.158904423317928,23.178512573242188,683500,0.0,0.0,AEIS,1d
2003-09-04 00:00:00-04:00,23.188307264511874,24.168785388762807,23.041235919896955,24.06093406677246,644300,0.0,0.0,AEIS,1d
2003-09-05 00:00:00-04:00,23.9334723190606,24.09034867887334,23.22752869990325,23.55108642578125,529400,0.0,0.0,AEIS,1d
2003-09-08 00:00:00-04:00,23.364797666694955,24.158984561049397,23.266749463291138,23.982498168945312,315100,0.0,0.0,AEIS,1d
2003-09-09 00:00:00-04:00,23.972696117911042,24.10996248682757,23.48245694879314,23.52167510986328,265000,0.0,0.0,AEIS,1d
2003-09-10 00:00:00-04:00,23.237335129126016,23.52167284740578,21.668569564819336,21.668569564819336,876800,0.0,0.0,AEIS,1d
2003-09-11 00:00:00-04:00,21.67837191485363,22.629435021663603,21.364619214467396,22.384315490722656,331300,0.0,0.0,AEIS,1d
2003-09-12 00:00:00-04:00,22.286265064246155,22.286265064246155,21.78622104697432,22.0999755859375,263300,0.0,0.0,AEIS,1d
2003-09-15 00:00:00-04:00,22.2470466963052,22.541189352922775,21.560711337379654,21.678369522094727,263500,0.0,0.0,AEIS,1d
2003-09-16 00:00:00-04:00,21.76661731781608,22.531389135556807,21.76661731781608,22.305879592895508,233400,0.0,0.0,AEIS,1d
2003-09-17 00:00:00-04:00,22.276465534843975,22.600023287885723,22.22744236957948,22.403928756713867,219600,0.0,0.0,AEIS,1d
2003-09-18 00:00:00-04:00,21.96271088378907,22.286268608764786,21.32540044006281,22.20783042907715,704800,0.0,0.0,AEIS,1d
2003-09-19 00:00:00-04:00,22.354901479014305,22.354901479014305,21.70778603784009,21.923492431640625,237800,0.0,0.0,AEIS,1d
2003-09-22 00:00:00-04:00,21.541109701974673,21.72740112097718,20.84497093798161,21.129308700561523,384500,0.0,0.0,AEIS,1d
2003-09-23 00:00:00-04:00,21.129303840739535,21.76661614809315,21.129303840739535,21.756811141967773,292500,0.0,0.0,AEIS,1d
2003-09-24 00:00:00-04:00,21.74700426931176,21.75680927459558,20.080190773333108,20.10960578918457,478000,0.0,0.0,AEIS,1d
2003-09-25 00:00:00-04:00,20.06058089186629,20.41355360390123,19.344832332563037,19.41346549987793,533600,0.0,0.0,AEIS,1d
2003-09-26 00:00:00-04:00,19.344829957842276,19.46248813744836,18.67810463700553,18.736934661865234,446500,0.0,0.0,AEIS,1d
2003-09-29 00:00:00-04:00,18.903617792120972,20.139020380112857,18.903617792120972,19.991947174072266,773000,0.0,0.0,AEIS,1d
2003-09-30 00:00:00-04:00,19.776246014613402,19.972342409062588,18.501625061035156,18.501625061035156,528400,0.0,0.0,AEIS,1d
2003-10-01 00:00:00-04:00,18.638889684040517,18.972252401575602,18.295721960682208,18.56045150756836,808600,0.0,0.0,AEIS,1d
2003-10-02 00:00:00-04:00,18.629087156352515,19.286007672986344,18.53103895519104,18.933034896850586,252400,0.0,0.0,AEIS,1d
2003-10-03 00:00:00-04:00,19.521322262400222,21.648960189241958,19.501712248116323,20.893991470336914,1090900,0.0,0.0,AEIS,1d
2003-10-06 00:00:00-04:00,21.021447106121425,21.227346571448557,20.746912615572032,21.09008026123047,295900,0.0,0.0,AEIS,1d
2003-10-07 00:00:00-04:00,20.81554648852875,21.845049461007633,20.81554648852875,21.825439453125,265700,0.0,0.0,AEIS,1d
2003-10-08 00:00:00-04:00,21.864658327975157,21.864658327975157,20.923400359576664,21.13910484313965,201600,0.0,0.0,AEIS,1d
2003-10-09 00:00:00-04:00,21.648960605503305,22.198027925212546,21.139111445002044,21.599937438964844,220300,0.0,0.0,AEIS,1d
2003-10-10 00:00:00-04:00,21.57051968756587,21.619542847901226,20.913599240458183,21.16852378845215,142200,0.0,0.0,AEIS,1d
2003-10-13 00:00:00-04:00,21.29598046097358,22.148997102735326,21.29598046097358,21.825439453125,199700,0.0,0.0,AEIS,1d
2003-10-14 00:00:00-04:00,21.78622580900738,21.805835822625202,21.02145397905063,21.44305992126465,357400,0.0,0.0,AEIS,1d
2003-10-15 00:00:00-04:00,22.090170581271767,22.67845590030835,21.913684237515422,22.0999755859375,760500,0.0,0.0,AEIS,1d
2003-10-16 00:00:00-04:00,21.992124935954955,22.227439464676262,21.521495878512336,22.10978126525879,251600,0.0,0.0,AEIS,1d
2003-10-17 00:00:00-04:00,20.727308341733075,21.57052018371468,20.59004199354583,21.1195011138916,568800,0.0,0.0,AEIS,1d
2003-10-20 00:00:00-04:00,20.844969367445696,21.286183490643737,20.16843880107191,21.021455764770508,274300,0.0,0.0,AEIS,1d
2003-10-21 00:00:00-04:00,20.815549786948665,21.354813868492872,20.570430259914094,20.98223114013672,347800,0.0,0.0,AEIS,1d
2003-10-22 00:00:00-04:00,20.874379818910487,20.884182954291447,19.864486694335938,19.864486694335938,239600,0.0,0.0,AEIS,1d
2003-10-23 00:00:00-04:00,19.43307304240359,19.707607546908463,18.707519569904974,19.070297241210938,298900,0.0,0.0,AEIS,1d
2003-10-24 00:00:00-04:00,18.972247256222307,19.305609883348044,18.776150933167237,19.099708557128906,140500,0.0,0.0,AEIS,1d
2003-10-27 00:00:00-05:00,19.19776331064433,19.8546837873003,19.19776331064433,19.727222442626953,306400,0.0,0.0,AEIS,1d
2003-10-28 00:00:00-05:00,19.805659364368648,21.80583381652832,19.805659364368648,21.80583381652832,552800,0.0,0.0,AEIS,1d
2003-10-29 00:00:00-05:00,21.65876361546939,22.354902240710253,21.45286222074538,21.962711334228516,282600,0.0,0.0,AEIS,1d
2003-10-30 00:00:00-05:00,22.374509577722797,23.992298042304498,22.256853254906055,22.678457260131836,603900,0.0,0.0,AEIS,1d
2003-10-31 00:00:00-05:00,22.79611374785486,22.98240509351209,22.23724158099656,22.374507904052734,233200,0.0,0.0,AEIS,1d
2003-11-03 00:00:00-05:00,22.38431622695267,23.776595283294462,22.354901209031386,23.737375259399414,600400,0.0,0.0,AEIS,1d
2003-11-04 00:00:00-05:00,24.904145802270033,25.963062179055886,24.511954897925968,25.737552642822266,2744100,0.0,0.0,AEIS,1d
2003-11-05 00:00:00-05:00,25.49243573174686,25.972869873046875,24.933563401461406,25.972869873046875,817200,0.0,0.0,AEIS,1d
2003-11-06 00:00:00-05:00,25.98267300870073,28.100505828857422,25.786576615306522,28.100505828857422,1393900,0.0,0.0,AEIS,1d
2003-11-07 00:00:00-05:00,28.18874740600586,28.33581875757967,27.443583771903015,28.18874740600586,827000,0.0,0.0,AEIS,1d
2003-11-10 00:00:00-05:00,28.28679689702845,28.747620985167476,27.580851384850114,27.620071411132812,1212400,0.0,0.0,AEIS,1d
2003-11-11 00:00:00-05:00,27.58084954584555,28.767229080200195,27.394560043765274,28.767229080200195,1373100,0.0,0.0,AEIS,1d
2003-11-12 00:00:00-05:00,28.747617234408153,29.21824626771394,28.629960911138475,29.1594181060791,644400,0.0,0.0,AEIS,1d
2003-11-13 00:00:00-05:00,28.8260595089805,29.404541812704295,27.9632394917951,28.49269676208496,429600,0.0,0.0,AEIS,1d
2003-11-14 00:00:00-05:00,28.433871812887254,28.492699989557853,27.012177474197284,27.30632209777832,648400,0.0,0.0,AEIS,1d
2003-11-17 00:00:00-05:00,26.845493391395184,26.963151603058616,25.914040185357823,26.28662109375,471700,0.0,0.0,AEIS,1d
2003-11-18 00:00:00-05:00,26.86510376553705,27.325929741446163,25.492434584983773,25.619895935058594,690900,0.0,0.0,AEIS,1d
2003-11-19 00:00:00-05:00,25.590479437969595,26.20817983390453,25.502236257105515,25.93364715576172,407000,0.0,0.0,AEIS,1d
2003-11-20 00:00:00-05:00,25.796378162277932,26.296422215266777,25.492430476383614,25.894426345825195,691500,0.0,0.0,AEIS,1d
2003-11-21 00:00:00-05:00,25.933644703628374,26.17876421171517,25.23750432820289,25.786571502685547,705500,0.0,0.0,AEIS,1d
2003-11-24 00:00:00-05:00,26.17877004321616,26.52193593488949,25.7865772468229,25.98267364501953,734800,0.0,0.0,AEIS,1d
2003-11-25 00:00:00-05:00,26.12974500861008,26.227793207708395,25.835602281428983,25.98267364501953,662800,0.0,0.0,AEIS,1d
2003-11-26 00:00:00-05:00,26.276817128904618,26.423890366844343,25.24731568400997,25.629701614379883,487100,0.0,0.0,AEIS,1d
2003-11-28 00:00:00-05:00,25.580675723577297,26.14935299001083,25.580675723577297,25.953256607055664,178900,0.0,0.0,AEIS,1d
2003-12-01 00:00:00-05:00,26.433684074165164,27.58084332615919,26.247394614094556,27.502405166625977,1026600,0.0,0.0,AEIS,1d
2003-12-02 00:00:00-05:00,27.551437040654406,27.86518975685693,26.953344756572278,27.071002960205078,691900,0.0,0.0,AEIS,1d
2003-12-03 00:00:00-05:00,27.316120331976627,27.463191672240743,25.894426345825195,25.894426345825195,603500,0.0,0.0,AEIS,1d
2003-12-04 00:00:00-05:00,26.02188821689433,26.237592713594434,24.76687564581524,25.512039184570312,906000,0.0,0.0,AEIS,1d
2003-12-05 00:00:00-05:00,24.864928015428596,25.168875737035997,24.306055734690744,24.51195526123047,477400,0.0,0.0,AEIS,1d
2003-12-08 00:00:00-05:00,24.374692142356658,25.041417713090013,24.04132935698998,24.53156852722168,480700,0.0,0.0,AEIS,1d
2003-12-09 00:00:00-05:00,24.806102216847652,24.85512725781906,23.207923283461646,23.423627853393555,522700,0.0,0.0,AEIS,1d
2003-12-10 00:00:00-05:00,23.247135162353516,23.884447431915714,22.73728796486278,23.247135162353516,333800,0.0,0.0,AEIS,1d
2003-12-11 00:00:00-05:00,23.16869456374679,24.54136527444755,23.16869456374679,24.355073928833008,349500,0.0,0.0,AEIS,1d
2003-12-12 00:00:00-05:00,24.55117701217026,24.982586108595072,24.158984204345657,24.845319747924805,356000,0.0,0.0,AEIS,1d
2003-12-15 00:00:00-05:00,25.688527017297602,25.688527017297602,23.65893577551091,23.71776580810547,524800,0.0,0.0,AEIS,1d
2003-12-16 00:00:00-05:00,23.60990833171242,23.85502781267709,22.658845418810266,23.404008865356445,573800,0.0,0.0,AEIS,1d
2003-12-17 00:00:00-05:00,23.629524075951927,23.629524075951927,22.825532282407384,23.207918167114258,177700,0.0,0.0,AEIS,1d
2003-12-18 00:00:00-05:00,23.158894244376114,24.58058641025091,23.002016023133052,24.4825382232666,415300,0.0,0.0,AEIS,1d
2003-12-19 00:00:00-05:00,24.384490619975548,25.178677339434707,24.374685614783026,24.65902328491211,385600,0.0,0.0,AEIS,1d
2003-12-22 00:00:00-05:00,24.629612677787247,25.080631742444414,24.590392652975122,25.03160858154297,299300,0.0,0.0,AEIS,1d
2003-12-23 00:00:00-05:00,24.884535210748574,25.561065673828125,24.884535210748574,25.561065673828125,180800,0.0,0.0,AEIS,1d
2003-12-24 00:00:00-05:00,25.404189956599318,25.482628137622505,25.178680419921875,25.178680419921875,57100,0.0,0.0,AEIS,1d
2003-12-26 00:00:00-05:00,25.090437820466526,25.62970009387359,25.090437820466526,25.355167388916016,54000,0.0,0.0,AEIS,1d
2003-12-29 00:00:00-05:00,25.56106418092562,26.276812756667017,25.394382826427005,26.237594604492188,170900,0.0,0.0,AEIS,1d
2003-12-30 00:00:00-05:00,26.20818168246922,26.414083075712963,25.737552598074583,26.100330352783203,185900,0.0,0.0,AEIS,1d
2003-12-31 00:00:00-05:00,26.286619874880287,26.374863062007705,25.35516671203296,25.54145622253418,274900,0.0,0.0,AEIS,1d
2004-01-02 00:00:00-05:00,26.178763844709113,26.178763844709113,25.512038492841857,25.865009307861328,302500,0.0,0.0,AEIS,1d
2004-01-05 00:00:00-05:00,26.18857347618695,26.619984435030002,25.982673938854457,26.46310806274414,548500,0.0,0.0,AEIS,1d
2004-01-06 00:00:00-05:00,26.443494958060516,27.24748860970004,26.443494958060516,26.865100860595703,693100,0.0,0.0,AEIS,1d
2004-01-07 00:00:00-05:00,26.718032678517577,27.796559142315374,26.25720856794561,27.63968276977539,636700,0.0,0.0,AEIS,1d
2004-01-08 00:00:00-05:00,27.698510627316036,27.894607025820452,27.17885648035903,27.355342864990234,900600,0.0,0.0,AEIS,1d
2004-01-09 00:00:00-05:00,26.933735952353665,27.512218250091664,26.5513500460947,26.669008255004883,536500,0.0,0.0,AEIS,1d
2004-01-12 00:00:00-05:00,26.747444577635818,27.257291793823242,26.67880953631118,27.257291793823242,458800,0.0,0.0,AEIS,1d
2004-01-13 00:00:00-05:00,27.090609841097734,27.19846303356356,25.88462219305002,26.52193260192871,327500,0.0,0.0,AEIS,1d
2004-01-14 00:00:00-05:00,26.580761206685565,27.18865656580763,25.95325396712643,26.47290802001953,228100,0.0,0.0,AEIS,1d
2004-01-15 00:00:00-05:00,26.394473781485903,27.237685649898022,25.83560149478998,26.89451789855957,471800,0.0,0.0,AEIS,1d
2004-01-16 00:00:00-05:00,26.90431829864513,27.267094131000935,26.85529327392578,26.85529327392578,658700,0.0,0.0,AEIS,1d
2004-01-20 00:00:00-05:00,26.963150024414062,27.061198216707403,26.306229567196514,26.963150024414062,416800,0.0,0.0,AEIS,1d
2004-01-21 00:00:00-05:00,26.82588517336371,26.82588517336371,25.49243417208002,26.2572078704834,315400,0.0,0.0,AEIS,1d
2004-01-22 00:00:00-05:00,26.335643974049766,26.669006698033716,24.91394989411154,25.080631256103516,374900,0.0,0.0,AEIS,1d
2004-01-23 00:00:00-05:00,25.178681612343084,25.512044365007583,23.502062842164126,24.188398361206055,690700,0.0,0.0,AEIS,1d
2004-01-26 00:00:00-05:00,24.237419691747245,24.786488813487736,23.825618785498722,24.776683807373047,293400,0.0,0.0,AEIS,1d
2004-01-27 00:00:00-05:00,24.531565569454944,24.560978719249533,22.7961186672499,23.060848236083984,739600,0.0,0.0,AEIS,1d
2004-01-28 00:00:00-05:00,23.21772374578031,24.237420086852616,22.237245559692383,22.237245559692383,1334500,0.0,0.0,AEIS,1d
2004-01-29 00:00:00-05:00,22.443142821371175,22.570606019992336,20.168433957900245,21.0312557220459,1578600,0.0,0.0,AEIS,1d
2004-01-30 00:00:00-05:00,21.031256875232717,22.619630416595808,20.982231846108153,21.943099975585938,582500,0.0,0.0,AEIS,1d
2004-02-02 00:00:00-05:00,21.913687729322024,22.492170005983766,21.031257740044126,21.25676727294922,566000,0.0,0.0,AEIS,1d
2004-02-03 00:00:00-05:00,20.305701556126884,21.325399728138404,20.158630207886592,21.050865173339844,655700,0.0,0.0,AEIS,1d
2004-02-04 00:00:00-05:00,20.795940798703878,20.87438084652166,19.854682666254522,20.15863037109375,624700,0.0,0.0,AEIS,1d
2004-02-05 00:00:00-05:00,20.021365764018046,20.88418579359244,20.011560757190473,20.295900344848633,474900,0.0,0.0,AEIS,1d
2004-02-06 00:00:00-05:00,20.39394535313482,21.66856810652682,20.295899031431656,21.619543075561523,397500,0.0,0.0,AEIS,1d
2004-02-09 00:00:00-05:00,21.531302176068195,21.80583676828199,21.119503092918368,21.148916244506836,260100,0.0,0.0,AEIS,1d
2004-02-10 00:00:00-05:00,21.35481590185558,21.835249996175683,21.119501357909844,21.766616821289062,264400,0.0,0.0,AEIS,1d
2004-02-11 00:00:00-05:00,21.87446717640158,22.266658065490155,21.423448121478135,21.864662170410156,663800,0.0,0.0,AEIS,1d
2004-02-12 00:00:00-05:00,21.864665636083647,22.41373483795191,21.158721923828125,21.158721923828125,819500,0.0,0.0,AEIS,1d
2004-02-13 00:00:00-05:00,23.874643761255445,24.149176451381663,21.91368742554845,21.923492431640625,3892100,0.0,0.0,AEIS,1d
2004-02-17 00:00:00-05:00,23.384402477606866,23.92366467115355,22.49216757839995,22.982406616210938,919700,0.0,0.0,AEIS,1d
2004-02-18 00:00:00-05:00,22.95299505116047,24.021716463855384,22.796118685087254,23.453039169311523,611600,0.0,0.0,AEIS,1d
2004-02-19 00:00:00-05:00,24.24722043360965,24.364878616180214,22.99220979346162,23.011817932128906,883500,0.0,0.0,AEIS,1d
2004-02-20 00:00:00-05:00,23.305965053910654,23.305965053910654,22.423535131569253,22.825531005859375,493600,0.0,0.0,AEIS,1d
2004-02-23 00:00:00-05:00,23.178505259625556,23.315773486469162,21.1881356065887,21.531301498413086,730100,0.0,0.0,AEIS,1d
2004-02-24 00:00:00-05:00,21.325398339865693,22.011733747125174,20.884182453754093,21.19793701171875,505100,0.0,0.0,AEIS,1d
2004-02-25 00:00:00-05:00,21.354816984095052,21.884274267276858,21.22735376417698,21.531301498413086,388800,0.0,0.0,AEIS,1d
2004-02-26 00:00:00-05:00,21.5313043131268,22.256859959554816,21.21755153094933,22.021543502807617,401700,0.0,0.0,AEIS,1d
2004-02-27 00:00:00-05:00,21.97251088670475,22.256850392147218,21.305785576121455,21.325395584106445,357800,0.0,0.0,AEIS,1d
2004-03-01 00:00:00-05:00,21.550913127414297,22.237248702728735,21.17833218688994,22.22744369506836,441100,0.0,0.0,AEIS,1d
2004-03-02 00:00:00-05:00,22.099979026387118,22.933383981468406,22.001930834579404,22.178417205810547,473900,0.0,0.0,AEIS,1d
2004-03-03 00:00:00-05:00,21.962713160091774,22.139199550209135,21.286182621346526,21.345012664794922,499500,0.0,0.0,AEIS,1d
2004-03-04 00:00:00-05:00,21.49208253570327,22.188221170313163,21.364621190673912,22.050954818725586,440900,0.0,0.0,AEIS,1d
2004-03-05 00:00:00-05:00,21.678369405027762,22.16860841015195,21.570516225464157,21.648954391479492,725400,0.0,0.0,AEIS,1d
2004-03-08 00:00:00-05:00,21.776416198710642,21.992122562679157,20.844963190137243,20.874378204345703,526200,0.0,0.0,AEIS,1d
2004-03-09 00:00:00-05:00,20.835159862774297,21.08027939057164,20.109606284907787,20.256677627563477,545100,0.0,0.0,AEIS,1d
2004-03-10 00:00:00-05:00,20.22726142679634,20.854768652897818,19.658584230403843,19.737022399902344,564800,0.0,0.0,AEIS,1d
2004-03-11 00:00:00-05:00,19.511518408176904,20.59004494603989,19.315423864092548,19.482105255126953,627400,0.0,0.0,AEIS,1d
2004-03-12 00:00:00-05:00,19.766440355993037,20.550822167693653,19.717417194054406,20.42336082458496,362700,0.0,0.0,AEIS,1d
2004-03-15 00:00:00-05:00,20.335120758348907,20.41355895155886,19.07030465907418,19.207571029663086,614700,0.0,0.0,AEIS,1d
2004-03-16 00:00:00-05:00,19.531126400695445,19.893904168353735,19.001667259266664,19.452688217163086,441700,0.0,0.0,AEIS,1d
2004-03-17 00:00:00-05:00,19.619372433837942,20.090001603227634,19.589957409458304,19.942930221557617,328300,0.0,0.0,AEIS,1d
2004-03-18 00:00:00-05:00,19.83507672184255,20.27629273072858,19.648787180414274,20.050783157348633,735000,0.0,0.0,AEIS,1d
2004-03-19 00:00:00-05:00,20.23706850302644,20.629261260773628,19.717416278204645,19.76643943786621,811400,0.0,0.0,AEIS,1d
2004-03-22 00:00:00-05:00,19.5507369964039,19.746831526018347,18.93303464633941,19.236984252929688,571400,0.0,0.0,AEIS,1d
2004-03-23 00:00:00-05:00,19.413468424144185,19.737026168876127,18.63889158619783,18.756547927856445,650500,0.0,0.0,AEIS,1d
2004-03-24 00:00:00-05:00,18.717326194995625,19.099712037507494,18.678106175192625,18.81537437438965,736400,0.0,0.0,AEIS,1d
2004-03-25 00:00:00-05:00,19.04088615149474,19.5801483973823,18.952642966514784,19.491905212402344,643800,0.0,0.0,AEIS,1d
2004-03-26 00:00:00-05:00,19.560538399747855,19.95272925683698,19.315418880302964,19.32522201538086,1033100,0.0,0.0,AEIS,1d
2004-03-29 00:00:00-05:00,19.67819673788326,20.295899037432633,19.57034353984143,19.913511276245117,665100,0.0,0.0,AEIS,1d
2004-03-30 00:00:00-05:00,19.96253378072004,20.217458299209973,19.629171092703473,20.09980010986328,262100,0.0,0.0,AEIS,1d
2004-03-31 00:00:00-05:00,20.237066690655254,20.315504861157272,19.66838948698726,19.991947174072266,378000,0.0,0.0,AEIS,1d
2004-04-01 00:00:00-05:00,19.98214478136419,21.011648007673113,19.98214478136419,20.197851181030273,668300,0.0,0.0,AEIS,1d
2004-04-02 00:00:00-05:00,21.148914322939795,21.913687986689933,21.060671135964252,21.90388298034668,903700,0.0,0.0,AEIS,1d
2004-04-05 00:00:00-04:00,21.61954811232385,22.61963653564453,21.580329948528572,22.61963653564453,528800,0.0,0.0,AEIS,1d
2004-04-06 00:00:00-04:00,22.501976446180432,22.501976446180432,21.6587645579664,21.668569564819336,400700,0.0,0.0,AEIS,1d
2004-04-07 00:00:00-04:00,21.570524281500983,22.041153453360895,21.207746459370995,21.79603385925293,340200,0.0,0.0,AEIS,1d
2004-04-08 00:00:00-04:00,22.109785702838735,22.168615749411867,21.315598775241554,21.501890182495117,501300,0.0,0.0,AEIS,1d
2004-04-12 00:00:00-04:00,21.521498202252985,21.766617763234848,21.49208318169418,21.668569564819336,342000,0.0,0.0,AEIS,1d
2004-04-13 00:00:00-04:00,21.747011137738316,22.099983958982193,21.099895545533954,21.129308700561523,388800,0.0,0.0,AEIS,1d
2004-04-14 00:00:00-04:00,21.05086685328158,21.17833007001191,20.335118196642593,20.403751373291016,320900,0.0,0.0,AEIS,1d
2004-04-15 00:00:00-04:00,20.639068088513163,20.76653131861561,19.629176605972557,19.874296188354492,627800,0.0,0.0,AEIS,1d
2004-04-16 00:00:00-04:00,16.570080419343185,18.5702567500431,14.540490940912411,14.775805473327637,5052300,0.0,0.0,AEIS,1d
2004-04-19 00:00:00-04:00,14.501271825995726,15.589602237743879,14.501271825995726,15.2366304397583,1641000,0.0,0.0,AEIS,1d
2004-04-20 00:00:00-04:00,15.334678871345858,15.589602484169957,14.903267954153975,14.932682037353516,959400,0.0,0.0,AEIS,1d
2004-04-21 00:00:00-04:00,15.060144461104354,15.46214129909555,14.952292198261949,15.354288101196289,579400,0.0,0.0,AEIS,1d
2004-04-22 00:00:00-04:00,15.138582826766193,15.550383740951592,15.099363736608387,15.217021942138672,646300,0.0,0.0,AEIS,1d
2004-04-23 00:00:00-04:00,15.26604615165066,15.51116571573012,15.011122515651286,15.246437072753906,515500,0.0,0.0,AEIS,1d
2004-04-26 00:00:00-04:00,15.266045131657924,15.315069228209683,14.609124669012205,14.658148765563965,600000,0.0,0.0,AEIS,1d
2004-04-27 00:00:00-04:00,14.726781515682019,15.040534208567278,13.903179761801429,14.079665184020996,1241700,0.0,0.0,AEIS,1d
2004-04-28 00:00:00-04:00,14.14830037632364,14.697367631151888,13.981619011629423,14.403223991394043,618800,0.0,0.0,AEIS,1d
2004-04-29 00:00:00-04:00,14.34439560555805,14.413028777599916,13.285479266636054,13.393331527709961,503300,0.0,0.0,AEIS,1d
2004-04-30 00:00:00-04:00,14.118884668315664,14.1286896740087,12.756020668915191,12.98153018951416,605900,0.0,0.0,AEIS,1d
2004-05-03 00:00:00-04:00,13.46196555187205,13.736500127530775,12.952117362182944,13.265870094299316,412800,0.0,0.0,AEIS,1d
2004-05-04 00:00:00-04:00,13.324699047440825,13.873766322395117,13.285479956372662,13.795328140258789,413500,0.0,0.0,AEIS,1d
2004-05-05 00:00:00-04:00,13.746301379176247,14.295368510394416,13.491376886439488,14.118882179260254,690100,0.0,0.0,AEIS,1d
2004-05-06 00:00:00-04:00,14.158102335652146,14.158102335652146,13.599230158011988,13.785521507263184,394000,0.0,0.0,AEIS,1d
2004-05-07 00:00:00-04:00,13.638451465986508,14.285566921430831,13.37372284105786,13.51098918914795,802800,0.0,0.0,AEIS,1d
2004-05-10 00:00:00-04:00,13.256065182212375,13.491379716379534,12.834459273870252,13.295284271240234,313000,0.0,0.0,AEIS,1d
2004-05-11 00:00:00-04:00,13.501184332469608,13.942399305054401,13.344307045832142,13.932594299316406,262200,0.0,0.0,AEIS,1d
2004-05-12 00:00:00-04:00,13.92279208151295,13.92279208151295,12.775632362048286,13.314895629882812,605700,0.0,0.0,AEIS,1d
2004-05-13 00:00:00-04:00,13.403134438859727,13.51098668307663,12.961919522445694,13.069771766662598,420800,0.0,0.0,AEIS,1d
2004-05-14 00:00:00-04:00,13.33450214051298,13.33450214051298,12.510900411208912,12.579533576965332,517400,0.0,0.0,AEIS,1d
2004-05-17 00:00:00-04:00,12.442268951109234,12.991337198863624,12.040273006262945,12.618755340576172,486000,0.0,0.0,AEIS,1d
2004-05-18 00:00:00-04:00,12.893288257382673,13.275675100942179,12.608949610137985,13.265870094299316,502600,0.0,0.0,AEIS,1d
2004-05-19 00:00:00-04:00,13.677669705643309,14.00122741324565,13.265868816866366,13.540403366088867,551700,0.0,0.0,AEIS,1d
2004-05-20 00:00:00-04:00,13.599230598022066,13.697278778174748,13.099186562345526,13.275672912597656,279600,0.0,0.0,AEIS,1d
2004-05-21 00:00:00-04:00,13.471769800048207,13.569817990842868,13.128603002380595,13.422745704650879,391800,0.0,0.0,AEIS,1d
2004-05-24 00:00:00-04:00,13.550206216487535,13.854154820377673,13.412939889294403,13.64825439453125,310000,0.0,0.0,AEIS,1d
2004-05-25 00:00:00-04:00,13.57962519868235,14.216935737008194,13.373724712675124,14.099278450012207,515000,0.0,0.0,AEIS,1d
2004-05-26 00:00:00-04:00,14.207127328048205,15.040534080234652,13.736498292735934,14.873852729797363,649000,0.0,0.0,AEIS,1d
2004-05-27 00:00:00-04:00,14.864048729209108,15.09936326277148,14.344395567161325,14.609124183654785,304700,0.0,0.0,AEIS,1d
2004-05-28 00:00:00-04:00,14.56010108452256,15.099363325754858,14.56010108452256,15.00131607055664,264600,0.0,0.0,AEIS,1d
2004-06-01 00:00:00-04:00,14.903267511661534,15.089558881526763,14.795415253094225,15.079753875732422,272900,0.0,0.0,AEIS,1d
2004-06-02 00:00:00-04:00,14.91307331958762,15.050340602921171,14.491467398322104,14.658148765563965,292700,0.0,0.0,AEIS,1d
2004-06-03 00:00:00-04:00,14.815024296569856,14.815024296569856,14.216932970301754,14.226737976074219,302800,0.0,0.0,AEIS,1d
2004-06-04 00:00:00-04:00,14.805219475694027,15.19741033615268,14.609123110407934,14.942485809326172,384800,0.0,0.0,AEIS,1d
2004-06-07 00:00:00-04:00,15.295458522866197,15.550382114703776,15.138581243584218,15.403310775756836,205200,0.0,0.0,AEIS,1d
2004-06-08 00:00:00-04:00,15.560188761729245,15.756284212700683,15.197411943667868,15.511164665222168,277600,0.0,0.0,AEIS,1d
2004-06-09 00:00:00-04:00,15.46214129909555,15.668040818597362,15.275849921846019,15.354288101196289,381300,0.0,0.0,AEIS,1d
2004-06-10 00:00:00-04:00,15.373898171988062,15.668040878140976,14.91307316526131,14.991511344909668,358100,0.0,0.0,AEIS,1d
2004-06-14 00:00:00-04:00,14.736586337597322,14.95229179248515,14.158104079295361,14.383614540100098,399400,0.0,0.0,AEIS,1d
2004-06-15 00:00:00-04:00,14.462052553055619,14.707172087853172,14.314981206199814,14.520881652832031,214500,0.0,0.0,AEIS,1d
2004-06-16 00:00:00-04:00,14.44244261066148,14.618928975779731,14.256152174747525,14.35420036315918,215000,0.0,0.0,AEIS,1d
2004-06-17 00:00:00-04:00,14.373809965838774,14.373809965838774,13.824742708798663,14.040447235107422,259400,0.0,0.0,AEIS,1d
2004-06-18 00:00:00-04:00,13.854156308310255,14.314981298517434,13.736499043055474,13.893375396728516,273500,0.0,0.0,AEIS,1d
2004-06-21 00:00:00-04:00,13.903180473364566,14.226738188226332,13.726694107055664,13.726694107055664,124200,0.0,0.0,AEIS,1d
2004-06-22 00:00:00-04:00,13.736499431475826,14.089471237220984,13.667865323510519,14.011033058166504,378500,0.0,0.0,AEIS,1d
2004-06-23 00:00:00-04:00,13.97181298758714,14.452247034325632,13.94239890627128,14.373808860778809,281600,0.0,0.0,AEIS,1d
2004-06-24 00:00:00-04:00,14.481662515817403,14.952291572213914,14.226737976074219,14.226737976074219,359400,0.0,0.0,AEIS,1d
2004-06-25 00:00:00-04:00,14.187519772668841,14.746392045750998,14.138495675806558,14.687562942504883,416600,0.0,0.0,AEIS,1d
2004-06-28 00:00:00-04:00,14.78561278582315,14.864050975531203,14.511079121844954,14.599322319030762,205700,0.0,0.0,AEIS,1d
2004-06-29 00:00:00-04:00,14.511076989395029,15.00131607055664,14.511076989395029,15.00131607055664,240200,0.0,0.0,AEIS,1d
2004-06-30 00:00:00-04:00,15.050340590656052,15.462141505264249,14.9228783137481,15.413117408752441,386600,0.0,0.0,AEIS,1d
2004-07-01 00:00:00-04:00,15.266044099302158,15.413116379011774,14.883658229182126,15.02092456817627,444900,0.0,0.0,AEIS,1d
2004-07-02 00:00:00-04:00,15.197409922716428,15.197409922716428,14.677756812981368,14.824828147888184,426000,0.0,0.0,AEIS,1d
2004-07-06 00:00:00-04:00,14.756198197241924,14.775807276474412,13.628647622136985,13.765914916992188,425700,0.0,0.0,AEIS,1d
2004-07-07 00:00:00-04:00,13.677671151406985,14.285567543129861,13.66786614467188,13.68747615814209,423300,0.0,0.0,AEIS,1d
2004-07-08 00:00:00-04:00,13.736499658956744,13.75610873651667,13.38352691230939,13.51098918914795,312900,0.0,0.0,AEIS,1d
2004-07-09 00:00:00-04:00,13.726690570103653,13.991420051354243,13.50118110242197,13.716885566711426,202700,0.0,0.0,AEIS,1d
2004-07-12 00:00:00-04:00,13.187430796311952,13.628645772311407,12.18734357971698,12.7462158203125,876100,0.0,0.0,AEIS,1d
2004-07-13 00:00:00-04:00,12.667777401816968,13.020749188859405,12.37363377841987,12.393243789672852,447300,0.0,0.0,AEIS,1d
2004-07-14 00:00:00-04:00,11.932417461807567,12.432461471543405,11.893198378792405,12.177536964416504,381100,0.0,0.0,AEIS,1d
2004-07-15 00:00:00-04:00,12.481486806985458,12.61875408907441,12.285391357613284,12.432463645935059,275500,0.0,0.0,AEIS,1d
2004-07-16 00:00:00-04:00,12.471682198357971,12.657972633469369,12.059881304894018,12.089295387268066,314100,0.0,0.0,AEIS,1d
2004-07-19 00:00:00-04:00,12.177541061283442,12.30500335772879,11.84417827597361,12.167736053466797,458700,0.0,0.0,AEIS,1d
2004-07-20 00:00:00-04:00,12.089296285668837,12.599145405010837,12.079491279129902,12.550121307373047,347000,0.0,0.0,AEIS,1d
2004-07-21 00:00:00-04:00,12.49129062574628,12.952115589255675,10.893111228942871,10.893111228942871,1078900,0.0,0.0,AEIS,1d
2004-07-22 00:00:00-04:00,8.520353311273608,8.922350072130468,7.755580741823095,8.785082817077637,2668600,0.0,0.0,AEIS,1d
2004-07-23 00:00:00-04:00,8.824302229175766,8.922350405744847,8.38308730472832,8.608596801757812,749400,0.0,0.0,AEIS,1d
2004-07-26 00:00:00-04:00,8.726254951768947,8.95176540709198,8.569378601139084,8.77527904510498,842200,0.0,0.0,AEIS,1d
2004-07-27 00:00:00-04:00,8.687035935437217,9.28512819594527,8.687035935437217,9.167470932006836,576000,0.0,0.0,AEIS,1d
2004-07-28 00:00:00-04:00,9.03020268443101,9.363565363897823,8.843912270347229,9.069421768188477,603600,0.0,0.0,AEIS,1d
2004-07-29 00:00:00-04:00,9.265518347812852,9.726343340990393,9.157666087731654,9.687124252319336,345700,0.0,0.0,AEIS,1d
2004-07-30 00:00:00-04:00,9.618489740959962,9.814585156997246,9.363565232583143,9.667512893676758,305900,0.0,0.0,AEIS,1d
2004-08-02 00:00:00-04:00,9.687123578247745,9.922438093899892,9.245908627635776,9.677318572998047,462100,0.0,0.0,AEIS,1d
2004-08-03 00:00:00-04:00,9.804781179978528,9.804781179978528,9.392980295614885,9.402785301208496,541200,0.0,0.0,AEIS,1d
2004-08-04 00:00:00-04:00,9.383175053944784,9.942048202981185,9.363565978307719,9.706732749938965,263500,0.0,0.0,AEIS,1d
2004-08-05 00:00:00-04:00,9.628296954258914,9.755759250065758,9.383177370412755,9.461615562438965,236800,0.0,0.0,AEIS,1d
2004-08-06 00:00:00-04:00,9.206689429549662,9.51063710813386,9.0302030774319,9.089032173156738,306800,0.0,0.0,AEIS,1d
2004-08-09 00:00:00-04:00,9.187080476522734,9.383175926410605,9.098837290308976,9.2164945602417,205500,0.0,0.0,AEIS,1d
2004-08-10 00:00:00-04:00,9.26551726717559,9.442003613140159,9.147860014884785,9.363565444946289,187300,0.0,0.0,AEIS,1d
2004-08-11 00:00:00-04:00,9.118448444348546,9.138057524263727,8.78508567027764,8.981181144714355,325800,0.0,0.0,AEIS,1d
2004-08-12 00:00:00-04:00,9.000788896498692,9.000788896498692,8.667426206249592,8.696840286254883,257500,0.0,0.0,AEIS,1d
2004-08-13 00:00:00-04:00,8.82430534050175,8.82430534050175,8.598795763960752,8.76547622680664,150300,0.0,0.0,AEIS,1d
2004-08-16 00:00:00-04:00,8.824305233578508,9.108643920369312,8.74586703964015,8.932157516479492,149900,0.0,0.0,AEIS,1d
2004-08-17 00:00:00-04:00,9.118447530999156,9.726343908391513,8.961571167163306,9.569467544555664,396700,0.0,0.0,AEIS,1d
2004-08-18 00:00:00-04:00,9.294931090571469,9.932242358420798,9.294931090571469,9.83419418334961,324200,0.0,0.0,AEIS,1d
2004-08-19 00:00:00-04:00,9.834193928326284,9.834193928326284,9.412589030589434,9.579270362854004,589300,0.0,0.0,AEIS,1d
2004-08-20 00:00:00-04:00,9.608685406363696,9.814585841323517,9.481223143287924,9.677318572998047,236500,0.0,0.0,AEIS,1d
2004-08-23 00:00:00-04:00,9.863610642079847,10.11853425151322,9.726343363879696,9.883219718933105,207600,0.0,0.0,AEIS,1d
2004-08-24 00:00:00-04:00,10.079317031329182,10.079317031329182,9.559663775113343,9.65771198272705,181400,0.0,0.0,AEIS,1d
2004-08-25 00:00:00-04:00,9.608687673372136,9.971464537691162,9.549858563050975,9.794978141784668,309800,0.0,0.0,AEIS,1d
2004-08-26 00:00:00-04:00,9.736149596784978,9.79497776981512,9.598882301286395,9.775368690490723,254300,0.0,0.0,AEIS,1d
2004-08-27 00:00:00-04:00,9.667513546139833,10.138143511448959,9.667513546139833,10.040095329284668,180000,0.0,0.0,AEIS,1d
2004-08-30 00:00:00-04:00,9.961657179841918,10.098924448167386,9.66751356774835,9.677318572998047,168600,0.0,0.0,AEIS,1d
2004-08-31 00:00:00-04:00,9.785172077301514,9.785172077301514,9.25571388182708,9.569467544555664,199600,0.0,0.0,AEIS,1d
2004-09-01 00:00:00-04:00,9.481225111285031,10.216583826627364,9.422396002632583,9.608687400817871,234900,0.0,0.0,AEIS,1d
2004-09-02 00:00:00-04:00,9.510639280561914,9.57927339709448,9.373372917610718,9.540053367614746,133600,0.0,0.0,AEIS,1d
2004-09-03 00:00:00-04:00,9.255715412390071,9.461615907737393,8.755672153738322,8.76547622680664,329900,0.0,0.0,AEIS,1d
2004-09-07 00:00:00-04:00,8.892937670382636,9.020399958559494,8.657623108390109,8.794890403747559,261700,0.0,0.0,AEIS,1d
2004-09-08 00:00:00-04:00,8.804695324251034,9.069424933293465,8.628209853279786,8.76547622680664,183500,0.0,0.0,AEIS,1d
2004-09-09 00:00:00-04:00,8.853717672144905,9.422394939721007,8.647817217673776,9.285128593444824,254600,0.0,0.0,AEIS,1d
2004-09-10 00:00:00-04:00,9.373370590262306,9.736147357361965,9.118446072281984,9.589075088500977,324500,0.0,0.0,AEIS,1d
2004-09-13 00:00:00-04:00,9.657708953234776,10.206776125477003,9.598879860109037,10.15775203704834,314100,0.0,0.0,AEIS,1d
2004-09-14 00:00:00-04:00,9.961658306662573,10.226387868008901,9.736148770751438,10.098925590515137,199700,0.0,0.0,AEIS,1d
2004-09-15 00:00:00-04:00,10.098923933463714,10.098923933463714,9.471417655316158,9.628293991088867,174900,0.0,0.0,AEIS,1d
2004-09-16 00:00:00-04:00,9.569467171298108,9.824391720116461,9.451809903010448,9.745952606201172,162300,0.0,0.0,AEIS,1d
2004-09-17 00:00:00-04:00,9.638100746388632,9.873415292787426,9.079228464927272,9.863611221313477,338300,0.0,0.0,AEIS,1d
2004-09-20 00:00:00-04:00,9.883218821458405,10.157752417872041,9.628294300117368,9.716537475585938,185900,0.0,0.0,AEIS,1d
2004-09-21 00:00:00-04:00,9.893024104012497,10.118533616484827,9.76556183976679,10.069510459899902,173600,0.0,0.0,AEIS,1d
2004-09-22 00:00:00-04:00,9.804782358901864,9.804782358901864,9.265519142150879,9.265519142150879,314100,0.0,0.0,AEIS,1d
2004-09-23 00:00:00-04:00,9.44200734783906,9.589078737611116,9.177277724180845,9.432202339172363,103900,0.0,0.0,AEIS,1d
2004-09-24 00:00:00-04:00,9.6184907864,9.6184907864,8.932155353086209,9.040008544921875,150100,0.0,0.0,AEIS,1d
2004-09-27 00:00:00-04:00,8.961569786071777,9.098836115745222,8.83410752633448,8.961569786071777,114100,0.0,0.0,AEIS,1d
2004-09-28 00:00:00-04:00,8.843913856437377,9.089033407646083,8.78508475272226,9.079228401184082,131300,0.0,0.0,AEIS,1d
2004-09-29 00:00:00-04:00,8.755670945717576,9.726344174835202,8.745865938945014,9.265519142150879,590900,0.0,0.0,AEIS,1d
2004-09-30 00:00:00-04:00,8.716450753614286,9.598880680524578,8.638012579447006,9.108641624450684,390000,0.0,0.0,AEIS,1d
2004-10-01 00:00:00-04:00,9.363566298310118,10.128338975427514,9.275323117285648,9.991071701049805,546300,0.0,0.0,AEIS,1d
2004-10-04 00:00:00-04:00,10.079313428833938,10.716624680424594,10.069509359622293,10.569552421569824,573600,0.0,0.0,AEIS,1d
2004-10-05 00:00:00-04:00,10.62838516891613,10.706823359936715,10.412679676081027,10.510727882385254,303600,0.0,0.0,AEIS,1d
2004-10-06 00:00:00-04:00,10.61858035482482,10.628385362645364,10.304827585023544,10.37346076965332,326700,0.0,0.0,AEIS,1d
2004-10-07 00:00:00-04:00,10.295020007576564,10.48131043438392,10.236190910394003,10.265605926513672,251900,0.0,0.0,AEIS,1d
2004-10-08 00:00:00-04:00,10.118535216264755,10.167559315657355,9.785172462463379,9.785172462463379,270100,0.0,0.0,AEIS,1d
2004-10-11 00:00:00-04:00,9.75575583903619,9.8734130859375,9.687122678774596,9.8734130859375,648000,0.0,0.0,AEIS,1d
2004-10-12 00:00:00-04:00,9.736147485715286,9.85380474132113,9.569466139842818,9.716537475585938,265500,0.0,0.0,AEIS,1d
2004-10-13 00:00:00-04:00,9.942049026489258,10.255801743124913,9.716538560114742,9.942049026489258,460000,0.0,0.0,AEIS,1d
2004-10-14 00:00:00-04:00,9.873413314280082,10.089118739449445,9.559660648620428,9.667512893676758,347200,0.0,0.0,AEIS,1d
2004-10-15 00:00:00-04:00,9.755757117583547,9.844000298088469,9.559661680381945,9.598880767822266,248600,0.0,0.0,AEIS,1d
2004-10-18 00:00:00-04:00,9.726344291237796,9.961658846253972,9.510638814944508,9.785172462463379,319400,0.0,0.0,AEIS,1d
2004-10-19 00:00:00-04:00,9.961660082438138,10.255803780238343,9.961660082438138,10.167560577392578,639100,0.0,0.0,AEIS,1d
2004-10-20 00:00:00-04:00,10.187169264677697,10.39306973277218,9.844001506167922,10.147950172424316,318200,0.0,0.0,AEIS,1d
2004-10-21 00:00:00-04:00,10.27541099903719,10.75584602355957,10.13814465065097,10.75584602355957,254600,0.0,0.0,AEIS,1d
2004-10-22 00:00:00-04:00,10.29501987787751,10.481310302337935,9.51063722398025,9.677318572998047,653000,0.0,0.0,AEIS,1d
2004-10-25 00:00:00-04:00,9.785170143299128,9.88321831884612,9.491027486771554,9.667512893676758,370400,0.0,0.0,AEIS,1d
2004-10-26 00:00:00-04:00,9.559661249291471,9.765561682832326,9.294931719714615,9.383174896240234,227600,0.0,0.0,AEIS,1d
2004-10-27 00:00:00-04:00,9.402785471392662,9.922438621520996,9.314542289566624,9.922438621520996,243200,0.0,0.0,AEIS,1d
2004-10-28 00:00:00-04:00,9.775368032649705,10.040096663584128,9.706733921990725,9.863611221313477,209500,0.0,0.0,AEIS,1d
2004-10-29 00:00:00-04:00,9.922437402053578,9.981266494393113,9.63809881503534,9.667512893676758,517400,0.0,0.0,AEIS,1d
2004-11-01 00:00:00-05:00,9.765562544226142,9.902829823713608,9.481223914261054,9.814586639404297,349900,0.0,0.0,AEIS,1d
2004-11-02 00:00:00-05:00,9.726344589594303,9.883220964417283,9.63810139499214,9.775368690490723,259900,0.0,0.0,AEIS,1d
2004-11-03 00:00:00-05:00,9.902829116650278,10.000876364949159,9.657709593317913,9.706732749938965,236700,0.0,0.0,AEIS,1d
2004-11-04 00:00:00-05:00,9.706732838350177,9.736147854658858,9.461613312785206,9.638099670410156,248000,0.0,0.0,AEIS,1d
2004-11-05 00:00:00-05:00,9.598881735625751,9.824392212437202,9.598881735625751,9.696929931640625,230900,0.0,0.0,AEIS,1d
2004-11-08 00:00:00-05:00,9.608683362492288,9.88321690569019,9.392977968165651,9.549854278564453,334200,0.0,0.0,AEIS,1d
2004-11-09 00:00:00-05:00,9.402786826374667,9.559663201091153,9.39298181919065,9.48122501373291,241300,0.0,0.0,AEIS,1d
2004-11-10 00:00:00-05:00,9.451810530601884,9.451810530601884,9.206690971629337,9.265519142150879,149200,0.0,0.0,AEIS,1d
2004-11-11 00:00:00-05:00,9.412589452358834,9.412589452358834,9.020397679727466,9.069421768188477,574200,0.0,0.0,AEIS,1d
2004-11-12 00:00:00-05:00,9.1086424855132,9.216494751424554,8.883132947228495,9.079228401184082,503700,0.0,0.0,AEIS,1d
2004-11-15 00:00:00-05:00,9.020400614441028,9.314544305847619,8.971376510030426,9.196887016296387,507700,0.0,0.0,AEIS,1d
2004-11-16 00:00:00-05:00,9.236105037350686,9.265519122549229,8.932156373442705,8.971375465393066,266000,0.0,0.0,AEIS,1d
2004-11-17 00:00:00-05:00,8.990985682531242,9.265519332401613,8.981180675557354,9.226300239562988,308600,0.0,0.0,AEIS,1d
2004-11-18 00:00:00-05:00,9.20668980968818,9.20668980968818,8.971374352129548,9.108641624450684,198200,0.0,0.0,AEIS,1d
2004-11-19 00:00:00-05:00,8.843913998926775,8.941961259955823,8.334064875370892,8.35367488861084,488100,0.0,0.0,AEIS,1d
2004-11-22 00:00:00-05:00,8.44191685691578,8.628208236154116,8.432112785684971,8.559574127197266,252100,0.0,0.0,AEIS,1d
2004-11-23 00:00:00-05:00,8.68703578009891,8.68703578009891,7.990896279618675,8.285039901733398,316300,0.0,0.0,AEIS,1d
2004-11-24 00:00:00-05:00,8.216406303815052,8.481134895358124,8.216406303815052,8.432111740112305,319300,0.0,0.0,AEIS,1d
2004-11-26 00:00:00-05:00,8.44191581012742,8.54976899580442,8.383087649809736,8.432111740112305,110300,0.0,0.0,AEIS,1d
2004-11-29 00:00:00-05:00,8.412500625174978,8.579181949279802,8.334062465014664,8.569376945495605,344600,0.0,0.0,AEIS,1d
2004-11-30 00:00:00-05:00,8.598794538277502,8.598794538277502,8.383089065551758,8.383089065551758,238400,0.0,0.0,AEIS,1d
2004-12-01 00:00:00-05:00,8.383088022961672,8.657621631796776,8.383088022961672,8.45172119140625,384400,0.0,0.0,AEIS,1d
2004-12-02 00:00:00-05:00,8.41250305821689,8.520355325865912,8.28504077732792,8.35367488861084,446900,0.0,0.0,AEIS,1d
2004-12-03 00:00:00-05:00,8.579182989310267,8.932154752821464,8.412501644999129,8.500744819641113,910500,0.0,0.0,AEIS,1d
2004-12-06 00:00:00-05:00,8.677232218756485,8.677232218756485,8.265431310642539,8.334064483642578,586300,0.0,0.0,AEIS,1d
2004-12-07 00:00:00-05:00,8.334063722525372,8.373282808523221,7.853629685287534,7.8830437660217285,681200,0.0,0.0,AEIS,1d
2004-12-08 00:00:00-05:00,7.853630724025802,7.990897075645035,7.765387535095215,7.765387535095215,616700,0.0,0.0,AEIS,1d
2004-12-09 00:00:00-05:00,7.745776884268714,8.118358197363596,7.628119627501909,7.902653694152832,715100,0.0,0.0,AEIS,1d
2004-12-10 00:00:00-05:00,7.941873331948145,8.0203115085799,7.696753328681295,7.834020137786865,566900,0.0,0.0,AEIS,1d
2004-12-13 00:00:00-05:00,7.70656037527192,8.059532731112608,7.70656037527192,8.039922714233398,573200,0.0,0.0,AEIS,1d
2004-12-14 00:00:00-05:00,8.059529960139601,8.167382210723018,7.941872704487671,8.069334030151367,237400,0.0,0.0,AEIS,1d
2004-12-15 00:00:00-05:00,8.226213256949892,8.226213256949892,7.981093682446633,8.167384147644043,459200,0.0,0.0,AEIS,1d
2004-12-16 00:00:00-05:00,8.137969418255897,8.579184430528858,8.137969418255897,8.35367488861084,558900,0.0,0.0,AEIS,1d
2004-12-17 00:00:00-05:00,8.343869324009354,8.569378850846823,8.22621205760848,8.471331596374512,978900,0.0,0.0,AEIS,1d
2004-12-20 00:00:00-05:00,8.579182638088225,8.588987642659648,8.236014958542015,8.314453125,574900,0.0,0.0,AEIS,1d
2004-12-21 00:00:00-05:00,8.245819996972227,8.500744506535792,8.245819996972227,8.412501335144043,623000,0.0,0.0,AEIS,1d
2004-12-22 00:00:00-05:00,8.500744506535792,8.569377668704174,8.383087256365695,8.412501335144043,510500,0.0,0.0,AEIS,1d
2004-12-23 00:00:00-05:00,8.363477639666009,8.510549910573715,8.343868564579031,8.432111740112305,249800,0.0,0.0,AEIS,1d
2004-12-27 00:00:00-05:00,8.559573844882541,8.579183856811104,8.402697489681374,8.471331596374512,314800,0.0,0.0,AEIS,1d
2004-12-28 00:00:00-05:00,8.520354530341333,8.981179512828147,8.520354530341333,8.873327255249023,355000,0.0,0.0,AEIS,1d
2004-12-29 00:00:00-05:00,8.804693061471216,9.049812591267944,8.804693061471216,8.941960334777832,253200,0.0,0.0,AEIS,1d
2004-12-30 00:00:00-05:00,8.941960055125946,9.089032329438508,8.922350979585001,8.951765060424805,205000,0.0,0.0,AEIS,1d
2004-12-31 00:00:00-05:00,9.020398227403271,9.118446410278313,8.677231457454168,8.951765060424805,224800,0.0,0.0,AEIS,1d
2005-01-03 00:00:00-05:00,9.010592677336026,9.138054933344673,8.687035002489733,8.706645011901855,294900,0.0,0.0,AEIS,1d
2005-01-04 00:00:00-05:00,8.765474417082432,8.765474417082432,7.853630355995818,7.892849445343018,603200,0.0,0.0,AEIS,1d
2005-01-05 00:00:00-05:00,7.912460409689742,8.147775936954915,7.775193564235015,8.039922714233398,845900,0.0,0.0,AEIS,1d
2005-01-06 00:00:00-05:00,8.088945674161675,8.275236132808224,7.932069301605225,7.932069301605225,388300,0.0,0.0,AEIS,1d
2005-01-07 00:00:00-05:00,7.951676552712936,8.147772908386756,7.824214763076002,7.863434314727783,421600,0.0,0.0,AEIS,1d
2005-01-10 00:00:00-05:00,7.84382468002388,7.951676932753772,7.84382468002388,7.8830437660217285,256900,0.0,0.0,AEIS,1d
2005-01-11 00:00:00-05:00,7.912458686028118,7.912458686028118,7.530072323225291,7.608510971069336,297400,0.0,0.0,AEIS,1d
2005-01-12 00:00:00-05:00,7.735971922907504,7.775191008718494,7.530071488635621,7.686948299407959,213600,0.0,0.0,AEIS,1d
2005-01-13 00:00:00-05:00,7.804606804240159,7.804606804240159,7.461439514781873,7.481049060821533,186800,0.0,0.0,AEIS,1d
2005-01-14 00:00:00-05:00,7.618315008691479,7.618315008691479,7.461438658379999,7.510462284088135,374700,0.0,0.0,AEIS,1d
2005-01-18 00:00:00-05:00,7.461439326772773,7.677144327773826,7.461439326772773,7.520267963409424,222300,0.0,0.0,AEIS,1d
2005-01-19 00:00:00-05:00,7.530071879574098,7.530071879574098,7.1182714571792856,7.196709632873535,289600,0.0,0.0,AEIS,1d
2005-01-20 00:00:00-05:00,7.235928790137572,7.304561960764261,6.990809254977315,7.030028343200684,649200,0.0,0.0,AEIS,1d
2005-01-21 00:00:00-05:00,7.030028717758696,7.167295533854023,6.8731523565068935,7.000614166259766,194800,0.0,0.0,AEIS,1d
2005-01-24 00:00:00-05:00,6.931981755881329,6.981005390410708,6.667252633331522,6.745690822601318,330100,0.0,0.0,AEIS,1d
2005-01-25 00:00:00-05:00,6.784908300067894,6.922175098572791,6.775103294981927,6.833931922912598,210800,0.0,0.0,AEIS,1d
2005-01-26 00:00:00-05:00,6.912370319109279,7.020222566110246,6.745688978708054,6.990808486938477,152800,0.0,0.0,AEIS,1d
2005-01-27 00:00:00-05:00,7.020224478284776,7.2163204187989045,6.892762654608353,7.088858127593994,165700,0.0,0.0,AEIS,1d
2005-01-28 00:00:00-05:00,7.186904757278102,7.186904757278102,6.765299321523456,6.8143229484558105,182400,0.0,0.0,AEIS,1d
2005-01-31 00:00:00-05:00,6.8731525488080365,7.030028914449019,6.824128450781005,7.0104193687438965,174600,0.0,0.0,AEIS,1d
2005-02-01 00:00:00-05:00,6.8633465048438485,7.0594419322566075,6.824127419361297,6.981003761291504,131800,0.0,0.0,AEIS,1d
2005-02-02 00:00:00-05:00,6.941784374593377,6.981003458374147,6.814322118541694,6.892760753631592,127500,0.0,0.0,AEIS,1d
2005-02-03 00:00:00-05:00,6.8143236287374,6.9908100123922745,6.8143236287374,6.971200466156006,244200,0.0,0.0,AEIS,1d
2005-02-04 00:00:00-05:00,6.8633480107726,7.2653439589373106,6.8633480107726,7.157491683959961,250500,0.0,0.0,AEIS,1d
2005-02-07 00:00:00-05:00,7.2163191651877705,7.490852779675987,7.079051890415257,7.147685527801514,226500,0.0,0.0,AEIS,1d
2005-02-08 00:00:00-05:00,7.0594431966509,7.441830049886433,7.0594431966509,7.26534366607666,191400,0.0,0.0,AEIS,1d
2005-02-09 00:00:00-05:00,7.3633911346984995,7.3633911346984995,6.863347053527832,6.863347053527832,180200,0.0,0.0,AEIS,1d
2005-02-10 00:00:00-05:00,6.97120046400014,7.049638648920956,6.814323626630049,6.873152732849121,440100,0.0,0.0,AEIS,1d
2005-02-11 00:00:00-05:00,6.843737730604213,7.275148186884896,6.833932724368355,7.167295455932617,311200,0.0,0.0,AEIS,1d
2005-02-14 00:00:00-05:00,7.098662117919036,7.412415317934591,7.098662117919036,7.402610778808594,487700,0.0,0.0,AEIS,1d
2005-02-15 00:00:00-05:00,7.441829254628092,7.86343515531639,7.441829254628092,7.834020137786865,1202900,0.0,0.0,AEIS,1d
2005-02-16 00:00:00-05:00,7.971289331774855,8.147775739175428,7.608512443829159,8.079141616821289,551100,0.0,0.0,AEIS,1d
2005-02-17 00:00:00-05:00,8.030114390155315,8.363477058999706,7.89284806890646,8.088943481445312,479000,0.0,0.0,AEIS,1d
2005-02-18 00:00:00-05:00,9.206690680019435,9.471419309095257,9.010594291006965,9.079228401184082,1843300,0.0,0.0,AEIS,1d
2005-02-22 00:00:00-05:00,9.069422230915862,9.696928538107771,8.922350893085877,9.020398139953613,967900,0.0,0.0,AEIS,1d
2005-02-23 00:00:00-05:00,9.098837106095386,9.500833003990994,9.079228029032032,9.25571346282959,633900,0.0,0.0,AEIS,1d
2005-02-24 00:00:00-05:00,9.314542564133339,9.471418920867542,9.079228029032032,9.25571346282959,479400,0.0,0.0,AEIS,1d
2005-02-25 00:00:00-05:00,9.187079941535533,9.43219947338565,9.118446771835679,9.334152221679688,376800,0.0,0.0,AEIS,1d
2005-02-28 00:00:00-05:00,9.216492352085472,9.451807770629152,9.108640114251406,9.128250122070312,312000,0.0,0.0,AEIS,1d
2005-03-01 00:00:00-05:00,9.2164945602417,9.324347758972674,8.922351852938323,9.2164945602417,383400,0.0,0.0,AEIS,1d
2005-03-02 00:00:00-05:00,9.14786092048869,9.25571317866805,8.892936381093678,9.167470932006836,652200,0.0,0.0,AEIS,1d
2005-03-03 00:00:00-05:00,9.167472632550744,9.383177188922135,9.118448529718341,9.304738998413086,349200,0.0,0.0,AEIS,1d
2005-03-04 00:00:00-05:00,9.392979027079203,9.510636273142346,9.177273608435108,9.31454086303711,233400,0.0,0.0,AEIS,1d
2005-03-07 00:00:00-05:00,9.138056122599874,9.647905212987821,9.138056122599874,9.324347496032715,274100,0.0,0.0,AEIS,1d
2005-03-08 00:00:00-05:00,9.873415249859299,9.902830269323923,9.402786159107935,9.471419334411621,588100,0.0,0.0,AEIS,1d
2005-03-09 00:00:00-05:00,9.677320581698261,9.814587878516003,9.510639198082776,9.608687400817871,511100,0.0,0.0,AEIS,1d
2005-03-10 00:00:00-05:00,9.7165379647604,10.079314754906433,9.540051604938139,9.765562057495117,775500,0.0,0.0,AEIS,1d
2005-03-11 00:00:00-05:00,9.794977083805476,10.049901642567175,9.530248453596702,9.569467544555664,510300,0.0,0.0,AEIS,1d
2005-03-14 00:00:00-05:00,9.716537163725196,9.942047597691005,9.540050818452539,9.628293991088867,374600,0.0,0.0,AEIS,1d
2005-03-15 00:00:00-05:00,9.736149497104476,9.912634949444962,9.569468116797337,9.647906303405762,437100,0.0,0.0,AEIS,1d
2005-03-16 00:00:00-05:00,9.589074775428108,10.010680623318535,9.491027534445323,9.500831604003906,404700,0.0,0.0,AEIS,1d
2005-03-17 00:00:00-05:00,9.559660696638943,9.67731794685231,9.343955270386084,9.500831604003906,391500,0.0,0.0,AEIS,1d
2005-03-18 00:00:00-05:00,9.559660300190007,9.598879381968008,9.059616306228007,9.11844539642334,721500,0.0,0.0,AEIS,1d
2005-03-21 00:00:00-05:00,9.167469482410006,9.294930796896006,9.00078815108934,9.11844539642334,230500,0.0,0.0,AEIS,1d
2005-03-22 00:00:00-05:00,9.15766447820134,9.245907645966007,9.00078815108934,9.11844539642334,485500,0.0,0.0,AEIS,1d
2005-03-23 00:00:00-05:00,9.118447118215585,9.29493255201314,9.049813010851738,9.25571346282959,267700,0.0,0.0,AEIS,1d
2005-03-24 00:00:00-05:00,9.3047372724066,9.373371377663297,9.167470932006836,9.167470932006836,426000,0.0,0.0,AEIS,1d
2005-03-28 00:00:00-05:00,9.177274793082855,9.40278524510638,9.079227542902153,9.108641624450684,258000,0.0,0.0,AEIS,1d
2005-03-29 00:00:00-05:00,9.108641781816278,9.147860869577487,8.873327255249023,8.873327255249023,266000,0.0,0.0,AEIS,1d
2005-03-30 00:00:00-05:00,8.824304399767197,9.167472167114253,8.726256199080341,9.15766716003418,398600,0.0,0.0,AEIS,1d
2005-03-31 00:00:00-05:00,9.069424062573658,9.48122501373291,9.069424062573658,9.48122501373291,401700,0.0,0.0,AEIS,1d
2005-04-01 00:00:00-05:00,9.765562790304173,9.893025066956504,9.216494593575431,9.510638236999512,478600,0.0,0.0,AEIS,1d
2005-04-04 00:00:00-04:00,9.569465701254233,9.569465701254233,9.32434619621221,9.500831604003906,187800,0.0,0.0,AEIS,1d
2005-04-05 00:00:00-04:00,9.598881423532424,9.647905519945914,9.363566882815904,9.510638236999512,280500,0.0,0.0,AEIS,1d
2005-04-06 00:00:00-04:00,9.61849288669297,9.873416543386,9.598882871147424,9.65771198272705,293500,0.0,0.0,AEIS,1d
2005-04-07 00:00:00-04:00,9.726344958957469,9.794978141784668,9.540053555487951,9.794978141784668,111800,0.0,0.0,AEIS,1d
2005-04-08 00:00:00-04:00,9.814585526731797,9.853804611416713,9.569466013686887,9.589075088500977,141000,0.0,0.0,AEIS,1d
2005-04-11 00:00:00-04:00,9.598880703231158,9.79497613911323,9.559661616054743,9.765562057495117,280500,0.0,0.0,AEIS,1d
2005-04-12 00:00:00-04:00,9.794977669624569,9.863611784200293,9.46161490900715,9.844001770019531,211900,0.0,0.0,AEIS,1d
2005-04-13 00:00:00-04:00,9.893024830883347,9.893024830883347,9.206690302642784,9.25571346282959,353200,0.0,0.0,AEIS,1d
2005-04-14 00:00:00-04:00,9.343957901000977,9.363567915752387,9.06942423988002,9.343957901000977,253500,0.0,0.0,AEIS,1d
2005-04-15 00:00:00-04:00,9.363569040346524,9.402788139502713,8.785086626499934,8.883134841918945,407900,0.0,0.0,AEIS,1d
2005-04-18 00:00:00-04:00,8.89293794745359,9.079229349461203,8.755671582876378,8.981181144714355,248700,0.0,0.0,AEIS,1d
2005-04-19 00:00:00-04:00,9.059615341039914,9.559659281728521,8.981177185840513,9.549854278564453,477900,0.0,0.0,AEIS,1d
2005-04-20 00:00:00-04:00,9.667515671277796,9.844002063946503,9.451811119190454,9.736149787902832,735900,0.0,0.0,AEIS,1d
2005-04-21 00:00:00-04:00,9.80478138309394,10.128339093931496,9.65771003637026,10.118534088134766,419500,0.0,0.0,AEIS,1d
2005-04-22 00:00:00-04:00,10.540138612714752,11.049987626994215,9.559660602229659,9.83419418334961,1654400,0.0,0.0,AEIS,1d
2005-04-25 00:00:00-04:00,9.922440142719944,10.834285247973932,9.873416041405553,10.687212944030762,1131200,0.0,0.0,AEIS,1d
2005-04-26 00:00:00-04:00,10.579358814493371,10.716626087097634,10.21658202445724,10.324434280395508,607700,0.0,0.0,AEIS,1d
2005-04-27 00:00:00-04:00,10.19697371472473,10.736236954506422,10.19697371472473,10.657798767089844,528700,0.0,0.0,AEIS,1d
2005-04-28 00:00:00-04:00,10.706819757965611,10.932329247520004,10.500919342041016,10.500919342041016,631800,0.0,0.0,AEIS,1d
2005-04-29 00:00:00-04:00,10.647994443229438,10.647994443229438,9.804783406860002,10.37346076965332,847800,0.0,0.0,AEIS,1d
2005-05-02 00:00:00-04:00,10.451897264596287,10.62838363647461,10.265606821546724,10.62838363647461,463100,0.0,0.0,AEIS,1d
2005-05-03 00:00:00-04:00,10.638187591840765,10.795063935766326,10.471506242655664,10.598968505859375,347200,0.0,0.0,AEIS,1d
2005-05-04 00:00:00-04:00,10.677408871813451,10.697017951305032,10.471508394338581,10.687212944030762,341100,0.0,0.0,AEIS,1d
2005-05-05 00:00:00-04:00,10.736236954506422,10.785261055406021,10.442093284165777,10.657798767089844,334300,0.0,0.0,AEIS,1d
2005-05-06 00:00:00-04:00,10.76564874516118,10.814672835605993,10.471506072605804,10.736234664916992,680300,0.0,0.0,AEIS,1d
2005-05-09 00:00:00-04:00,10.77545521004341,11.0303797668464,10.72643111295716,10.883308410644531,362700,0.0,0.0,AEIS,1d
2005-05-10 00:00:00-04:00,10.932328518367445,10.932328518367445,9.863608362765211,10.39306640625,548800,0.0,0.0,AEIS,1d
2005-05-11 00:00:00-04:00,10.442093574749581,10.579360874076961,10.030292611824423,10.255803108215332,393600,0.0,0.0,AEIS,1d
2005-05-12 00:00:00-04:00,10.157753835774761,10.314631133537524,10.030291557312012,10.030291557312012,447600,0.0,0.0,AEIS,1d
2005-05-13 00:00:00-04:00,10.049901508149647,10.530335599735345,10.049901508149647,10.295021057128906,236900,0.0,0.0,AEIS,1d
2005-05-16 00:00:00-04:00,10.500922293763793,10.589165487544008,10.206778626182054,10.530336380004883,239500,0.0,0.0,AEIS,1d
2005-05-17 00:00:00-04:00,10.422482426625992,10.687211030226486,10.265606078558026,10.589163780212402,206000,0.0,0.0,AEIS,1d
2005-05-18 00:00:00-04:00,10.510726522046578,10.716626980591432,10.295021057128906,10.295021057128906,714700,0.0,0.0,AEIS,1d
2005-05-19 00:00:00-04:00,10.295021406719597,10.383264596957726,9.696930023521135,9.726344108581543,753400,0.0,0.0,AEIS,1d
2005-05-20 00:00:00-04:00,9.902831173188394,9.902831173188394,9.579273410000413,9.736149787902832,326000,0.0,0.0,AEIS,1d
2005-05-23 00:00:00-04:00,9.726344490014188,9.804782676622613,9.589077195920972,9.647906303405762,231300,0.0,0.0,AEIS,1d
2005-05-24 00:00:00-04:00,9.579273785535287,9.579273785535287,9.373373297702233,9.461615562438965,348900,0.0,0.0,AEIS,1d
2005-05-25 00:00:00-04:00,9.31454086303711,9.402784031348634,9.098835444393012,9.31454086303711,302100,0.0,0.0,AEIS,1d
2005-05-26 00:00:00-04:00,9.020398787749368,9.510637862464625,9.010593781841424,9.491028785705566,438200,0.0,0.0,AEIS,1d
2005-05-27 00:00:00-04:00,9.510636973639116,9.510636973639116,9.353760634000352,9.422393798828125,172500,0.0,0.0,AEIS,1d
2005-05-31 00:00:00-04:00,9.334153547544119,9.500833992625962,9.314543533383349,9.35376262664795,188700,0.0,0.0,AEIS,1d
2005-06-01 00:00:00-04:00,9.549858762232704,9.559663770000231,9.285130097908494,9.461615562438965,365900,0.0,0.0,AEIS,1d
2005-06-02 00:00:00-04:00,9.343956202703634,9.500832551974202,9.334152132166823,9.402785301208496,262800,0.0,0.0,AEIS,1d
2005-06-03 00:00:00-04:00,9.245909370704751,9.43219981013684,9.040008919197263,9.05961799621582,264200,0.0,0.0,AEIS,1d
2005-06-06 00:00:00-04:00,9.049812526296828,9.187079798617964,8.883132107483954,9.108641624450684,296300,0.0,0.0,AEIS,1d
2005-06-07 00:00:00-04:00,9.343957518078861,9.343957518078861,9.128252974994894,9.226300239562988,240100,0.0,0.0,AEIS,1d
2005-06-08 00:00:00-04:00,9.304736185931588,9.304736185931588,9.049811676303042,9.138054847717285,219200,0.0,0.0,AEIS,1d
2005-06-09 00:00:00-04:00,8.971373981707059,9.167470344085354,8.912545821038975,9.089032173156738,282700,0.0,0.0,AEIS,1d
2005-06-10 00:00:00-04:00,9.128250778159806,9.157664856945653,9.000788523345534,9.138054847717285,125700,0.0,0.0,AEIS,1d
2005-06-13 00:00:00-04:00,9.138055226561207,9.157665236602563,8.657621201228915,8.696840286254883,234000,0.0,0.0,AEIS,1d
2005-06-14 00:00:00-04:00,8.647816985361295,8.716451091712475,8.147773839413155,8.275235176086426,437100,0.0,0.0,AEIS,1d
2005-06-15 00:00:00-04:00,8.392893398110752,8.392893398110752,8.236016108238982,8.373283386230469,241400,0.0,0.0,AEIS,1d
2005-06-16 00:00:00-04:00,8.294844164814444,8.794888184142973,8.294844164814444,8.706645011901855,241800,0.0,0.0,AEIS,1d
2005-06-17 00:00:00-04:00,8.775278075745426,8.87332625158662,8.569377654524285,8.677230834960938,381800,0.0,0.0,AEIS,1d
2005-06-20 00:00:00-04:00,8.657621246424672,8.696840331655375,8.294844474276463,8.432111740112305,292800,0.0,0.0,AEIS,1d
2005-06-21 00:00:00-04:00,8.304651260375977,8.510551735759082,8.236017145210308,8.304651260375977,178300,0.0,0.0,AEIS,1d
2005-06-22 00:00:00-04:00,8.33406128962171,8.412499438719513,8.157574986623407,8.245818138122559,173100,0.0,0.0,AEIS,1d
2005-06-23 00:00:00-04:00,8.21640749178157,8.520355212501526,8.196797478802536,8.324259757995605,255200,0.0,0.0,AEIS,1d
2005-06-24 00:00:00-04:00,8.324258670215528,8.343868680632006,8.069334145141884,8.098749160766602,152400,0.0,0.0,AEIS,1d
2005-06-27 00:00:00-04:00,8.07913896592416,8.157577135686008,7.6673385746744644,7.72616720199585,395400,0.0,0.0,AEIS,1d
2005-06-28 00:00:00-04:00,7.696753705766238,7.834020521596884,7.6477300767337955,7.8046064376831055,148100,0.0,0.0,AEIS,1d
2005-06-29 00:00:00-04:00,7.80460642911816,7.932068706013812,7.696753697319653,7.755582332611084,400200,0.0,0.0,AEIS,1d
2005-06-30 00:00:00-04:00,7.794801423557668,7.902654622895018,7.696753698062486,7.706558704376221,840400,0.0,0.0,AEIS,1d
2005-07-01 00:00:00-04:00,7.735971121423664,7.922261993489422,7.696752039675961,7.91245698928833,576600,0.0,0.0,AEIS,1d
2005-07-05 00:00:00-04:00,7.902653776549037,7.902653776549037,7.745776965029258,7.8830437660217285,429000,0.0,0.0,AEIS,1d
2005-07-06 00:00:00-04:00,7.892850010853516,7.912459089403653,7.7065590893426466,7.824216365814209,347800,0.0,0.0,AEIS,1d
2005-07-07 00:00:00-04:00,7.598705964765668,7.755582325396893,7.588900958461999,7.608510971069336,210200,0.0,0.0,AEIS,1d
2005-07-08 00:00:00-04:00,7.608510903795655,7.9712877183119435,7.608510903795655,7.9222636222839355,435200,0.0,0.0,AEIS,1d
2005-07-11 00:00:00-04:00,7.883045295628494,8.12816486444164,7.745778468001105,8.010507583618164,417800,0.0,0.0,AEIS,1d
2005-07-12 00:00:00-04:00,8.010504820589214,8.677230117008508,7.9320666604289,8.569376945495605,928300,0.0,0.0,AEIS,1d
2005-07-13 00:00:00-04:00,8.569380635750331,9.14786301733849,8.520356530774599,8.932157516479492,514600,0.0,0.0,AEIS,1d
2005-07-14 00:00:00-04:00,9.65771039331302,9.716538560154016,8.922351762402592,9.187080383300781,518600,0.0,0.0,AEIS,1d
2005-07-15 00:00:00-04:00,9.118445935576265,9.442003613140159,8.990983678497045,9.363565444946289,608500,0.0,0.0,AEIS,1d
2005-07-18 00:00:00-04:00,9.343955921811428,9.510637271664935,8.912545974286143,8.951765060424805,206700,0.0,0.0,AEIS,1d
2005-07-19 00:00:00-04:00,8.971374491691524,9.392980385691903,8.971374491691524,9.334152221679688,363900,0.0,0.0,AEIS,1d
2005-07-20 00:00:00-04:00,9.31454329206953,10.520531080004897,9.020399632677004,10.442092895507812,1041500,0.0,0.0,AEIS,1d
2005-07-21 00:00:00-04:00,10.442092986942761,10.442092986942761,9.745953392142782,9.981268882751465,762800,0.0,0.0,AEIS,1d
2005-07-22 00:00:00-04:00,9.981268760396723,10.206778306271866,9.559662818908691,9.559662818908691,419500,0.0,0.0,AEIS,1d
2005-07-25 00:00:00-04:00,9.55966035432562,9.736146690854383,9.55966035432562,9.579270362854004,250600,0.0,0.0,AEIS,1d
2005-07-26 00:00:00-04:00,9.579270367971683,9.59887944145387,9.265516776746631,9.31454086303711,389800,0.0,0.0,AEIS,1d
2005-07-27 00:00:00-04:00,9.314541840971625,9.314541840971625,8.765473699973581,8.951765060424805,634300,0.0,0.0,AEIS,1d
2005-07-28 00:00:00-04:00,9.118446787520783,9.118446787520783,8.785084074022102,8.873327255249023,627300,0.0,0.0,AEIS,1d
2005-07-29 00:00:00-04:00,8.883133327145918,9.47141971417275,8.883133327145918,9.39298152923584,819000,0.0,0.0,AEIS,1d
2005-08-01 00:00:00-04:00,9.44200717458383,9.647907677520815,9.275325770536888,9.373373985290527,430100,0.0,0.0,AEIS,1d
2005-08-02 00:00:00-04:00,9.442006017202386,9.608687400817871,9.383176908549936,9.608687400817871,358000,0.0,0.0,AEIS,1d
2005-08-03 00:00:00-04:00,9.65771121939912,9.667515291339988,9.510638919602883,9.618492126464844,310500,0.0,0.0,AEIS,1d
2005-08-04 00:00:00-04:00,9.559663387046312,9.608687488863072,9.040010151925387,9.049814224243164,467300,0.0,0.0,AEIS,1d
2005-08-05 00:00:00-04:00,9.020400498527279,9.589077858245808,9.000791418049229,9.461615562438965,323700,0.0,0.0,AEIS,1d
2005-08-08 00:00:00-04:00,9.500831968647507,9.559661063540414,9.334151559073877,9.422393798828125,198600,0.0,0.0,AEIS,1d
2005-08-09 00:00:00-04:00,9.461615005787811,9.824392791387142,9.38317681837632,9.775368690490723,333600,0.0,0.0,AEIS,1d
2005-08-10 00:00:00-04:00,9.716537658940071,9.902829018457263,9.520442229229948,9.677318572998047,570700,0.0,0.0,AEIS,1d
2005-08-11 00:00:00-04:00,9.667514173793197,10.19697233473001,9.638100091256938,9.951852798461914,600000,0.0,0.0,AEIS,1d
2005-08-12 00:00:00-04:00,10.00087860752305,10.608775049493797,9.902831337238277,10.579360961914062,6721600,0.0,0.0,AEIS,1d
2005-08-15 00:00:00-04:00,10.72643111295716,10.951941585531152,10.54014066609767,10.883308410644531,1587900,0.0,0.0,AEIS,1d
2005-08-16 00:00:00-04:00,11.19706075169151,11.226474834911198,10.785259846388492,10.961746215820312,1348500,0.0,0.0,AEIS,1d
2005-08-17 00:00:00-04:00,11.010770541060655,12.010858826903638,11.010770541060655,11.903006553649902,2599500,0.0,0.0,AEIS,1d
2005-08-18 00:00:00-04:00,11.961831253510507,12.010855339868243,11.599054510553941,11.824564933776855,1192100,0.0,0.0,AEIS,1d
2005-08-19 00:00:00-04:00,11.746128474270941,12.334415772655877,11.726519396355116,11.765738487243652,1176800,0.0,0.0,AEIS,1d
2005-08-22 00:00:00-04:00,11.971636556709111,12.118707884397818,11.765736136910903,11.91280746459961,395600,0.0,0.0,AEIS,1d
2005-08-23 00:00:00-04:00,11.96183825184141,12.01086236688094,11.432379866540376,11.589256286621094,645500,0.0,0.0,AEIS,1d
2005-08-24 00:00:00-04:00,11.324524206851065,11.893201528713782,11.226476005816687,11.510814666748047,609500,0.0,0.0,AEIS,1d
2005-08-25 00:00:00-04:00,11.520619861879103,11.785349447958135,11.520619861879103,11.667691230773926,246900,0.0,0.0,AEIS,1d
2005-08-26 00:00:00-04:00,11.755932854805234,11.765737860769516,11.216669682508597,11.295108795166016,307200,0.0,0.0,AEIS,1d
2005-08-29 00:00:00-04:00,11.148037370773784,11.75593376159668,10.873503727995647,11.75593376159668,542900,0.0,0.0,AEIS,1d
2005-08-30 00:00:00-04:00,11.755932311989504,11.785347328524146,11.42256960505122,11.608860969543457,316400,0.0,0.0,AEIS,1d
2005-08-31 00:00:00-04:00,11.579446522665963,11.804956031974656,11.451984260208405,11.687298774719238,639400,0.0,0.0,AEIS,1d
2005-09-01 00:00:00-04:00,11.903007230346626,11.903007230346626,11.4127680666841,11.520620346069336,750300,0.0,0.0,AEIS,1d
2005-09-02 00:00:00-04:00,11.520617331253591,11.844175019794896,11.481398245826062,11.65788459777832,320300,0.0,0.0,AEIS,1d
2005-09-06 00:00:00-04:00,11.716713742212228,12.010857375145527,11.677494653491577,11.952028274536133,634400,0.0,0.0,AEIS,1d
2005-09-07 00:00:00-04:00,11.863785495634781,12.167733185862462,11.795151392150474,12.069685935974121,527300,0.0,0.0,AEIS,1d
2005-09-08 00:00:00-04:00,12.108906745910645,12.148125838457801,11.863787183726679,12.108906745910645,387000,0.0,0.0,AEIS,1d
2005-09-09 00:00:00-04:00,12.118709130991041,12.491290925859051,12.118709130991041,12.363828659057617,515600,0.0,0.0,AEIS,1d
2005-09-12 00:00:00-04:00,12.305002787941284,12.618755543089394,12.157930482672882,12.187345504760742,572500,0.0,0.0,AEIS,1d
2005-09-13 00:00:00-04:00,12.138320011060824,12.157929088480454,11.550032727562117,11.579447746276855,778400,0.0,0.0,AEIS,1d
2005-09-14 00:00:00-04:00,11.569643774380062,11.706910133759855,11.353938293138599,11.510814666748047,373300,0.0,0.0,AEIS,1d
2005-09-15 00:00:00-04:00,11.461787703305701,11.520616796243386,10.834282365606185,11.04998779296875,693600,0.0,0.0,AEIS,1d
2005-09-16 00:00:00-04:00,11.197058498840255,11.324520747222591,11.089206258696734,11.23627758026123,1091600,0.0,0.0,AEIS,1d
2005-09-19 00:00:00-04:00,11.226475059974987,11.41276643923368,11.059793693293784,11.314718246459961,308400,0.0,0.0,AEIS,1d
2005-09-20 00:00:00-04:00,11.255888072743005,11.363741261542819,10.706820863615274,10.72642993927002,435800,0.0,0.0,AEIS,1d
2005-09-21 00:00:00-04:00,10.765650640322516,10.765650640322516,10.236192427438736,10.442092895507812,642900,0.0,0.0,AEIS,1d
2005-09-22 00:00:00-04:00,10.344043857078622,10.569553365039576,10.196971585095746,10.471506118774414,311300,0.0,0.0,AEIS,1d
2005-09-23 00:00:00-04:00,10.422484107082921,10.638189587983788,10.295021819962269,10.530336380004883,245400,0.0,0.0,AEIS,1d
2005-09-26 00:00:00-04:00,10.638187696238502,10.814673117358312,10.628382690882741,10.72642993927002,280100,0.0,0.0,AEIS,1d
2005-09-27 00:00:00-04:00,10.667601994377769,10.667601994377769,10.295020198786306,10.324434280395508,733100,0.0,0.0,AEIS,1d
2005-09-28 00:00:00-04:00,10.785261347919361,10.824480442691334,10.442093567371863,10.451898574829102,1120600,0.0,0.0,AEIS,1d
2005-09-29 00:00:00-04:00,10.412677835438558,10.481311006685079,9.834195577626945,10.245996475219727,1430700,0.0,0.0,AEIS,1d
2005-09-30 00:00:00-04:00,10.216581241084388,10.638187097068407,10.216581241084388,10.549943923950195,314200,0.0,0.0,AEIS,1d
2005-10-03 00:00:00-04:00,10.530336668305804,10.677408973651708,10.18716982594596,10.618579864501953,736900,0.0,0.0,AEIS,1d
2005-10-04 00:00:00-04:00,10.6381880865383,10.873502613369249,10.618578075107314,10.746040344238281,418800,0.0,0.0,AEIS,1d
2005-10-05 00:00:00-04:00,10.657796055918617,10.716625149044356,10.147947967407978,10.15775203704834,251200,0.0,0.0,AEIS,1d
2005-10-06 00:00:00-04:00,10.216582536762852,10.216582536762852,9.804781633357297,9.814586639404297,1151700,0.0,0.0,AEIS,1d
2005-10-07 00:00:00-04:00,9.844001049604794,10.393069250743359,9.834196043231973,10.295021057128906,531400,0.0,0.0,AEIS,1d
2005-10-10 00:00:00-04:00,10.746037530452877,10.775451604840644,10.324431745649761,10.412674903869629,729400,0.0,0.0,AEIS,1d
2005-10-11 00:00:00-04:00,10.540138919146678,10.785258428894275,10.461700750831985,10.549943923950195,1147300,0.0,0.0,AEIS,1d
2005-10-12 00:00:00-04:00,10.49111699458272,10.520531080004897,10.285216526513643,10.442092895507812,674200,0.0,0.0,AEIS,1d
2005-10-13 00:00:00-04:00,10.49111710817895,10.736236671150685,10.383264837091879,10.667603492736816,730300,0.0,0.0,AEIS,1d
2005-10-14 00:00:00-04:00,10.697015858259514,10.853892203724579,10.50092042642818,10.72642993927002,524500,0.0,0.0,AEIS,1d
2005-10-17 00:00:00-04:00,10.785259526981001,10.834283620933187,10.402872716222129,10.7754545211792,359700,0.0,0.0,AEIS,1d
2005-10-18 00:00:00-04:00,10.775453491289905,10.775453491289905,10.363652637541282,10.48130989074707,428500,0.0,0.0,AEIS,1d
2005-10-19 00:00:00-04:00,10.402873619876118,10.42248363318316,9.755758141654143,10.383264541625977,1339200,0.0,0.0,AEIS,1d
2005-10-20 00:00:00-04:00,9.11844697732229,10.314630581523076,9.069422882836134,10.245996475219727,1788200,0.0,0.0,AEIS,1d
2005-10-21 00:00:00-04:00,10.177363949845203,10.285216216513762,9.75575801958803,9.863611221313477,1103100,0.0,0.0,AEIS,1d
2005-10-24 00:00:00-04:00,9.89302308778183,10.157751659362727,9.834193996843474,10.138142585754395,384500,0.0,0.0,AEIS,1d
2005-10-25 00:00:00-04:00,10.118532953316752,10.26560521860274,9.804780283464051,10.15775203704834,429000,0.0,0.0,AEIS,1d
2005-10-26 00:00:00-04:00,10.128341286738232,10.353851793602427,9.95185488441469,10.206779479980469,402100,0.0,0.0,AEIS,1d
2005-10-27 00:00:00-04:00,10.138144419206196,10.451897134134143,10.138144419206196,10.304825782775879,423900,0.0,0.0,AEIS,1d
2005-10-28 00:00:00-04:00,10.295019888211025,10.736234839265856,10.098924458304072,10.598968505859375,467200,0.0,0.0,AEIS,1d
2005-10-31 00:00:00-05:00,10.608773323516417,10.687211501005656,10.442091962587574,10.540140151977539,452000,0.0,0.0,AEIS,1d
2005-11-01 00:00:00-05:00,10.481308634283616,10.559747728741193,10.17736100036905,10.39306640625,348200,0.0,0.0,AEIS,1d
2005-11-02 00:00:00-05:00,10.393068669975408,10.981354993617881,10.30482548766483,10.971549987792969,325800,0.0,0.0,AEIS,1d
2005-11-03 00:00:00-05:00,11.079401745144974,11.755931163375974,11.030377657433927,11.648078918457031,697200,0.0,0.0,AEIS,1d
2005-11-04 00:00:00-05:00,11.736323326472913,11.82456650664333,11.45198470984423,11.540227890014648,297500,0.0,0.0,AEIS,1d
2005-11-07 00:00:00-05:00,11.569642646695145,11.863786286071358,11.540228563274582,11.74612808227539,279900,0.0,0.0,AEIS,1d
2005-11-08 00:00:00-05:00,11.677494052692754,12.255976282852476,11.599055879287041,12.236366271972656,532000,0.0,0.0,AEIS,1d
2005-11-09 00:00:00-05:00,12.305001728149072,12.38343991018046,11.952028973950947,12.255977630615234,380900,0.0,0.0,AEIS,1d
2005-11-10 00:00:00-05:00,12.275588130616349,12.53051176480257,12.020663561373201,12.501097679138184,407200,0.0,0.0,AEIS,1d
2005-11-11 00:00:00-05:00,12.255977769292603,13.04036053353871,12.255977769292603,12.873679161071777,1039700,0.0,0.0,AEIS,1d
2005-11-14 00:00:00-05:00,12.834461116477396,13.344309347037036,12.60895062089867,12.706998825073242,1088100,0.0,0.0,AEIS,1d
2005-11-15 00:00:00-05:00,12.697191242023809,12.746215334166575,12.197147185269799,12.236366271972656,765500,0.0,0.0,AEIS,1d
2005-11-16 00:00:00-05:00,12.246173665277007,12.246173665277007,11.873591801422256,11.991249084472656,763700,0.0,0.0,AEIS,1d
2005-11-17 00:00:00-05:00,11.903004558532254,12.746215394139499,11.775542292384044,12.530509948730469,797900,0.0,0.0,AEIS,1d
2005-11-18 00:00:00-05:00,12.62855699179591,12.932504653930664,12.510899741770517,12.932504653930664,514800,0.0,0.0,AEIS,1d
2005-11-21 00:00:00-05:00,13.001139289464279,13.02074836441886,12.481485244845079,12.716800689697266,482000,0.0,0.0,AEIS,1d
2005-11-22 00:00:00-05:00,12.6775807889641,12.9325043573105,12.569727610955352,12.84426212310791,171000,0.0,0.0,AEIS,1d
2005-11-23 00:00:00-05:00,12.834460529362529,12.932507793994935,12.667779150924813,12.726607322692871,154000,0.0,0.0,AEIS,1d
2005-11-25 00:00:00-05:00,12.657972570526386,12.932506186451603,12.657972570526386,12.912897109985352,119200,0.0,0.0,AEIS,1d
2005-11-28 00:00:00-05:00,12.64816732435177,12.72660549883947,12.39324372479514,12.559925079345703,186600,0.0,0.0,AEIS,1d
2005-11-29 00:00:00-05:00,12.746217919731675,13.040361597198418,12.559927453868358,12.706998825073242,184500,0.0,0.0,AEIS,1d
2005-11-30 00:00:00-05:00,12.814849150903015,13.461964581789713,12.805045080023543,13.167821884155273,378100,0.0,0.0,AEIS,1d
2005-12-01 00:00:00-05:00,13.354111815965604,13.579622268676758,13.21684454322591,13.579622268676758,416000,0.0,0.0,AEIS,1d
2005-12-02 00:00:00-05:00,13.520792614304002,13.560011699894352,13.059967657324806,13.236454010009766,295600,0.0,0.0,AEIS,1d
2005-12-05 00:00:00-05:00,13.246258107250888,13.246258107250888,12.863871347661822,13.069771766662598,220500,0.0,0.0,AEIS,1d
2005-12-06 00:00:00-05:00,13.187429880159586,13.422744393004034,13.001139457921921,13.040358543395996,184500,0.0,0.0,AEIS,1d
2005-12-07 00:00:00-05:00,12.922701870115521,12.99133503902806,12.461876893707679,12.559925079345703,559900,0.0,0.0,AEIS,1d
2005-12-08 00:00:00-05:00,12.314804589785858,12.667776347449667,11.942222822501252,12.099099159240723,736800,0.0,0.0,AEIS,1d
2005-12-09 00:00:00-05:00,12.059879609893999,12.059879609893999,11.599054687203747,11.785346031188965,917800,0.0,0.0,AEIS,1d
2005-12-12 00:00:00-05:00,11.893200591848917,12.14812514641153,11.736324230597114,12.001052856445312,811100,0.0,0.0,AEIS,1d
2005-12-13 00:00:00-05:00,11.981442756534863,12.167733185862462,11.922613658556427,12.069685935974121,390500,0.0,0.0,AEIS,1d
2005-12-14 00:00:00-05:00,12.069687336733598,12.099101421608102,11.451985944027632,11.726519584655762,471000,0.0,0.0,AEIS,1d
2005-12-15 00:00:00-05:00,11.814761195655546,11.814761195655546,11.37354624126525,11.550031661987305,491100,0.0,0.0,AEIS,1d
2005-12-16 00:00:00-05:00,11.62846855593362,11.716711724120248,11.363739986430408,11.461787223815918,482300,0.0,0.0,AEIS,1d
2005-12-19 00:00:00-05:00,11.373546740519274,11.4617889872254,11.09901218946638,11.13823127746582,371500,0.0,0.0,AEIS,1d
2005-12-20 00:00:00-05:00,11.157842628338715,11.44218128422978,11.069599435983395,11.255889892578125,349500,0.0,0.0,AEIS,1d
2005-12-21 00:00:00-05:00,11.353937242860134,11.510813601957976,11.148036787780002,11.285304069519043,239500,0.0,0.0,AEIS,1d
2005-12-22 00:00:00-05:00,11.265692864482899,11.540227398897919,11.069597436369856,11.491203308105469,448700,0.0,0.0,AEIS,1d
2005-12-23 00:00:00-05:00,11.481402366257377,11.765741071414272,11.481402366257377,11.677497863769531,330000,0.0,0.0,AEIS,1d
2005-12-27 00:00:00-05:00,11.667690292493868,11.912809844311443,11.667690292493868,11.765738487243652,278400,0.0,0.0,AEIS,1d
2005-12-28 00:00:00-05:00,11.834370846541463,12.148124487072982,11.785347687603656,12.089295387268066,347900,0.0,0.0,AEIS,1d
2005-12-29 00:00:00-05:00,12.050076273052756,12.138319455041096,11.746127638988126,11.893199920654297,247100,0.0,0.0,AEIS,1d
2005-12-30 00:00:00-05:00,11.804956689323035,11.804956689323035,11.432374886405618,11.599056243896484,282700,0.0,0.0,AEIS,1d
2006-01-03 00:00:00-05:00,11.599054510553941,11.853979011568827,11.412764104462553,11.824564933776855,292100,0.0,0.0,AEIS,1d
2006-01-04 00:00:00-05:00,11.814761502024027,12.206952374972682,11.814761502024027,12.197147369384766,413600,0.0,0.0,AEIS,1d
2006-01-05 00:00:00-05:00,12.255976999075479,12.618753806041294,12.226562916093613,12.540315628051758,270100,0.0,0.0,AEIS,1d
2006-01-06 00:00:00-05:00,12.540314973002422,13.305087635980552,12.403047701162537,13.089383125305176,521500,0.0,0.0,AEIS,1d
2006-01-09 00:00:00-05:00,13.187429919257637,13.30508717602869,12.95211540571553,13.236454010009766,404900,0.0,0.0,AEIS,1d
2006-01-10 00:00:00-05:00,13.118798179943036,13.334503641676893,12.844264550954312,13.285479545593262,248500,0.0,0.0,AEIS,1d
2006-01-11 00:00:00-05:00,13.334501720882121,13.667863469105958,13.138405364794691,13.64825439453125,539300,0.0,0.0,AEIS,1d
2006-01-12 00:00:00-05:00,13.510987960638072,14.53068514757195,13.510987960638072,14.079665184020996,694200,0.0,0.0,AEIS,1d
2006-01-13 00:00:00-05:00,14.216934074345772,14.216934074345772,13.550208590951351,13.697280883789062,311400,0.0,0.0,AEIS,1d
2006-01-17 00:00:00-05:00,12.961923878975437,13.295286663216498,12.599147006435757,12.854070663452148,629300,0.0,0.0,AEIS,1d
2006-01-18 00:00:00-05:00,12.559926526647601,13.265870178384011,12.559926526647601,13.099188804626465,471900,0.0,0.0,AEIS,1d
2006-01-19 00:00:00-05:00,13.236453225793143,14.197321233356835,13.236453225793143,13.824740409851074,642200,0.0,0.0,AEIS,1d
2006-01-20 00:00:00-05:00,13.873766798631136,13.922790897913382,13.2364563131327,13.45216178894043,262100,0.0,0.0,AEIS,1d
2006-01-23 00:00:00-05:00,13.520793658047555,13.726694107055664,13.236455031803676,13.726694107055664,244400,0.0,0.0,AEIS,1d
2006-01-24 00:00:00-05:00,12.95211463834504,13.873763562641983,12.95211463834504,13.824740409851074,406600,0.0,0.0,AEIS,1d
2006-01-25 00:00:00-05:00,13.677669667223087,13.962008286288771,13.677669667223087,13.903180122375488,368300,0.0,0.0,AEIS,1d
2006-01-26 00:00:00-05:00,13.962007222516856,14.824828019646334,13.726692714678837,14.697365760803223,568300,0.0,0.0,AEIS,1d
2006-01-27 00:00:00-05:00,14.766001472709858,15.138582349945382,14.393419660417496,14.511076927185059,666400,0.0,0.0,AEIS,1d
2006-01-30 00:00:00-05:00,14.53068441732044,14.913071193849776,14.452246248041101,14.697365760803223,677800,0.0,0.0,AEIS,1d
2006-01-31 00:00:00-05:00,14.609123022916487,15.599406108464915,14.579708942322435,15.373896598815918,894800,0.0,0.0,AEIS,1d
2006-02-01 00:00:00-05:00,15.236630136767054,15.413116499778702,14.736586064938596,15.14838695526123,507300,0.0,0.0,AEIS,1d
2006-02-02 00:00:00-05:00,15.011120463144364,15.197410894947762,14.324785029520635,14.726781845092773,640000,0.0,0.0,AEIS,1d
2006-02-03 00:00:00-05:00,14.4914666827762,14.560100788582462,14.030642629091654,14.256152153015137,1144900,0.0,0.0,AEIS,1d
2006-02-06 00:00:00-05:00,14.246349067944406,14.864050493141537,14.07966768645993,14.844441413879395,730900,0.0,0.0,AEIS,1d
2006-02-07 00:00:00-05:00,14.736587359913274,15.167998299617048,14.530686896658494,15.069950103759766,604700,0.0,0.0,AEIS,1d
2006-02-08 00:00:00-05:00,15.687650473687174,16.373985929956454,15.452335940995507,15.62882137298584,760300,0.0,0.0,AEIS,1d
2006-02-09 00:00:00-05:00,15.599408430748875,15.834722980646086,15.49155616247688,15.589603424072266,417700,0.0,0.0,AEIS,1d
2006-02-10 00:00:00-05:00,15.501359232844951,15.51116330324001,14.981705164578601,15.295458793640137,721500,0.0,0.0,AEIS,1d
2006-02-13 00:00:00-05:00,15.158194743231666,15.354290218650146,14.726784697311013,14.922880172729492,658700,0.0,0.0,AEIS,1d
2006-02-14 00:00:00-05:00,15.011121467947726,15.334679195145299,14.903268268843958,15.118973731994629,422000,0.0,0.0,AEIS,1d
2006-02-15 00:00:00-05:00,15.13858258573761,15.913160305314513,15.118973508499346,15.815112113952637,720500,0.0,0.0,AEIS,1d
2006-02-16 00:00:00-05:00,16.236716943676242,16.501446481644393,14.93268113493491,15.687649726867676,1357300,0.0,0.0,AEIS,1d
2006-02-17 00:00:00-05:00,16.23671714137197,16.364180344218344,14.942486322365207,15.089558601379395,1732500,0.0,0.0,AEIS,1d
2006-02-21 00:00:00-05:00,15.04053432524347,15.766087900697471,15.04053432524347,15.687649726867676,651500,0.0,0.0,AEIS,1d
2006-02-22 00:00:00-05:00,15.305266001544911,15.962187475632637,15.305266001544911,15.481752395629883,876400,0.0,0.0,AEIS,1d
2006-02-23 00:00:00-05:00,15.383702071659242,15.589602524705091,15.207216636946264,15.226825714111328,443400,0.0,0.0,AEIS,1d
2006-02-24 00:00:00-05:00,15.226827348567129,15.57980012599507,15.226827348567129,15.334680557250977,535800,0.0,0.0,AEIS,1d
2006-02-27 00:00:00-05:00,14.971902781709788,15.001316866323885,13.824743196134282,14.285567283630371,1097400,0.0,0.0,AEIS,1d
2006-02-28 00:00:00-05:00,14.275763685857031,14.403225035100084,13.716890449302237,13.942400932312012,1209700,0.0,0.0,AEIS,1d
2006-03-01 00:00:00-05:00,14.069862412113457,14.756196958667482,13.971814219009937,14.658148765563965,688700,0.0,0.0,AEIS,1d
2006-03-02 00:00:00-05:00,14.589516730289704,14.667954916872691,14.109082603704675,14.422835350036621,452900,0.0,0.0,AEIS,1d
2006-03-03 00:00:00-05:00,14.11888352810043,14.491465298835486,13.854154941165122,14.138493537902832,607500,0.0,0.0,AEIS,1d
2006-03-06 00:00:00-05:00,14.148300622485749,14.158104693771334,13.88357106158068,14.001228332519531,945300,0.0,0.0,AEIS,1d
2006-03-07 00:00:00-05:00,13.971815013581356,13.971815013581356,13.560014075218614,13.746305465698242,447600,0.0,0.0,AEIS,1d
2006-03-08 00:00:00-05:00,13.726694964653726,14.118885875335362,13.609037691449235,13.795328140258789,532800,0.0,0.0,AEIS,1d
2006-03-09 00:00:00-05:00,13.795328721470948,14.295372854950104,13.67767144330943,13.77571964263916,569800,0.0,0.0,AEIS,1d
2006-03-10 00:00:00-05:00,13.72669620029583,13.805134389492963,13.373724348908734,13.589428901672363,676100,0.0,0.0,AEIS,1d
2006-03-13 00:00:00-05:00,13.687474711342,13.893375155730471,13.403136091477617,13.540403366088867,355100,0.0,0.0,AEIS,1d
2006-03-14 00:00:00-05:00,13.471767725393635,13.824740409851074,13.383524554279274,13.824740409851074,763400,0.0,0.0,AEIS,1d
2006-03-15 00:00:00-05:00,13.863961270080027,14.403223500351597,13.814937175948932,14.256152153015137,683500,0.0,0.0,AEIS,1d
2006-03-16 00:00:00-05:00,14.373809314809073,14.373809314809073,13.452160278993071,13.569817543029785,831500,0.0,0.0,AEIS,1d
2006-03-17 00:00:00-05:00,13.648255954352145,13.66786503116792,13.059968688969603,13.167821884155273,677500,0.0,0.0,AEIS,1d
2006-03-20 00:00:00-05:00,13.256065043641033,13.75610818975487,13.079578677332133,13.726694107055664,406500,0.0,0.0,AEIS,1d
2006-03-21 00:00:00-05:00,13.51098918914795,14.040447374062111,13.452161021411301,13.51098918914795,376800,0.0,0.0,AEIS,1d
2006-03-22 00:00:00-05:00,13.560012442429441,13.765912886817912,13.285478828263749,13.540403366088867,192000,0.0,0.0,AEIS,1d
2006-03-23 00:00:00-05:00,13.491380234439735,13.971814327243584,13.41294205337204,13.83454704284668,395300,0.0,0.0,AEIS,1d
2006-03-24 00:00:00-05:00,13.844353104036033,13.912986283935162,13.628647622136985,13.765914916992188,445200,0.0,0.0,AEIS,1d
2006-03-27 00:00:00-05:00,13.805130596089187,13.962006931376632,13.707082419006175,13.88356876373291,375000,0.0,0.0,AEIS,1d
2006-03-28 00:00:00-05:00,13.893374966302575,13.893374966302575,13.501184094270304,13.579622268676758,172800,0.0,0.0,AEIS,1d
2006-03-29 00:00:00-05:00,13.579622689382433,14.020837667852069,13.579622689382433,13.893375396728516,527900,0.0,0.0,AEIS,1d
2006-03-30 00:00:00-05:00,13.95220499982269,14.236544588981799,13.697281366358503,13.746305465698242,241200,0.0,0.0,AEIS,1d
2006-03-31 00:00:00-05:00,13.814936454221701,13.952202788549439,13.677669184837193,13.854155540466309,200900,0.0,0.0,AEIS,1d
2006-04-03 00:00:00-04:00,14.432639215073339,14.726782859012513,14.236543764132845,14.462053298950195,1019200,0.0,0.0,AEIS,1d
2006-04-04 00:00:00-04:00,14.471858320735521,14.785611042575791,14.413029217862036,14.658148765563965,546200,0.0,0.0,AEIS,1d
2006-04-05 00:00:00-04:00,14.756196974029015,14.932682412719458,14.550296516342772,14.854244232177734,268500,0.0,0.0,AEIS,1d
2006-04-06 00:00:00-04:00,14.854243212206121,15.197410929805086,14.785610042709049,15.02092456817627,238000,0.0,0.0,AEIS,1d
2006-04-07 00:00:00-04:00,15.099363860057064,15.285655241122367,14.462053406018004,14.687562942504883,366800,0.0,0.0,AEIS,1d
2006-04-10 00:00:00-04:00,14.736588680063617,14.736588680063617,14.167911337284,14.207130432128906,431000,0.0,0.0,AEIS,1d
2006-04-11 00:00:00-04:00,14.246348084777596,14.285567175652247,13.795328072190667,14.15810489654541,535100,0.0,0.0,AEIS,1d
2006-04-12 00:00:00-04:00,14.207127533439936,14.638538423769845,14.148299370703814,14.471857070922852,230500,0.0,0.0,AEIS,1d
2006-04-13 00:00:00-04:00,14.511075289996851,14.89346113008516,14.344393947117478,14.864047050476074,309400,0.0,0.0,AEIS,1d
2006-04-17 00:00:00-04:00,14.795414418936064,14.991509848483053,14.060055856842277,14.187518119812012,286000,0.0,0.0,AEIS,1d
2006-04-18 00:00:00-04:00,14.314981412340245,14.697367293694546,14.197323211093103,14.67775821685791,439800,0.0,0.0,AEIS,1d
2006-04-19 00:00:00-04:00,14.677759367341288,15.060145278668054,14.677759367341288,14.834635734558105,432200,0.0,0.0,AEIS,1d
2006-04-20 00:00:00-04:00,14.795414617877714,15.19741048761854,14.589514180320613,15.167996406555176,710400,0.0,0.0,AEIS,1d
2006-04-21 00:00:00-04:00,15.27584922465222,15.668040103503866,14.805220170030244,15.14838695526123,771900,0.0,0.0,AEIS,1d
2006-04-24 00:00:00-04:00,15.040533582800693,15.2562390177132,14.765999987948154,14.824828147888184,246700,0.0,0.0,AEIS,1d
2006-04-25 00:00:00-04:00,14.805219773134265,15.530773347087692,14.530685230240978,15.491554260253906,701900,0.0,0.0,AEIS,1d
2006-04-26 00:00:00-04:00,15.56999365731825,15.56999365731825,15.001316386016713,15.28565502166748,409500,0.0,0.0,AEIS,1d
2006-04-27 00:00:00-04:00,15.2464347014377,15.628820563491791,13.814936632455849,15.295458793640137,1364500,0.0,0.0,AEIS,1d
2006-04-28 00:00:00-04:00,15.17780276323782,15.844528268153987,15.06995049305423,15.383703231811523,931000,0.0,0.0,AEIS,1d
2006-05-01 00:00:00-04:00,15.442528386831778,15.442528386831778,14.560098567321205,14.628731727600098,501300,0.0,0.0,AEIS,1d
2006-05-02 00:00:00-04:00,14.569906073194959,14.981707002112733,14.569906073194959,14.805221557617188,493200,0.0,0.0,AEIS,1d
2006-05-03 00:00:00-04:00,14.893466471328612,15.834725771893737,14.864052381170753,15.756287574768066,1122400,0.0,0.0,AEIS,1d
2006-05-04 00:00:00-04:00,15.834721791278062,16.815199943928267,15.736673601990308,16.746566772460938,843400,0.0,0.0,AEIS,1d
2006-05-05 00:00:00-04:00,16.844614465016228,17.060318978997426,16.56027491147803,16.59949493408203,696900,0.0,0.0,AEIS,1d
2006-05-08 00:00:00-04:00,16.628905653974215,16.68773567929413,16.364178020487962,16.452421188354492,357200,0.0,0.0,AEIS,1d
2006-05-09 00:00:00-04:00,16.383787155151367,16.795588006866645,16.30534898673481,16.383787155151367,609200,0.0,0.0,AEIS,1d
2006-05-10 00:00:00-04:00,16.364180555430483,16.37398556116934,15.658236038198455,15.707260131835938,377000,0.0,0.0,AEIS,1d
2006-05-11 00:00:00-04:00,15.766088290745184,15.80530831368716,15.069948779490902,15.14838695526123,380700,0.0,0.0,AEIS,1d
2006-05-12 00:00:00-04:00,15.040532881858628,15.354285547068114,14.687560198441254,14.716975212097168,514000,0.0,0.0,AEIS,1d
2006-05-15 00:00:00-04:00,14.638541795638373,14.638541795638373,14.01103532655242,14.324788093566895,528600,0.0,0.0,AEIS,1d
2006-05-16 00:00:00-04:00,14.4032237313555,14.736586454725341,14.265957387655098,14.511076927185059,397500,0.0,0.0,AEIS,1d
2006-05-17 00:00:00-04:00,14.413030822770757,14.638541317996975,13.88357257818104,14.177716255187988,587800,0.0,0.0,AEIS,1d
2006-05-18 00:00:00-04:00,14.236543748491885,14.824830100667045,14.177714645745935,14.265957832336426,408700,0.0,0.0,AEIS,1d
2006-05-19 00:00:00-04:00,14.236542465520408,14.393418811963038,13.814936583163254,14.079665184020996,363400,0.0,0.0,AEIS,1d
2006-05-22 00:00:00-04:00,13.942399144096344,14.118884570058738,13.560012340240355,14.06986141204834,525300,0.0,0.0,AEIS,1d
2006-05-23 00:00:00-04:00,14.118886168860712,14.354201655218686,13.66786614467188,13.68747615814209,282500,0.0,0.0,AEIS,1d
2006-05-24 00:00:00-04:00,13.638449871075055,13.658059881398609,12.942310400553753,13.236454010009766,929900,0.0,0.0,AEIS,1d
2006-05-25 00:00:00-04:00,13.265868090438339,13.39333035237117,13.108991748076935,13.236454010009766,366900,0.0,0.0,AEIS,1d
2006-05-26 00:00:00-04:00,13.256064996603886,14.15810403161451,13.1874308904735,13.991423606872559,475500,0.0,0.0,AEIS,1d
2006-05-30 00:00:00-04:00,13.589423077263394,14.020833868002496,13.471765843895431,13.560009002685547,539100,0.0,0.0,AEIS,1d
2006-05-31 00:00:00-04:00,13.599229979774744,13.932592655070458,13.432548642126886,13.824740409851074,561300,0.0,0.0,AEIS,1d
2006-06-01 00:00:00-04:00,13.78552320502115,14.413028622793993,13.775718199104242,14.383614540100098,429100,0.0,0.0,AEIS,1d
2006-06-02 00:00:00-04:00,14.481661228991017,14.67775665173138,13.903179030614396,14.138493537902832,269600,0.0,0.0,AEIS,1d
2006-06-05 00:00:00-04:00,14.118881094947511,14.187515182371252,13.520789924896226,13.560009002685547,329100,0.0,0.0,AEIS,1d
2006-06-06 00:00:00-04:00,13.648254770710015,13.785522036743286,13.295283003125991,13.667863845825195,266900,0.0,0.0,AEIS,1d
2006-06-07 00:00:00-04:00,13.648255881391114,14.15810403161451,13.373722262040054,13.991423606872559,812500,0.0,0.0,AEIS,1d
2006-06-08 00:00:00-04:00,13.922791096762717,14.226739768608189,13.207042416212927,13.609038352966309,480300,0.0,0.0,AEIS,1d
2006-06-09 00:00:00-04:00,13.70708619816609,13.962010780821416,13.383528433663937,13.491381645202637,221600,0.0,0.0,AEIS,1d
2006-06-12 00:00:00-04:00,13.452162162827698,13.677671716714118,12.942313012212745,13.079580307006836,383300,0.0,0.0,AEIS,1d
2006-06-13 00:00:00-04:00,13.05016495276212,13.50118495177334,12.726606293964265,12.79524040222168,489000,0.0,0.0,AEIS,1d
2006-06-14 00:00:00-04:00,12.82465657515353,13.265871639860869,12.68738927133162,12.854070663452148,482600,0.0,0.0,AEIS,1d
2006-06-15 00:00:00-04:00,12.961922583568615,13.707085334690264,12.83446030027042,13.618843078613281,508800,0.0,0.0,AEIS,1d
2006-06-16 00:00:00-04:00,13.589428522564841,13.628647616069303,12.85406981806347,13.079580307006836,570200,0.0,0.0,AEIS,1d
2006-06-19 00:00:00-04:00,13.099190866196537,13.16782498887644,12.569732576538847,12.63836669921875,338300,0.0,0.0,AEIS,1d
2006-06-20 00:00:00-04:00,12.569728571841056,12.893286260488118,12.432462240328213,12.579533576965332,353200,0.0,0.0,AEIS,1d
2006-06-21 00:00:00-04:00,12.57953372889614,12.873677340779683,12.569728723653443,12.805044174194336,399000,0.0,0.0,AEIS,1d
2006-06-22 00:00:00-04:00,12.756019842012385,12.844263017415768,12.559924416147505,12.64816665649414,347700,0.0,0.0,AEIS,1d
2006-06-23 00:00:00-04:00,12.52070634072984,12.608948588192934,12.354024981538181,12.383439064025879,388200,0.0,0.0,AEIS,1d
2006-06-26 00:00:00-04:00,12.422659493995203,12.540316771709673,12.354026315759327,12.501097679138184,356700,0.0,0.0,AEIS,1d
2006-06-27 00:00:00-04:00,12.48148746240816,12.618754751705236,12.01085835920146,12.148125648498535,494100,0.0,0.0,AEIS,1d
2006-06-28 00:00:00-04:00,12.226563530956211,12.226563530956211,11.853981699240698,12.157929420471191,245100,0.0,0.0,AEIS,1d
2006-06-29 00:00:00-04:00,12.177540212325248,13.207042584875825,12.177540212325248,13.177627563476562,374900,0.0,0.0,AEIS,1d
2006-06-30 00:00:00-04:00,13.246259732885273,13.25606473857831,12.883482937754229,12.98153018951416,729200,0.0,0.0,AEIS,1d
2006-07-03 00:00:00-04:00,12.922704201461956,13.716891095191011,12.922704201461956,13.461966514587402,172300,0.0,0.0,AEIS,1d
2006-07-05 00:00:00-04:00,13.540405444286328,13.540405444286328,12.667779439364121,12.814850807189941,218700,0.0,0.0,AEIS,1d
2006-07-06 00:00:00-04:00,12.863874350095587,13.412942573935975,12.834460264817842,13.030555725097656,319200,0.0,0.0,AEIS,1d
2006-07-07 00:00:00-04:00,12.99133558849256,13.089383778277503,12.74621604908704,13.001140594482422,236300,0.0,0.0,AEIS,1d
2006-07-10 00:00:00-04:00,13.138405936935136,13.295283215647988,12.628557820052857,12.805044174194336,241200,0.0,0.0,AEIS,1d
2006-07-11 00:00:00-04:00,12.667778687836122,12.775630955506157,11.746128636630756,12.677583694458008,640900,0.0,0.0,AEIS,1d
2006-07-12 00:00:00-04:00,12.628559438234962,12.648168516176233,11.834371677890461,11.863786697387695,252300,0.0,0.0,AEIS,1d
2006-07-13 00:00:00-04:00,11.795151489881993,12.099100117684902,11.344131518499585,11.540227890014648,501600,0.0,0.0,AEIS,1d
2006-07-14 00:00:00-04:00,11.540229017416292,11.70690945339676,11.32452354871085,11.402961730957031,164800,0.0,0.0,AEIS,1d
2006-07-17 00:00:00-04:00,11.402960322209463,11.873589357543972,11.31471714432005,11.550031661987305,277100,0.0,0.0,AEIS,1d
2006-07-18 00:00:00-04:00,11.677495298980222,11.971638948172691,11.520618935426075,11.765738487243652,340100,0.0,0.0,AEIS,1d
2006-07-19 00:00:00-04:00,12.001052251458516,12.765825876593242,12.001052251458516,12.383439064025879,497400,0.0,0.0,AEIS,1d
2006-07-20 00:00:00-04:00,12.403048765917273,12.677583333164797,11.981443778817273,12.001052856445312,462500,0.0,0.0,AEIS,1d
2006-07-21 00:00:00-04:00,11.932422015824633,11.942227024084685,11.304915513037056,11.432377815246582,365500,0.0,0.0,AEIS,1d
2006-07-24 00:00:00-04:00,11.55003254218693,11.853981185296227,11.383351179039387,11.716713905334473,314000,0.0,0.0,AEIS,1d
2006-07-25 00:00:00-04:00,11.775542630064631,12.157928504417935,11.589251260714773,11.697104454040527,336600,0.0,0.0,AEIS,1d
2006-07-26 00:00:00-04:00,11.638274928768197,11.736323112740152,11.275498144162816,11.481398582458496,527000,0.0,0.0,AEIS,1d
2006-07-27 00:00:00-04:00,12.501095997212571,13.2364545852839,11.853980589318892,12.197147369384766,1014700,0.0,0.0,AEIS,1d
2006-07-28 00:00:00-04:00,12.255977656603193,12.69719266522953,12.18734448094442,12.550121307373047,500500,0.0,0.0,AEIS,1d
2006-07-31 00:00:00-04:00,12.48148888391234,12.706999389508061,12.246174305509248,12.687389373779297,343300,0.0,0.0,AEIS,1d
2006-08-01 00:00:00-04:00,12.559924490151252,12.638362660959366,12.030466369668105,12.118708610534668,244800,0.0,0.0,AEIS,1d
2006-08-02 00:00:00-04:00,12.157929435547558,12.452073085693701,12.118710344531864,12.255977630615234,147600,0.0,0.0,AEIS,1d
2006-08-03 00:00:00-04:00,12.108906843843608,12.84426553634285,11.824568186812845,12.726607322692871,363900,0.0,0.0,AEIS,1d
2006-08-04 00:00:00-04:00,12.912899218569232,12.981532399993638,11.991249097736207,12.187345504760742,370800,0.0,0.0,AEIS,1d
2006-08-07 00:00:00-04:00,12.128514944625723,12.138319950815303,11.785348143502084,12.040271759033203,223700,0.0,0.0,AEIS,1d
2006-08-08 00:00:00-04:00,12.108905920706755,12.657973178948845,12.108905920706755,12.432463645935059,412700,0.0,0.0,AEIS,1d
2006-08-09 00:00:00-04:00,12.618753783920097,12.981530590249946,12.265781983585958,12.344220161437988,392600,0.0,0.0,AEIS,1d
2006-08-10 00:00:00-04:00,12.265783033939636,12.657973956784208,11.932420281993293,12.471683502197266,302100,0.0,0.0,AEIS,1d
2006-08-11 00:00:00-04:00,12.452072668427054,12.471682680806216,11.932419496118378,12.040271759033203,305100,0.0,0.0,AEIS,1d
2006-08-14 00:00:00-04:00,12.236366621225446,12.706996610149323,12.177538457020468,12.520706176757812,434200,0.0,0.0,AEIS,1d
2006-08-15 00:00:00-04:00,12.726607072464938,13.363918487801087,12.657973895066013,13.1286039352417,431300,0.0,0.0,AEIS,1d
2006-08-16 00:00:00-04:00,13.187432035334641,13.775719348644216,13.050165681270807,13.68747615814209,468800,0.0,0.0,AEIS,1d
2006-08-17 00:00:00-04:00,13.65806091462218,13.942399540426452,13.422745448221852,13.628645896911621,313100,0.0,0.0,AEIS,1d
2006-08-18 00:00:00-04:00,13.658059843857421,13.971812527717836,13.256063983897077,13.962007522583008,417300,0.0,0.0,AEIS,1d
2006-08-21 00:00:00-04:00,13.981619319345862,13.981619319345862,13.599232485739162,13.63845157623291,237800,0.0,0.0,AEIS,1d
2006-08-22 00:00:00-04:00,13.569817263111752,13.90317997186758,13.412940914298844,13.579622268676758,584100,0.0,0.0,AEIS,1d
2006-08-23 00:00:00-04:00,13.66786484233249,13.893375300467648,13.246259878521505,13.30508804321289,221200,0.0,0.0,AEIS,1d
2006-08-24 00:00:00-04:00,13.403136627526054,13.481574806139044,13.158017085596255,13.422745704650879,219200,0.0,0.0,AEIS,1d
2006-08-25 00:00:00-04:00,13.31489318845362,13.7463040976402,13.20704092868539,13.628645896911621,190600,0.0,0.0,AEIS,1d
2006-08-28 00:00:00-04:00,13.677668422470601,13.834544758705047,13.560011170294768,13.814935684204102,259900,0.0,0.0,AEIS,1d
2006-08-29 00:00:00-04:00,13.824743379136569,14.275763401102841,13.658062005688802,14.24634838104248,556300,0.0,0.0,AEIS,1d
2006-08-30 00:00:00-04:00,14.285566816463547,14.452248182254086,14.001228181007365,14.236543655395508,186800,0.0,0.0,AEIS,1d
2006-08-31 00:00:00-04:00,14.305177285821337,14.452248643836404,14.079666810467092,14.089471817016602,180300,0.0,0.0,AEIS,1d
2006-09-01 00:00:00-04:00,14.226738724866692,14.295371898772666,13.873765978934564,14.167909622192383,156300,0.0,0.0,AEIS,1d
2006-09-05 00:00:00-04:00,14.413029091638371,14.45224818152494,14.089471366309967,14.334590911865234,180700,0.0,0.0,AEIS,1d
2006-09-06 00:00:00-04:00,14.197323267734724,14.22673828569228,13.736499207081714,13.756108283996582,190100,0.0,0.0,AEIS,1d
2006-09-07 00:00:00-04:00,13.716890167726842,14.324786556100936,13.716890167726842,14.050252914428711,309100,0.0,0.0,AEIS,1d
2006-09-08 00:00:00-04:00,14.158106625981702,14.177716641342865,13.775720677008994,14.099278450012207,172200,0.0,0.0,AEIS,1d
2006-09-11 00:00:00-04:00,14.011033022944453,14.658148466045564,14.00122801682308,14.569905281066895,476800,0.0,0.0,AEIS,1d
2006-09-12 00:00:00-04:00,14.618930393681104,15.94257639033578,14.481664038659407,15.648432731628418,527400,0.0,0.0,AEIS,1d
2006-09-13 00:00:00-04:00,15.687650284027391,15.73667344311952,15.197411212651536,15.569993019104004,395400,0.0,0.0,AEIS,1d
2006-09-14 00:00:00-04:00,15.491555382587686,15.491555382587686,15.00131629412008,15.354288101196289,357900,0.0,0.0,AEIS,1d
2006-09-15 00:00:00-04:00,15.589601542052037,15.834721069034345,15.471944281307344,15.687649726867676,935800,0.0,0.0,AEIS,1d
2006-09-18 00:00:00-04:00,15.687649301382212,16.217108362958356,15.511162947523498,15.932768821716309,550600,0.0,0.0,AEIS,1d
2006-09-19 00:00:00-04:00,15.913160590941281,15.991598771415935,15.148387863784961,15.609212875366211,478800,0.0,0.0,AEIS,1d
2006-09-20 00:00:00-04:00,15.756283343501735,16.17788924112499,15.668040161668326,16.099451065063477,398500,0.0,0.0,AEIS,1d
2006-09-21 00:00:00-04:00,16.011208326682784,16.17788968919418,15.697455613746905,15.854331970214844,438200,0.0,0.0,AEIS,1d
2006-09-22 00:00:00-04:00,15.834725771893737,15.93277398582936,15.6092161889217,15.756287574768066,316000,0.0,0.0,AEIS,1d
2006-09-25 00:00:00-04:00,15.922967787158855,16.579888340273367,15.83472458822452,16.481840133666992,559700,0.0,0.0,AEIS,1d
2006-09-26 00:00:00-04:00,16.4132010896515,16.903440077526806,16.393591081309292,16.785783767700195,687100,0.0,0.0,AEIS,1d
2006-09-27 00:00:00-04:00,16.79559030712613,16.913248510921704,16.45242444212593,16.668128967285156,504100,0.0,0.0,AEIS,1d
2006-09-28 00:00:00-04:00,16.78578717108073,16.844615337921663,16.462229448285036,16.668128967285156,358600,0.0,0.0,AEIS,1d
2006-09-29 00:00:00-04:00,16.717145919799805,17.33484798763449,16.599489629811394,16.717145919799805,446300,0.0,0.0,AEIS,1d
2006-10-02 00:00:00-04:00,16.609300986169494,17.119148221348205,16.599495979900745,16.726957321166992,621100,0.0,0.0,AEIS,1d
2006-10-03 00:00:00-04:00,16.628908789558665,16.736761986202207,16.119061564774853,16.246522903442383,758800,0.0,0.0,AEIS,1d
2006-10-04 00:00:00-04:00,16.128866224893017,17.10934436938223,16.060231183883307,17.07992935180664,573900,0.0,0.0,AEIS,1d
2006-10-05 00:00:00-04:00,17.10934570784414,17.31524523663982,16.628909733759976,17.295635223388672,534300,0.0,0.0,AEIS,1d
2006-10-06 00:00:00-04:00,17.227001342009405,17.227001342009405,16.579885892118774,16.893638610839844,411200,0.0,0.0,AEIS,1d
2006-10-09 00:00:00-04:00,16.815199328225628,17.148562037529434,16.687737995898217,17.128952026367188,467000,0.0,0.0,AEIS,1d
2006-10-10 00:00:00-04:00,17.128950901468016,17.128950901468016,16.570078710841635,16.80539321899414,436400,0.0,0.0,AEIS,1d
2006-10-11 00:00:00-04:00,16.6779380680629,17.0995440858449,16.49164664553068,16.756376266479492,697200,0.0,0.0,AEIS,1d
2006-10-12 00:00:00-04:00,16.619107693315332,16.76617906217104,16.324963085489994,16.472034454345703,615100,0.0,0.0,AEIS,1d
2006-10-13 00:00:00-04:00,16.570078113428934,17.10934214485191,16.403396775732876,16.991683959960938,398200,0.0,0.0,AEIS,1d
2006-10-16 00:00:00-04:00,16.99168705241486,17.550559324605494,16.99168705241486,17.540754318237305,371800,0.0,0.0,AEIS,1d
2006-10-17 00:00:00-04:00,17.501534445383673,17.501534445383673,16.766175870956744,17.040708541870117,326000,0.0,0.0,AEIS,1d
2006-10-18 00:00:00-04:00,17.23680387303067,17.49172838791284,16.187692669166704,16.383787155151367,538000,0.0,0.0,AEIS,1d
2006-10-19 00:00:00-04:00,16.3543776369375,16.766178579958005,16.177891251341016,16.324962615966797,351800,0.0,0.0,AEIS,1d
2006-10-20 00:00:00-04:00,16.36418225062452,16.36418225062452,15.962186324255974,16.01120948791504,311800,0.0,0.0,AEIS,1d
2006-10-23 00:00:00-04:00,15.962184270328748,15.97198927582167,15.560187460630061,15.687649726867676,442400,0.0,0.0,AEIS,1d
2006-10-24 00:00:00-04:00,15.677846049517315,15.971990628882574,15.432726501769803,15.609212875366211,356100,0.0,0.0,AEIS,1d
2006-10-25 00:00:00-04:00,15.638626882355187,16.128866910495642,15.422921419582485,15.775894165039062,584300,0.0,0.0,AEIS,1d
2006-10-26 00:00:00-04:00,15.785697587418817,16.070035260418464,15.49155397407089,16.060230255126953,590100,0.0,0.0,AEIS,1d
2006-10-27 00:00:00-04:00,15.922964373860573,16.060230711616242,15.236629879911838,15.256239891052246,447300,0.0,0.0,AEIS,1d
2006-10-30 00:00:00-05:00,15.177799536570594,15.491553143683538,14.687560518954385,15.266042709350586,421400,0.0,0.0,AEIS,1d
2006-10-31 00:00:00-05:00,15.275850125530754,15.471945576521117,15.099363752110992,15.413117408752441,464200,0.0,0.0,AEIS,1d
2006-11-01 00:00:00-05:00,15.38369925018184,15.501357431820296,14.746388930766372,14.79541301727295,375500,0.0,0.0,AEIS,1d
2006-11-02 00:00:00-05:00,14.68756458115959,14.78561278582315,14.403225909703643,14.599322319030762,347900,0.0,0.0,AEIS,1d
2006-11-03 00:00:00-05:00,14.609122032138883,14.913070627853099,14.432636625486897,14.716975212097168,274100,0.0,0.0,AEIS,1d
2006-11-06 00:00:00-05:00,14.815024916870552,15.432726280546557,14.746391743703281,15.354288101196289,330300,0.0,0.0,AEIS,1d
2006-11-07 00:00:00-05:00,15.432724009669968,16.021011203289234,15.383699921025576,15.893548011779785,431200,0.0,0.0,AEIS,1d
2006-11-08 00:00:00-05:00,15.775892478311569,16.04062200909964,15.550382033374683,15.932768821716309,354600,0.0,0.0,AEIS,1d
2006-11-09 00:00:00-05:00,16.070035557288048,16.119060584651262,15.481749254781263,15.491554260253906,304600,0.0,0.0,AEIS,1d
2006-11-10 00:00:00-05:00,15.540579532296563,15.883747269435764,15.491555436268555,15.844527244567871,157300,0.0,0.0,AEIS,1d
2006-11-13 00:00:00-05:00,15.717066014832463,16.09945190942294,15.609212815798747,15.873942375183105,332900,0.0,0.0,AEIS,1d
2006-11-14 00:00:00-05:00,15.726870817375397,16.668128967285156,15.726870817375397,16.668128967285156,305100,0.0,0.0,AEIS,1d
2006-11-15 00:00:00-05:00,16.638710575246943,16.883830069184594,16.324957922224883,16.785783767700195,350400,0.0,0.0,AEIS,1d
2006-11-16 00:00:00-05:00,16.874030306884926,16.893640321318934,16.295549841992955,16.638715744018555,487000,0.0,0.0,AEIS,1d
2006-11-17 00:00:00-05:00,16.579884565833744,16.579884565833744,16.21710871512491,16.315155029296875,202200,0.0,0.0,AEIS,1d
2006-11-20 00:00:00-05:00,16.413206280826202,16.472034454345703,16.197501731178757,16.472034454345703,227700,0.0,0.0,AEIS,1d
2006-11-21 00:00:00-05:00,16.491643152386473,16.71715269130406,16.33476678878174,16.64851951599121,239900,0.0,0.0,AEIS,1d
2006-11-22 00:00:00-05:00,16.717149441957602,17.030903978295733,16.560273108845237,16.991683959960938,131800,0.0,0.0,AEIS,1d
2006-11-24 00:00:00-05:00,17.030909535843794,17.109347727996028,16.71715489712085,16.932861328125,90600,0.0,0.0,AEIS,1d
2006-11-27 00:00:00-05:00,16.932857529610928,17.030905715334768,16.452423476689066,16.570079803466797,489700,0.0,0.0,AEIS,1d
2006-11-28 00:00:00-05:00,16.521060072701687,16.903446019219796,16.452426889492177,16.84461784362793,363100,0.0,0.0,AEIS,1d
2006-11-29 00:00:00-05:00,16.99168672736207,17.4329026549214,16.893638535669584,17.060319900512695,405700,0.0,0.0,AEIS,1d
2006-11-30 00:00:00-05:00,17.099540001321618,17.344659546586666,16.78578728260055,16.893638610839844,398300,0.0,0.0,AEIS,1d
2006-12-01 00:00:00-05:00,16.96227186127572,17.197588271498176,16.383789582215783,16.726957321166992,314300,0.0,0.0,AEIS,1d
2006-12-04 00:00:00-05:00,16.815199778565155,17.70743473909338,16.70734845451155,17.442707061767578,420600,0.0,0.0,AEIS,1d
2006-12-05 00:00:00-05:00,17.511342620164275,17.883923542457303,17.432904432833432,17.589780807495117,377700,0.0,0.0,AEIS,1d
2006-12-06 00:00:00-05:00,17.61918929678625,18.001576995191833,17.246608473080208,17.71723747253418,308400,0.0,0.0,AEIS,1d
2006-12-07 00:00:00-05:00,17.776067288169884,18.246698201639852,17.658410962387578,17.825092315673828,321100,0.0,0.0,AEIS,1d
2006-12-08 00:00:00-05:00,17.776072822277047,18.119240641186504,17.442711882035066,17.76626968383789,266400,0.0,0.0,AEIS,1d
2006-12-11 00:00:00-05:00,17.805481688476856,18.285915720707624,17.77606667299246,18.011383056640625,281500,0.0,0.0,AEIS,1d
2006-12-12 00:00:00-05:00,18.109433841448197,18.168263886949287,17.61919468295634,18.021190643310547,311600,0.0,0.0,AEIS,1d
2006-12-13 00:00:00-05:00,18.119235640541817,18.17806567562549,17.560363398042448,17.63880157470703,650200,0.0,0.0,AEIS,1d
2006-12-14 00:00:00-05:00,17.67802245904949,17.80548380104443,17.55055924694081,17.707435607910156,332900,0.0,0.0,AEIS,1d
2006-12-15 00:00:00-05:00,17.776069483668252,17.96236087096468,17.70743630679952,17.91333770751953,423600,0.0,0.0,AEIS,1d
2006-12-18 00:00:00-05:00,17.962359025656294,18.236893575041567,17.638801317862114,17.746654510498047,484900,0.0,0.0,AEIS,1d
2006-12-19 00:00:00-05:00,17.678021037073197,17.82509237988769,17.481924666578152,17.658411026000977,287300,0.0,0.0,AEIS,1d
2006-12-20 00:00:00-05:00,17.727045173319016,18.207479250430847,17.687827019122995,17.95255470275879,296600,0.0,0.0,AEIS,1d
2006-12-21 00:00:00-05:00,18.001579125708556,18.158455477426454,17.619191382046747,17.77606773376465,255900,0.0,0.0,AEIS,1d
2006-12-22 00:00:00-05:00,17.805479606418537,17.93294278849936,17.589775128429913,17.785869598388672,112200,0.0,0.0,AEIS,1d
2006-12-26 00:00:00-05:00,17.825092674860223,18.452598078646687,17.599583154138664,18.305526733398438,256600,0.0,0.0,AEIS,1d
2006-12-27 00:00:00-05:00,18.413380039972626,18.432988181377144,18.305526846736452,18.334941864013672,303800,0.0,0.0,AEIS,1d
2006-12-28 00:00:00-05:00,18.3447474711947,18.540843872568413,18.236896133541652,18.31533432006836,171600,0.0,0.0,AEIS,1d
2006-12-29 00:00:00-05:00,18.383966850342883,18.952644150108938,18.334943686787494,18.501625061035156,398400,0.0,0.0,AEIS,1d
2007-01-03 00:00:00-05:00,18.756545397039346,18.86439858743533,18.040796826498116,18.38396453857422,497000,0.0,0.0,AEIS,1d
2007-01-04 00:00:00-05:00,18.374161248960206,18.58006264347958,17.972165336451734,18.52123260498047,501400,0.0,0.0,AEIS,1d
2007-01-05 00:00:00-05:00,18.53104126054329,18.53104126054329,17.93295071226929,18.266311645507812,496900,0.0,0.0,AEIS,1d
2007-01-08 00:00:00-05:00,18.266307384497775,18.756546466820584,18.11923603382367,18.51142692565918,832900,0.0,0.0,AEIS,1d
2007-01-09 00:00:00-05:00,18.491819348389125,18.56045252279217,18.080018431857102,18.29572296142578,535700,0.0,0.0,AEIS,1d
2007-01-10 00:00:00-05:00,18.119235596091443,18.638889684040517,18.080017442912183,18.56045150756836,340600,0.0,0.0,AEIS,1d
2007-01-11 00:00:00-05:00,18.668305831114484,18.67810896741725,18.423186281042796,18.52123260498047,396400,0.0,0.0,AEIS,1d
2007-01-12 00:00:00-05:00,18.432993422815322,18.589869819341178,18.34475021600526,18.580066680908203,253000,0.0,0.0,AEIS,1d
2007-01-16 00:00:00-05:00,18.629084130807982,18.629084130807982,18.099625052593655,18.217283248901367,544500,0.0,0.0,AEIS,1d
2007-01-17 00:00:00-05:00,18.15845794701494,18.3447474711947,18.0996279045345,18.31533432006836,345400,0.0,0.0,AEIS,1d
2007-01-18 00:00:00-05:00,18.07021334182446,18.07021334182446,16.217110161067918,16.56027603149414,1136900,0.0,0.0,AEIS,1d
2007-01-19 00:00:00-05:00,16.550473532583045,16.815203132830252,16.334768971333848,16.54067039489746,1350900,0.0,0.0,AEIS,1d
2007-01-22 00:00:00-05:00,16.50144719270936,16.64851854121349,16.11906131257589,16.55047035217285,571600,0.0,0.0,AEIS,1d
2007-01-23 00:00:00-05:00,16.501448631711263,17.060320926831377,16.481838618170322,16.795591354370117,354800,0.0,0.0,AEIS,1d
2007-01-24 00:00:00-05:00,16.854420831434556,17.070125362830982,16.74656763067946,16.815200805664062,759700,0.0,0.0,AEIS,1d
2007-01-25 00:00:00-05:00,16.854416684691024,17.05051115495649,16.285739541728578,16.364177703857422,453600,0.0,0.0,AEIS,1d
2007-01-26 00:00:00-05:00,16.40339675519747,16.815197596630238,16.070034080222683,16.62890625,412700,0.0,0.0,AEIS,1d
2007-01-29 00:00:00-05:00,16.481839297595275,16.79559204672879,16.266134750094462,16.609302520751953,456400,0.0,0.0,AEIS,1d
2007-01-30 00:00:00-05:00,16.677931895037418,16.903441398252717,16.589688720716047,16.80539321899414,310700,0.0,0.0,AEIS,1d
2007-01-31 00:00:00-05:00,16.67793129373621,17.168170302240696,16.373983632095186,16.991683959960938,569800,0.0,0.0,AEIS,1d
2007-02-01 00:00:00-05:00,17.089734881519586,17.727045320950424,17.079929875360502,17.423097610473633,353500,0.0,0.0,AEIS,1d
2007-02-02 00:00:00-05:00,17.540752779664526,17.8250923290602,17.41329144828571,17.46231460571289,487100,0.0,0.0,AEIS,1d
2007-02-05 00:00:00-05:00,17.53094412343926,17.58977414423716,17.128948331886203,17.158363342285156,364900,0.0,0.0,AEIS,1d
2007-02-06 00:00:00-05:00,17.109342292391716,17.34465679408946,16.86422278602572,17.217193603515625,648600,0.0,0.0,AEIS,1d
2007-02-07 00:00:00-05:00,17.334853680084773,20.491992593178168,17.334853680084773,20.011558532714844,2181800,0.0,0.0,AEIS,1d
2007-02-08 00:00:00-05:00,19.433078274239456,19.511516458056327,18.74674463337029,18.893815994262695,1313300,0.0,0.0,AEIS,1d
2007-02-09 00:00:00-05:00,18.89381935765444,19.413471716654676,18.69772292814716,18.746747970581055,632500,0.0,0.0,AEIS,1d
2007-02-12 00:00:00-05:00,18.74674479114642,18.893816153276607,18.5016252308915,18.756547927856445,289300,0.0,0.0,AEIS,1d
2007-02-13 00:00:00-05:00,18.864402183432766,19.315423171880024,18.854597176062832,19.080106735229492,314400,0.0,0.0,AEIS,1d
2007-02-14 00:00:00-05:00,19.10952082178431,19.903707678728132,18.923229431103813,19.570344924926758,614100,0.0,0.0,AEIS,1d
2007-02-15 00:00:00-05:00,19.58995215082959,19.903704846200515,19.511513976986855,19.864486694335938,445100,0.0,0.0,AEIS,1d
2007-02-16 00:00:00-05:00,19.854684920347772,19.893904948709295,19.6095653534299,19.688003540039062,357300,0.0,0.0,AEIS,1d
2007-02-20 00:00:00-05:00,19.599757777042296,19.815462294412708,19.178151877992896,19.67819595336914,449600,0.0,0.0,AEIS,1d
2007-02-21 00:00:00-05:00,19.413464944006133,19.942923996898383,19.15854229273968,19.795852661132812,389000,0.0,0.0,AEIS,1d
2007-02-22 00:00:00-05:00,19.8056581058403,20.18804396134159,19.73702306885356,20.10960578918457,789700,0.0,0.0,AEIS,1d
2007-02-23 00:00:00-05:00,20.001754872166195,20.3253126028147,19.786050341771773,20.031169891357422,563200,0.0,0.0,AEIS,1d
2007-02-26 00:00:00-05:00,20.158630161163376,20.815550593886833,19.91351062462647,20.658674240112305,849000,0.0,0.0,AEIS,1d
2007-02-27 00:00:00-05:00,20.24687038632267,20.39394171273834,19.344830548829627,19.44287872314453,1048200,0.0,0.0,AEIS,1d
2007-02-28 00:00:00-05:00,19.570339833994698,19.913507505416025,19.31541720162688,19.746826171875,514600,0.0,0.0,AEIS,1d
2007-03-01 00:00:00-05:00,19.589955720301077,19.69780893027928,19.148741613335005,19.60956573486328,851200,0.0,0.0,AEIS,1d
2007-03-02 00:00:00-05:00,19.413466835937445,19.491905013997474,18.619280049315428,18.67810821533203,690700,0.0,0.0,AEIS,1d
2007-03-05 00:00:00-05:00,18.570257149556493,19.18795757667122,18.3349426120788,18.374160766601562,466000,0.0,0.0,AEIS,1d
2007-03-06 00:00:00-05:00,18.295722163599365,19.560539877118813,18.295722163599365,19.374248504638672,384800,0.0,0.0,AEIS,1d
2007-03-07 00:00:00-05:00,19.374251834102477,19.972344207939262,19.19776543722513,19.61937141418457,650800,0.0,0.0,AEIS,1d
2007-03-08 00:00:00-05:00,19.86448939500452,20.697896274210024,19.86448939500452,20.295900344848633,949900,0.0,0.0,AEIS,1d
2007-03-09 00:00:00-05:00,20.972424511480373,21.001839525688833,20.590038677337546,20.874378204345703,776200,0.0,0.0,AEIS,1d
2007-03-12 00:00:00-04:00,20.962625921594142,20.982235937067383,20.648873154478323,20.688093185424805,519600,0.0,0.0,AEIS,1d
2007-03-13 00:00:00-04:00,20.590043246974286,20.815552795613822,19.95273275859071,19.96253776550293,714700,0.0,0.0,AEIS,1d
2007-03-14 00:00:00-04:00,19.962534336063012,20.197848851189192,19.638976644000323,20.080190658569336,522600,0.0,0.0,AEIS,1d
2007-03-15 00:00:00-04:00,20.099803282206743,20.403751003330207,19.982145074290106,20.286094665527344,353200,0.0,0.0,AEIS,1d
2007-03-16 00:00:00-04:00,20.2762912542589,20.48219079666991,19.991951653656358,20.39394760131836,519400,0.0,0.0,AEIS,1d
2007-03-19 00:00:00-04:00,20.59004497817261,20.81555454577285,20.541021809603514,20.688093185424805,451800,0.0,0.0,AEIS,1d
2007-03-20 00:00:00-04:00,20.63906318765401,20.923402733353782,20.384140528209908,20.727306365966797,355800,0.0,0.0,AEIS,1d
2007-03-21 00:00:00-04:00,20.795941849887438,21.30579096579262,20.629262350190423,21.041061401367188,679400,0.0,0.0,AEIS,1d
2007-03-22 00:00:00-04:00,21.217548542656694,21.217548542656694,20.746919435674183,20.884185791015625,699100,0.0,0.0,AEIS,1d
2007-03-23 00:00:00-04:00,20.844968304741062,21.00184467878446,20.560628707966217,20.893991470336914,376000,0.0,0.0,AEIS,1d
2007-03-26 00:00:00-04:00,20.884186099026234,20.982234298622114,20.482190163785603,20.776334762573242,398200,0.0,0.0,AEIS,1d
2007-03-27 00:00:00-04:00,20.717505082009616,21.050867844380313,20.688091930697663,20.893991470336914,281900,0.0,0.0,AEIS,1d
2007-03-28 00:00:00-04:00,21.080276452728576,21.129299603410523,20.668475628614928,20.717498779296875,377400,0.0,0.0,AEIS,1d
2007-03-29 00:00:00-04:00,20.835162316655992,20.884185479943778,19.942927279998887,20.403751373291016,758400,0.0,0.0,AEIS,1d
2007-03-30 00:00:00-04:00,20.491989015897765,20.98222799651787,20.41355085380308,20.629257202148438,472900,0.0,0.0,AEIS,1d
2007-04-02 00:00:00-04:00,20.590043066680014,21.109697207794348,20.590043066680014,20.884185791015625,409200,0.0,0.0,AEIS,1d
2007-04-03 00:00:00-04:00,21.050864009521614,21.78622258018169,20.98223084214484,21.45285987854004,474600,0.0,0.0,AEIS,1d
2007-04-04 00:00:00-04:00,21.462669011463888,21.56071721376397,21.041063050653285,21.345012664794922,435000,0.0,0.0,AEIS,1d
2007-04-05 00:00:00-04:00,21.30579115901019,21.854860305786133,21.28618114588667,21.854860305786133,243900,0.0,0.0,AEIS,1d
2007-04-09 00:00:00-04:00,21.992123709243092,22.27646138096182,21.77641733402868,22.119585037231445,496200,0.0,0.0,AEIS,1d
2007-04-10 00:00:00-04:00,22.011735914914915,22.237245447752656,21.99212590246458,22.20783042907715,304000,0.0,0.0,AEIS,1d
2007-04-11 00:00:00-04:00,22.276463260741398,22.35490143922552,21.511691488049625,21.72739601135254,525400,0.0,0.0,AEIS,1d
2007-04-12 00:00:00-04:00,21.786220401166112,22.93337973146372,21.678369093266927,22.815723419189453,732000,0.0,0.0,AEIS,1d
2007-04-13 00:00:00-04:00,22.92358001329198,23.139286419059218,22.23724637978714,23.060848236083984,829600,0.0,0.0,AEIS,1d
2007-04-16 00:00:00-04:00,23.188307482044845,23.345183833787583,22.79611660268799,23.19811248779297,578100,0.0,0.0,AEIS,1d
2007-04-17 00:00:00-04:00,23.266742399763082,23.296157412888334,22.69806523680182,22.815723419189453,508700,0.0,0.0,AEIS,1d
2007-04-18 00:00:00-04:00,22.962803842979586,23.256946610324743,22.707879238560533,22.864755630493164,349600,0.0,0.0,AEIS,1d
2007-04-19 00:00:00-04:00,22.590218601952447,23.070652695034713,21.913688121030425,22.521583557128906,506500,0.0,0.0,AEIS,1d
2007-04-20 00:00:00-04:00,22.854947862283563,23.021629242347906,22.403928757470567,22.796119689941406,296200,0.0,0.0,AEIS,1d
2007-04-23 00:00:00-04:00,22.845139386165783,23.217722118021683,22.580411715768122,23.080455780029297,345000,0.0,0.0,AEIS,1d
2007-04-24 00:00:00-04:00,23.305965568878424,23.453036914166077,22.30587742874059,22.41373062133789,735300,0.0,0.0,AEIS,1d
2007-04-25 00:00:00-04:00,22.41373119138582,22.80592207883202,20.864575783388087,21.080280303955078,1554000,0.0,0.0,AEIS,1d
2007-04-26 00:00:00-04:00,22.717676782496856,25.46301460939917,21.68817556493686,24.541366577148438,2250100,0.0,0.0,AEIS,1d
2007-04-27 00:00:00-04:00,24.413905710679618,24.511953900303567,23.65893708172299,23.737375259399414,771400,0.0,0.0,AEIS,1d
2007-04-30 00:00:00-04:00,23.51186606697459,24.51195424916793,23.17850333957681,24.02171516418457,830800,0.0,0.0,AEIS,1d
2007-05-01 00:00:00-04:00,23.972688296528595,24.47273044018366,23.747176931023546,24.413902282714844,675200,0.0,0.0,AEIS,1d
2007-05-02 00:00:00-04:00,24.492342924535095,24.61000112147649,24.1393720739381,24.39429473876953,691200,0.0,0.0,AEIS,1d
2007-05-03 00:00:00-04:00,24.325661378945124,25.443407695722627,24.08054185151085,24.894338607788086,976100,0.0,0.0,AEIS,1d
2007-05-04 00:00:00-04:00,24.835512676652773,25.3061417627919,24.81590266386854,25.178680419921875,674200,0.0,0.0,AEIS,1d
2007-05-07 00:00:00-04:00,24.982581418330067,25.384577287776498,24.95316827234502,24.972776412963867,427600,0.0,0.0,AEIS,1d
2007-05-08 00:00:00-04:00,24.894338786643516,24.992386972344374,24.541367936279453,24.75707244873047,562000,0.0,0.0,AEIS,1d
2007-05-09 00:00:00-04:00,23.42362612138217,24.296253085007695,22.56080603533987,24.070741653442383,908600,0.0,0.0,AEIS,1d
2007-05-10 00:00:00-04:00,23.864837420827797,24.01190876376,22.874554302251024,23.247135162353516,926300,0.0,0.0,AEIS,1d
2007-05-11 00:00:00-04:00,23.3451847032757,24.070738324637425,23.266746524482908,24.02171516418457,799400,0.0,0.0,AEIS,1d
2007-05-14 00:00:00-04:00,24.07073790989924,24.374687483833743,23.845228383519707,23.904056549072266,1645000,0.0,0.0,AEIS,1d
2007-05-15 00:00:00-04:00,24.05112782871044,24.27663733690554,23.639326962821627,23.70796012878418,1097000,0.0,0.0,AEIS,1d
2007-05-16 00:00:00-04:00,23.492256354085466,23.492256354085466,22.90397094070048,23.15889549255371,1057500,0.0,0.0,AEIS,1d
2007-05-17 00:00:00-04:00,23.090258318640945,23.48245105153325,22.874553811641018,23.10006332397461,964700,0.0,0.0,AEIS,1d
2007-05-18 00:00:00-04:00,23.22753150417719,23.658940610689655,22.8255355498596,23.25694465637207,484800,0.0,0.0,AEIS,1d
2007-05-21 00:00:00-04:00,23.276552972240673,24.02171665198109,23.13928661838006,23.51186752319336,497600,0.0,0.0,AEIS,1d
2007-05-22 00:00:00-04:00,23.600115700494808,24.315864511318022,23.590310691702328,24.090354919433594,530000,0.0,0.0,AEIS,1d
2007-05-23 00:00:00-04:00,24.178591899059064,24.227615060276893,23.8354241601931,23.94327735900879,401600,0.0,0.0,AEIS,1d
2007-05-24 00:00:00-04:00,23.786400102530628,23.786400102530628,22.25685471479137,22.36470603942871,1311500,0.0,0.0,AEIS,1d
2007-05-25 00:00:00-04:00,22.511780472941183,23.031434636008665,22.44314729237101,22.717681884765625,505300,0.0,0.0,AEIS,1d
2007-05-29 00:00:00-04:00,22.707871249289145,23.217720278747937,22.668653100161094,23.109867095947266,471500,0.0,0.0,AEIS,1d
2007-05-30 00:00:00-04:00,22.943188147645,23.13928452408078,22.413730923450224,22.50197410583496,1026800,0.0,0.0,AEIS,1d
2007-05-31 00:00:00-04:00,22.492168693948244,24.10015221928342,22.492168693948244,24.06093406677246,1283600,0.0,0.0,AEIS,1d
2007-06-01 00:00:00-04:00,24.345273701047837,24.796294646801076,24.100154150344533,24.649221420288086,848100,0.0,0.0,AEIS,1d
2007-06-04 00:00:00-04:00,24.688438860693203,24.776682039314707,24.384491173282218,24.639413833618164,585200,0.0,0.0,AEIS,1d
2007-06-05 00:00:00-04:00,24.609998271205132,24.855117772173084,24.227610578018027,24.492340087890625,456600,0.0,0.0,AEIS,1d
2007-06-06 00:00:00-04:00,24.325660686927716,24.580585212620882,23.962884843908864,24.129566192626953,465200,0.0,0.0,AEIS,1d
2007-06-07 00:00:00-04:00,24.129564522831753,24.247220837247543,23.256937818699868,23.296157836914062,585100,0.0,0.0,AEIS,1d
2007-06-08 00:00:00-04:00,23.22752749140085,23.786399727920465,23.22752749140085,23.75698471069336,395100,0.0,0.0,AEIS,1d
2007-06-11 00:00:00-04:00,23.73737650035946,23.913862876886316,23.404015630392223,23.531476974487305,321100,0.0,0.0,AEIS,1d
2007-06-12 00:00:00-04:00,23.443232732783542,23.443232732783542,22.492169587709082,22.649045944213867,624500,0.0,0.0,AEIS,1d
2007-06-13 00:00:00-04:00,22.707877911239038,23.23733710564928,22.707877911239038,23.041240692138672,632500,0.0,0.0,AEIS,1d
2007-06-14 00:00:00-04:00,23.051045776208124,23.3844085582124,23.041240768488702,23.26675033569336,466000,0.0,0.0,AEIS,1d
2007-06-15 00:00:00-04:00,23.56089370195269,23.78640325714548,23.188310908916517,23.668745040893555,480100,0.0,0.0,AEIS,1d
2007-06-18 00:00:00-04:00,23.855031505078173,23.855031505078173,22.874553429456196,22.982406616210938,598800,0.0,0.0,AEIS,1d
2007-06-19 00:00:00-04:00,22.86475362697029,22.90397365657385,22.247053121625797,22.443147659301758,755300,0.0,0.0,AEIS,1d
2007-06-20 00:00:00-04:00,22.59022054286738,22.825535106424677,21.894079989327373,21.933300018310547,540700,0.0,0.0,AEIS,1d
2007-06-21 00:00:00-04:00,21.913685551482413,22.845138609216832,21.84505238482039,22.678457260131836,677900,0.0,0.0,AEIS,1d
2007-06-22 00:00:00-04:00,22.5902142052387,22.776503680303975,21.688174362943816,21.815635681152344,1113300,0.0,0.0,AEIS,1d
2007-06-25 00:00:00-04:00,21.815639762880235,22.050954304448215,21.27637750555116,21.51169204711914,646000,0.0,0.0,AEIS,1d
2007-06-26 00:00:00-04:00,21.521498105622108,21.923494034218304,21.09989216340809,21.44305992126465,653400,0.0,0.0,AEIS,1d
2007-06-27 00:00:00-04:00,21.325404687393018,21.864667046384906,21.13911327223902,21.79603385925293,321600,0.0,0.0,AEIS,1d
2007-06-28 00:00:00-04:00,21.854862981477872,21.854862981477872,21.286183751954987,21.501890182495117,566200,0.0,0.0,AEIS,1d
2007-06-29 00:00:00-04:00,21.57051693525267,22.658848160876722,21.57051693525267,22.217632293701172,952500,0.0,0.0,AEIS,1d
2007-07-02 00:00:00-04:00,22.354902353883272,22.60982691191541,21.913688283150307,21.99212646484375,573300,0.0,0.0,AEIS,1d
2007-07-03 00:00:00-04:00,21.923487622424886,22.10977708697006,21.64895312240786,21.825439453125,239200,0.0,0.0,AEIS,1d
2007-07-05 00:00:00-04:00,21.933295241855998,22.06075656806599,21.668565714211965,22.031341552734375,303800,0.0,0.0,AEIS,1d
2007-07-06 00:00:00-04:00,22.109782390427938,22.286268763478738,21.796029669499283,21.874467849731445,225800,0.0,0.0,AEIS,1d
2007-07-09 00:00:00-04:00,21.81564214655637,22.737292270986615,21.71759394266142,22.443147659301758,528400,0.0,0.0,AEIS,1d
2007-07-10 00:00:00-04:00,22.17841938597009,22.482367127350013,21.84505662312222,22.070566177368164,675400,0.0,0.0,AEIS,1d
2007-07-11 00:00:00-04:00,22.099980329628675,22.25685669772657,21.707787539270107,22.198026657104492,378200,0.0,0.0,AEIS,1d
2007-07-12 00:00:00-04:00,22.335287819643916,22.62943044929489,22.021533312539454,22.541187286376953,265900,0.0,0.0,AEIS,1d
2007-07-13 00:00:00-04:00,22.511775582469745,22.61962876857217,21.923490236745458,22.031341552734375,315100,0.0,0.0,AEIS,1d
2007-07-16 00:00:00-04:00,22.011733334543532,22.099976510111848,21.599932471929225,22.001928329467773,488200,0.0,0.0,AEIS,1d
2007-07-17 00:00:00-04:00,22.02153468874892,23.90405249845525,22.011731554579384,23.64912986755371,1003300,0.0,0.0,AEIS,1d
2007-07-18 00:00:00-04:00,23.541277757753473,23.541277757753473,22.550994721650014,23.05103874206543,492400,0.0,0.0,AEIS,1d
2007-07-19 00:00:00-04:00,23.188305582945205,23.707959624354892,23.041234248995586,23.560888290405273,318100,0.0,0.0,AEIS,1d
2007-07-20 00:00:00-04:00,23.46283990647568,23.511863060660254,22.7863095320705,23.1392822265625,505100,0.0,0.0,AEIS,1d
2007-07-23 00:00:00-04:00,23.198115629488253,23.42362518189475,22.756899661637384,22.796119689941406,396100,0.0,0.0,AEIS,1d
2007-07-24 00:00:00-04:00,22.77650511011378,22.825530135666476,21.835247060864113,22.031341552734375,596500,0.0,0.0,AEIS,1d
2007-07-25 00:00:00-04:00,21.874468019292234,22.992214433906984,21.874468019292234,22.688264846801758,1047300,0.0,0.0,AEIS,1d
2007-07-26 00:00:00-04:00,20.491994690824118,20.5410197245308,18.227090496762386,18.893815994262695,4091600,0.0,0.0,AEIS,1d
2007-07-27 00:00:00-04:00,18.825178855895984,18.844786995138794,17.403484969497313,17.579971313476562,1543700,0.0,0.0,AEIS,1d
2007-07-30 00:00:00-04:00,17.83490238008618,17.883925551382085,16.952472205961186,17.61919593811035,1160700,0.0,0.0,AEIS,1d
2007-07-31 00:00:00-04:00,17.687826937972755,18.168261012880393,17.334854201259517,17.364267349243164,1032500,0.0,0.0,AEIS,1d
2007-08-01 00:00:00-04:00,17.227004682183498,17.570172486114714,16.87403187012692,17.53095245361328,1306700,0.0,0.0,AEIS,1d
2007-08-02 00:00:00-04:00,17.579972618518003,17.64860578624635,16.844614044091074,17.040708541870117,833400,0.0,0.0,AEIS,1d
2007-08-03 00:00:00-04:00,16.89364023377468,17.236808004135863,15.991600145737747,16.021015167236328,787700,0.0,0.0,AEIS,1d
2007-08-06 00:00:00-04:00,16.16808377533937,16.16808377533937,15.471944281307344,15.687649726867676,775500,0.0,0.0,AEIS,1d
2007-08-07 00:00:00-04:00,15.658236032825183,15.824916455044525,14.511076543363103,15.14838695526123,1605700,0.0,0.0,AEIS,1d
2007-08-08 00:00:00-04:00,15.393507215750487,15.569993587102257,13.64825631980105,13.844351768493652,1871000,0.0,0.0,AEIS,1d
2007-08-09 00:00:00-04:00,13.77571925606096,14.256153362169318,13.158017861754399,13.658061981201172,2457300,0.0,0.0,AEIS,1d
2007-08-10 00:00:00-04:00,13.844351868946852,17.15836824859698,13.393331866152886,16.53086280822754,2057100,0.0,0.0,AEIS,1d
2007-08-13 00:00:00-04:00,16.775977557664735,18.511422028712694,16.45241992372903,17.158363342285156,1375400,0.0,0.0,AEIS,1d
2007-08-14 00:00:00-04:00,17.24661143272818,17.41329279906941,16.67793415993699,16.726957321166992,713800,0.0,0.0,AEIS,1d
2007-08-15 00:00:00-04:00,16.677933049743775,16.795589376909295,16.207304000854492,16.207304000854492,610100,0.0,0.0,AEIS,1d
2007-08-16 00:00:00-04:00,16.138673437477422,16.864229093384278,15.226829168597332,15.922968864440918,859300,0.0,0.0,AEIS,1d
2007-08-17 00:00:00-04:00,16.756368838720686,16.8544170108072,16.158276672094946,16.452421188354492,447400,0.0,0.0,AEIS,1d
2007-08-20 00:00:00-04:00,16.521064331873916,16.66813574382596,15.95238683424208,16.373992919921875,349000,0.0,0.0,AEIS,1d
2007-08-21 00:00:00-04:00,16.373984444577733,16.726955276538376,16.27593626398897,16.501445770263672,322600,0.0,0.0,AEIS,1d
2007-08-22 00:00:00-04:00,16.70735061185538,17.236807904987025,16.305352800809388,16.972078323364258,335000,0.0,0.0,AEIS,1d
2007-08-23 00:00:00-04:00,17.079930316647108,17.844703985791458,16.589691216709035,17.374073028564453,677900,0.0,0.0,AEIS,1d
2007-08-24 00:00:00-04:00,17.354461310073813,17.540750783184585,17.14855995806537,17.432899475097656,429700,0.0,0.0,AEIS,1d
2007-08-27 00:00:00-04:00,17.35446760237077,17.40349077199274,16.952471627105698,17.02110481262207,302400,0.0,0.0,AEIS,1d
2007-08-28 00:00:00-04:00,16.79559119358815,16.825006213617982,15.452337070827344,15.589603424072266,650500,0.0,0.0,AEIS,1d
2007-08-29 00:00:00-04:00,15.756281685643549,15.991596189068568,15.579796275603144,15.893548011779785,319900,0.0,0.0,AEIS,1d
2007-08-30 00:00:00-04:00,15.72687252646529,16.089648443207732,15.628823389275762,15.658238410949707,346100,0.0,0.0,AEIS,1d
2007-08-31 00:00:00-04:00,15.00131535857755,15.942574387136915,14.805219922431181,15.913159370422363,704700,0.0,0.0,AEIS,1d
2007-09-04 00:00:00-04:00,15.795504101517885,16.168084987617007,15.589602710955267,15.942575454711914,698900,0.0,0.0,AEIS,1d
2007-09-05 00:00:00-04:00,15.834718785420625,16.432810943439573,15.795500639218385,16.393590927124023,947800,0.0,0.0,AEIS,1d
2007-09-06 00:00:00-04:00,16.43281283619037,16.43281283619037,16.099450139564336,16.197498321533203,475300,0.0,0.0,AEIS,1d
2007-09-07 00:00:00-04:00,15.913161363462729,16.275939134590526,15.501361363507954,15.746479988098145,395300,0.0,0.0,AEIS,1d
2007-09-10 00:00:00-04:00,15.805308918918746,15.844527073248875,14.922878005126456,15.226825714111328,497800,0.0,0.0,AEIS,1d
2007-09-11 00:00:00-04:00,15.275849694191226,15.324873789318756,14.95229197542911,15.00131607055664,360900,0.0,0.0,AEIS,1d
2007-09-12 00:00:00-04:00,14.942487910551845,15.295460669656737,14.785611544308292,14.805221557617188,374000,0.0,0.0,AEIS,1d
2007-09-13 00:00:00-04:00,14.903268407664806,15.089559788730107,14.64834385202643,14.687562942504883,293100,0.0,0.0,AEIS,1d
2007-09-14 00:00:00-04:00,14.599320918279744,15.138583187018154,14.530686807577652,15.040535926818848,363300,0.0,0.0,AEIS,1d
2007-09-17 00:00:00-04:00,15.040534364096517,15.040534364096517,14.27576169975204,14.30517578125,608300,0.0,0.0,AEIS,1d
2007-09-18 00:00:00-04:00,14.413028243190883,15.040534579493606,14.109080548226592,15.02092456817627,564500,0.0,0.0,AEIS,1d
2007-09-19 00:00:00-04:00,15.177799726457607,15.638624670598032,14.805218891257903,14.864047050476074,452800,0.0,0.0,AEIS,1d
2007-09-20 00:00:00-04:00,14.795417689706944,15.060146344353821,14.628736303980146,14.66795539855957,361900,0.0,0.0,AEIS,1d
2007-09-21 00:00:00-04:00,14.805220054026387,15.432725455272307,14.766000966448518,15.02092456817627,437800,0.0,0.0,AEIS,1d
2007-09-24 00:00:00-04:00,14.981708347826544,15.1091706406128,14.805222887478404,14.922880172729492,350200,0.0,0.0,AEIS,1d
2007-09-25 00:00:00-04:00,14.80522037557329,15.373897625331614,14.775805357958435,15.30526351928711,347100,0.0,0.0,AEIS,1d
2007-09-26 00:00:00-04:00,15.432725695095517,15.766088412216241,15.089558907220574,15.275849342346191,471600,0.0,0.0,AEIS,1d
2007-09-27 00:00:00-04:00,15.41311921351105,15.648433782253026,15.266046906754582,15.481752395629883,476400,0.0,0.0,AEIS,1d
2007-09-28 00:00:00-04:00,15.432727022591395,15.520970212367619,14.785611544308292,14.805221557617188,461900,0.0,0.0,AEIS,1d
2007-10-01 00:00:00-04:00,14.795415902874579,16.726957246461538,14.795415902874579,16.69754409790039,997200,0.0,0.0,AEIS,1d
2007-10-02 00:00:00-04:00,16.51125420988728,17.217197890767437,16.23671962115472,16.972078323364258,648400,0.0,0.0,AEIS,1d
2007-10-03 00:00:00-04:00,16.91324751844344,17.04070885080492,16.354375290965226,16.570079803466797,375000,0.0,0.0,AEIS,1d
2007-10-04 00:00:00-04:00,16.609298445536588,16.72695476253685,16.26613075907785,16.354373931884766,384500,0.0,0.0,AEIS,1d
2007-10-05 00:00:00-04:00,16.560273156112835,17.354461698638588,16.413201827164386,16.825002670288086,408600,0.0,0.0,AEIS,1d
2007-10-08 00:00:00-04:00,16.775982354636067,17.22700142237317,16.38378958429144,16.53086280822754,385700,0.0,0.0,AEIS,1d
2007-10-09 00:00:00-04:00,16.511252456959973,16.589690635396998,16.021013374200148,16.246522903442383,360000,0.0,0.0,AEIS,1d
2007-10-10 00:00:00-04:00,16.17788889831524,16.17788889831524,15.442530312028182,15.71706485748291,523300,0.0,0.0,AEIS,1d
2007-10-11 00:00:00-04:00,15.766087589238717,15.87394077741664,15.050339033417236,15.138581275939941,502300,0.0,0.0,AEIS,1d
2007-10-12 00:00:00-04:00,15.128777260791784,16.011207169686525,15.040534082890956,15.795502662658691,314300,0.0,0.0,AEIS,1d
2007-10-15 00:00:00-04:00,15.736673160104017,16.05042773103732,15.471944552551603,15.579797744750977,401200,0.0,0.0,AEIS,1d
2007-10-16 00:00:00-04:00,15.47194564006236,15.746479272576343,14.991511549398675,15.05034065246582,659800,0.0,0.0,AEIS,1d
2007-10-17 00:00:00-04:00,14.952289455612647,15.540576627888933,14.952289455612647,15.187603950500488,438800,0.0,0.0,AEIS,1d
2007-10-18 00:00:00-04:00,15.069950217761452,15.717066632212441,14.86404975294907,15.393507957458496,387700,0.0,0.0,AEIS,1d
2007-10-19 00:00:00-04:00,15.393508026532244,15.393508026532244,14.824830727842828,14.834635734558105,486200,0.0,0.0,AEIS,1d
2007-10-22 00:00:00-04:00,14.942485791031867,15.88374572509377,14.520880850319184,15.766087532043457,592400,0.0,0.0,AEIS,1d
2007-10-23 00:00:00-04:00,15.922968087620143,16.344574074903324,15.697458517249986,15.981796264648438,404600,0.0,0.0,AEIS,1d
2007-10-24 00:00:00-04:00,15.736674882436821,16.315157189178922,15.01112214991007,15.520970344543457,640500,0.0,0.0,AEIS,1d
2007-10-25 00:00:00-04:00,15.050341778075028,15.344484510238964,14.324787149581676,14.81502628326416,1879500,0.0,0.0,AEIS,1d
2007-10-26 00:00:00-04:00,15.167999462722484,15.246437651400313,14.560103032940823,14.638541221618652,491700,0.0,0.0,AEIS,1d
2007-10-29 00:00:00-04:00,14.65814576206587,15.158189761330934,14.364002178083085,14.79541301727295,770500,0.0,0.0,AEIS,1d
2007-10-30 00:00:00-04:00,14.697366729288975,15.481749408826158,14.569904462046713,15.256239891052246,629700,0.0,0.0,AEIS,1d
2007-10-31 00:00:00-04:00,15.34448201506973,15.922964248357061,15.217020683888904,15.687649726867676,1147000,0.0,0.0,AEIS,1d
2007-11-01 00:00:00-04:00,15.432726167157178,15.432726167157178,14.756196641467586,15.226825714111328,915500,0.0,0.0,AEIS,1d
2007-11-02 00:00:00-04:00,15.275850452755765,16.324961839319947,15.089560004088598,16.08964729309082,931500,0.0,0.0,AEIS,1d
2007-11-05 00:00:00-05:00,15.85433110516983,16.40339832284938,15.285653876473331,16.34457015991211,1056100,0.0,0.0,AEIS,1d
2007-11-06 00:00:00-05:00,16.413203020379846,16.413203020379846,15.834720797029536,16.25632667541504,856200,0.0,0.0,AEIS,1d
2007-11-07 00:00:00-05:00,16.001403309896766,16.040623334044263,14.971901987502859,15.00131607055664,643800,0.0,0.0,AEIS,1d
2007-11-08 00:00:00-05:00,15.099362861640572,15.442530581928372,14.667952894903761,15.14838695526123,628800,0.0,0.0,AEIS,1d
2007-11-09 00:00:00-05:00,14.99151063028311,15.511163779446486,14.873853366419146,15.344482421875,586700,0.0,0.0,AEIS,1d
2007-11-12 00:00:00-05:00,15.393507581294594,15.844527591526216,15.158193037275542,15.471945762634277,769100,0.0,0.0,AEIS,1d
2007-11-13 00:00:00-05:00,15.648432328887806,15.815112764973346,15.0209259354659,15.432726860046387,975800,0.0,0.0,AEIS,1d
2007-11-14 00:00:00-05:00,15.5503830106261,15.981792982100748,15.383701651519415,15.66804027557373,754900,0.0,0.0,AEIS,1d
2007-11-15 00:00:00-05:00,15.560185254116803,15.560185254116803,14.265954634396865,14.442440032958984,1101500,0.0,0.0,AEIS,1d
2007-11-16 00:00:00-05:00,14.481664357602895,14.638540729686682,14.08947249233649,14.49146842956543,628700,0.0,0.0,AEIS,1d
2007-11-19 00:00:00-05:00,14.39342066781167,14.39342066781167,13.873766534396685,14.050252914428711,393200,0.0,0.0,AEIS,1d
2007-11-20 00:00:00-05:00,14.060055952053014,14.413027727627822,13.824741435003142,14.21693229675293,480000,0.0,0.0,AEIS,1d
2007-11-21 00:00:00-05:00,14.10908191264656,14.354201467476756,13.87376642936633,13.92279052734375,428800,0.0,0.0,AEIS,1d
2007-11-23 00:00:00-05:00,14.089470247907377,14.540490213330004,13.91298388989863,14.373808860778809,126500,0.0,0.0,AEIS,1d
2007-11-26 00:00:00-05:00,14.344396157283422,14.569905694127181,13.5992325019567,13.736499786376953,521100,0.0,0.0,AEIS,1d
2007-11-27 00:00:00-05:00,13.707086087846958,13.805134291173566,13.236456956015957,13.461966514587402,622500,0.0,0.0,AEIS,1d
2007-11-28 00:00:00-05:00,13.736496903747774,14.67775581425217,13.667862808412202,14.628731727600098,433500,0.0,0.0,AEIS,1d
2007-11-29 00:00:00-05:00,14.569906017231231,14.697368298078752,13.942400554667302,14.020838737487793,386200,0.0,0.0,AEIS,1d
2007-11-30 00:00:00-05:00,14.246347052562331,14.520881603850446,13.991423447875963,14.226737976074219,414200,0.0,0.0,AEIS,1d
2007-12-03 00:00:00-05:00,14.275762965577409,14.275762965577409,13.560013395245415,13.63845157623291,890000,0.0,0.0,AEIS,1d
2007-12-04 00:00:00-05:00,13.501184797822605,13.873765678140208,13.148212059543209,13.22665023803711,997300,0.0,0.0,AEIS,1d
2007-12-05 00:00:00-05:00,13.452161893930748,13.99142512013041,13.393332787321524,13.77571964263916,357500,0.0,0.0,AEIS,1d
2007-12-06 00:00:00-05:00,13.736499769995717,13.82474295737087,13.481575214257917,13.63845157623291,627700,0.0,0.0,AEIS,1d
2007-12-07 00:00:00-05:00,13.677666488199108,13.981615047962016,13.579619259446607,13.716885566711426,420900,0.0,0.0,AEIS,1d
2007-12-10 00:00:00-05:00,13.77571916846839,14.10908191264656,13.77571916846839,13.92279052734375,930600,0.0,0.0,AEIS,1d
2007-12-11 00:00:00-05:00,13.962008135144023,14.15810357116016,13.501184094270304,13.579622268676758,430400,0.0,0.0,AEIS,1d
2007-12-12 00:00:00-05:00,13.85415647374143,14.158104178848152,13.618841940421998,13.756108283996582,457700,0.0,0.0,AEIS,1d
2007-12-13 00:00:00-05:00,13.618840690508867,13.756107021485388,13.334502088413105,13.667863845825195,412700,0.0,0.0,AEIS,1d
2007-12-14 00:00:00-05:00,13.471770177052417,13.707084719476601,13.27567472503226,13.344307899475098,316700,0.0,0.0,AEIS,1d
2007-12-17 00:00:00-05:00,13.23645598110884,13.403137353453282,12.589340504974844,12.677583694458008,655700,0.0,0.0,AEIS,1d
2007-12-18 00:00:00-05:00,12.707000091531784,12.95211969134138,12.167736784939256,12.403051376342773,522400,0.0,0.0,AEIS,1d
2007-12-19 00:00:00-05:00,12.354024637551289,12.873677777296509,12.295195539157115,12.559925079345703,423900,0.0,0.0,AEIS,1d
2007-12-20 00:00:00-05:00,12.716803846294903,12.854070210219817,11.942226024657987,12.314807891845703,643300,0.0,0.0,AEIS,1d
2007-12-21 00:00:00-05:00,12.520706296934245,12.873678090722443,12.43246311472299,12.7462158203125,1032600,0.0,0.0,AEIS,1d
2007-12-24 00:00:00-05:00,12.805046829032793,13.21684684897911,12.75602272771203,13.138408660888672,188800,0.0,0.0,AEIS,1d
2007-12-26 00:00:00-05:00,13.010945366946263,13.05996852590201,12.657972638101246,12.7462158203125,349700,0.0,0.0,AEIS,1d
2007-12-27 00:00:00-05:00,13.138404119997762,13.285476373128988,12.657970150227026,12.66777515411377,595500,0.0,0.0,AEIS,1d
2007-12-28 00:00:00-05:00,12.824653810529721,13.13840651156437,12.74621563527106,12.78543472290039,659200,0.0,0.0,AEIS,1d
2007-12-31 00:00:00-05:00,12.74621450351992,12.912895844908947,12.55992408758574,12.824652671813965,969400,0.0,0.0,AEIS,1d
2008-01-02 00:00:00-05:00,12.765825995190724,12.961921438691853,12.373634173131634,12.51090145111084,875900,0.0,0.0,AEIS,1d
2008-01-03 00:00:00-05:00,12.55012076258535,12.795240305077028,11.942224409412805,12.010857582092285,617200,0.0,0.0,AEIS,1d
2008-01-04 00:00:00-05:00,11.922611756102109,12.295193490362381,10.893109718679865,10.9127197265625,913800,0.0,0.0,AEIS,1d
2008-01-07 00:00:00-05:00,10.912721701174407,11.079403058110532,10.667602168627965,10.746040344238281,965300,0.0,0.0,AEIS,1d
2008-01-08 00:00:00-05:00,10.785261655233272,11.030381238306754,10.334241584975782,10.344046592712402,555500,0.0,0.0,AEIS,1d
2008-01-09 00:00:00-05:00,10.314632121956956,10.638189884807606,10.030292518484055,10.422484397888184,612100,0.0,0.0,AEIS,1d
2008-01-10 00:00:00-05:00,10.285217975089889,11.23628226488665,10.177365689980645,11.010771751403809,719400,0.0,0.0,AEIS,1d
2008-01-11 00:00:00-05:00,10.942135950472773,11.040184139012364,10.520530048832079,10.608773231506348,486700,0.0,0.0,AEIS,1d
2008-01-14 00:00:00-05:00,10.69701567415796,11.255887879022952,10.41267706913196,11.128426551818848,441300,0.0,0.0,AEIS,1d
2008-01-15 00:00:00-05:00,10.912721255963442,10.912721255963442,10.373458119350458,10.432287216186523,411500,0.0,0.0,AEIS,1d
2008-01-16 00:00:00-05:00,10.42248272782573,11.157841331938071,10.295020457572774,10.7754545211792,487700,0.0,0.0,AEIS,1d
2008-01-17 00:00:00-05:00,10.834284393816127,10.991160757608723,10.42248347133212,10.71662712097168,430200,0.0,0.0,AEIS,1d
2008-01-18 00:00:00-05:00,10.71662637840084,11.118622266528702,10.618578190295928,10.873502731323242,604300,0.0,0.0,AEIS,1d
2008-01-22 00:00:00-05:00,10.089119837905889,11.108817047376355,10.010681662950992,10.81467342376709,451100,0.0,0.0,AEIS,1d
2008-01-23 00:00:00-05:00,9.853806575635788,10.775455716977602,9.520443821834412,9.785172462463379,1540500,0.0,0.0,AEIS,1d
2008-01-24 00:00:00-05:00,9.804781518332506,9.922438784345676,9.314542442415881,9.687124252319336,995000,0.0,0.0,AEIS,1d
2008-01-25 00:00:00-05:00,9.80478138309394,10.295020452248638,9.687124118703633,10.118534088134766,678000,0.0,0.0,AEIS,1d
2008-01-28 00:00:00-05:00,10.196971737156174,10.344044011332238,9.74595177945176,10.33423900604248,379500,0.0,0.0,AEIS,1d
2008-01-29 00:00:00-05:00,10.373459343818496,10.598969817409447,10.040096604196934,10.520530700683594,256600,0.0,0.0,AEIS,1d
2008-01-30 00:00:00-05:00,10.422482151414734,10.853892097210029,10.167557625007314,10.598968505859375,376300,0.0,0.0,AEIS,1d
2008-01-31 00:00:00-05:00,10.442091226877046,10.863697102469567,10.383263065433344,10.598968505859375,480500,0.0,0.0,AEIS,1d
2008-02-01 00:00:00-05:00,10.628383512048309,12.079490754771763,10.608773499821687,12.010857582092285,777100,0.0,0.0,AEIS,1d
2008-02-04 00:00:00-05:00,11.952028792440712,12.089296076439464,11.31471833935003,11.344132423400879,339600,0.0,0.0,AEIS,1d
2008-02-05 00:00:00-05:00,11.206864853168538,11.481398456191322,10.85389214279676,10.893111228942871,352800,0.0,0.0,AEIS,1d
2008-02-06 00:00:00-05:00,11.00096556977951,11.314718291822304,10.746041015591302,10.853893280029297,425900,0.0,0.0,AEIS,1d
2008-02-07 00:00:00-05:00,10.687210734727703,11.16764570622293,10.393068057761637,11.059792518615723,741700,0.0,0.0,AEIS,1d
2008-02-08 00:00:00-05:00,9.883219085426456,12.089294790835162,9.883219085426456,11.451984405517578,1649400,0.0,0.0,AEIS,1d
2008-02-11 00:00:00-05:00,11.363742820488238,11.491205102428827,11.138232341652763,11.167647361755371,645400,0.0,0.0,AEIS,1d
2008-02-12 00:00:00-05:00,11.275499645668333,11.922615127897584,11.275499645668333,11.55983829498291,483500,0.0,0.0,AEIS,1d
2008-02-13 00:00:00-05:00,11.667689125744522,12.432462724180237,11.46178868540518,12.069685935974121,944000,0.0,0.0,AEIS,1d
2008-02-14 00:00:00-05:00,12.099101254979644,12.305001716379312,11.863786709110563,12.059882164001465,450500,0.0,0.0,AEIS,1d
2008-02-15 00:00:00-05:00,11.952028274536133,12.13831964725185,11.814761931542272,11.952028274536133,378500,0.0,0.0,AEIS,1d
2008-02-19 00:00:00-05:00,12.089293793868215,12.432461471543405,11.961831540304765,12.177536964416504,317300,0.0,0.0,AEIS,1d
2008-02-20 00:00:00-05:00,12.118710008428224,12.79524047850696,12.118710008428224,12.628559112548828,390500,0.0,0.0,AEIS,1d
2008-02-21 00:00:00-05:00,12.746215914650904,12.8932872627203,12.461877289341734,12.775629997253418,551900,0.0,0.0,AEIS,1d
2008-02-22 00:00:00-05:00,12.756020826126377,13.069773531715887,12.50109628530649,12.7462158203125,617800,0.0,0.0,AEIS,1d
2008-02-25 00:00:00-05:00,12.805043892000967,13.422744247769936,12.579533451672495,13.275672912597656,603000,0.0,0.0,AEIS,1d
2008-02-26 00:00:00-05:00,13.207039833068848,13.285478003676353,12.834458055154828,13.207039833068848,576600,0.0,0.0,AEIS,1d
2008-02-27 00:00:00-05:00,13.069774520655107,13.510989530039591,12.814849960546066,12.942312240600586,579700,0.0,0.0,AEIS,1d
2008-02-28 00:00:00-05:00,12.863873442180587,12.981530710044382,12.520706644675396,12.569729804992676,488800,0.0,0.0,AEIS,1d
2008-02-29 00:00:00-05:00,12.412853447840948,12.74621617431679,12.334415269265087,12.569729804992676,492200,0.0,0.0,AEIS,1d
2008-03-03 00:00:00-05:00,12.530509916042087,12.805044458594415,12.030466793296545,12.3344144821167,401600,0.0,0.0,AEIS,1d
2008-03-04 00:00:00-05:00,12.157931104843836,12.765828501637342,12.128517016307704,12.687389373779297,306200,0.0,0.0,AEIS,1d
2008-03-05 00:00:00-05:00,12.736413109886515,12.903094498534879,12.461879443018557,12.765828132629395,309400,0.0,0.0,AEIS,1d
2008-03-06 00:00:00-05:00,12.66777674124822,12.932505333961418,12.059880449956959,12.118708610534668,387700,0.0,0.0,AEIS,1d
2008-03-07 00:00:00-05:00,12.010857728492239,12.69719226882328,11.91280953627772,12.432463645935059,794100,0.0,0.0,AEIS,1d
2008-03-10 00:00:00-04:00,12.501095997212571,12.569729166214387,12.1579282820899,12.197147369384766,269200,0.0,0.0,AEIS,1d
2008-03-11 00:00:00-04:00,12.491289732571268,13.11879600109673,12.393242491745125,12.932504653930664,663600,0.0,0.0,AEIS,1d
2008-03-12 00:00:00-04:00,12.932505936603267,13.305087732832124,12.49129097148326,13.118797302246094,748800,0.0,0.0,AEIS,1d
2008-03-13 00:00:00-04:00,12.991335903526444,13.618842276241775,12.795240454258172,13.383526802062988,773500,0.0,0.0,AEIS,1d
2008-03-14 00:00:00-04:00,13.530598688287004,13.550207765102778,12.912897340152382,13.167821884155273,575300,0.0,0.0,AEIS,1d
2008-03-17 00:00:00-04:00,12.922703455707987,13.354113468323575,12.834460264817842,13.030555725097656,439400,0.0,0.0,AEIS,1d
2008-03-18 00:00:00-04:00,13.334504087319932,13.716889992426603,12.74621678476936,12.942312240600586,883600,0.0,0.0,AEIS,1d
2008-03-19 00:00:00-04:00,13.040359616092303,13.256065071471962,12.51090145111084,12.51090145111084,739700,0.0,0.0,AEIS,1d
2008-03-20 00:00:00-04:00,12.638361706521833,13.089381622136253,12.35402312505122,12.84426212310791,782500,0.0,0.0,AEIS,1d
2008-03-24 00:00:00-04:00,12.922702032923452,13.81493698025456,12.824653846050158,13.540403366088867,441700,0.0,0.0,AEIS,1d
2008-03-25 00:00:00-04:00,13.56981837059093,13.912985177861982,13.226650628263004,13.344307899475098,660800,0.0,0.0,AEIS,1d
2008-03-26 00:00:00-04:00,13.256063378138553,13.481572875593994,12.66777618772631,13.32469654083252,750300,0.0,0.0,AEIS,1d
2008-03-27 00:00:00-04:00,13.314893165269245,13.314893165269245,12.746215914650904,12.775629997253418,625500,0.0,0.0,AEIS,1d
2008-03-28 00:00:00-04:00,12.922702184735009,13.51098850771534,12.706996732113812,12.7462158203125,702800,0.0,0.0,AEIS,1d
2008-03-31 00:00:00-04:00,12.775630131999788,13.207041044985331,12.57953468748674,13.001140594482422,387400,0.0,0.0,AEIS,1d
2008-04-01 00:00:00-04:00,13.295285607444157,13.677671530132164,13.246261507468098,13.412942886352539,751400,0.0,0.0,AEIS,1d
2008-04-02 00:00:00-04:00,13.461962897250935,13.844349665405982,13.314891566837224,13.785521507263184,644100,0.0,0.0,AEIS,1d
2008-04-03 00:00:00-04:00,13.667863335184315,14.216931443747088,13.667863335184315,13.88356876373291,700300,0.0,0.0,AEIS,1d
2008-04-04 00:00:00-04:00,13.79532852582416,13.805133532629464,13.481575788509783,13.618843078613281,700200,0.0,0.0,AEIS,1d
2008-04-07 00:00:00-04:00,13.687476243781273,13.775719434835516,13.4521616910079,13.520794868469238,317100,0.0,0.0,AEIS,1d
2008-04-08 00:00:00-04:00,13.383525289443703,13.50118348076368,13.050163530892945,13.403135299682617,378100,0.0,0.0,AEIS,1d
2008-04-09 00:00:00-04:00,13.393331790674297,13.628646329486715,13.128603168274545,13.187431335449219,324600,0.0,0.0,AEIS,1d
2008-04-10 00:00:00-04:00,13.158017377557464,13.599232375809787,13.001141016850582,13.51098918914795,415200,0.0,0.0,AEIS,1d
2008-04-11 00:00:00-04:00,13.334502401582366,13.452159660206963,12.77562925429457,12.834458351135254,366000,0.0,0.0,AEIS,1d
2008-04-14 00:00:00-04:00,12.844263850038894,13.1089924583532,12.657972482098451,12.98153018951416,493500,0.0,0.0,AEIS,1d
2008-04-15 00:00:00-04:00,13.040357950313169,13.383524698839716,12.903090689868522,13.32469654083252,656000,0.0,0.0,AEIS,1d
2008-04-16 00:00:00-04:00,13.432548913340101,14.285564692907437,13.148210320150989,13.814935684204102,661800,0.0,0.0,AEIS,1d
2008-04-17 00:00:00-04:00,13.805132641883787,13.912984904612447,13.354112643566978,13.55020809173584,283400,0.0,0.0,AEIS,1d
2008-04-18 00:00:00-04:00,13.726694956926059,13.942400425207968,13.158017669229386,13.501185417175293,651800,0.0,0.0,AEIS,1d
2008-04-21 00:00:00-04:00,13.40313704697436,13.932595236709735,13.40313704697436,13.83454704284668,466200,0.0,0.0,AEIS,1d
2008-04-22 00:00:00-04:00,13.795327232573106,13.962008592409957,13.324698170720936,13.432550430297852,739400,0.0,0.0,AEIS,1d
2008-04-23 00:00:00-04:00,13.295283008766479,13.432549339801236,13.079577572067466,13.207039833068848,772300,0.0,0.0,AEIS,1d
2008-04-24 00:00:00-04:00,13.510987894117715,15.128777312720029,13.314892462029889,14.148299217224121,1908100,0.0,0.0,AEIS,1d
2008-04-25 00:00:00-04:00,14.15810614714574,14.79541759897431,13.726696109417677,14.638541221618652,1834100,0.0,0.0,AEIS,1d
2008-04-28 00:00:00-04:00,14.677760812368557,14.677760812368557,14.040449338985715,14.099278450012207,500800,0.0,0.0,AEIS,1d
2008-04-29 00:00:00-04:00,14.11888541468458,14.540491331204452,13.834546779953165,14.040447235107422,333800,0.0,0.0,AEIS,1d
2008-04-30 00:00:00-04:00,14.099275916453994,14.187519099608446,13.530598663966234,13.726694107055664,255800,0.0,0.0,AEIS,1d
2008-05-01 00:00:00-04:00,13.697279171170269,14.28556546379495,13.697279171170269,14.21693229675293,439900,0.0,0.0,AEIS,1d
2008-05-02 00:00:00-04:00,14.373807779034534,14.373807779034534,13.658059265521386,13.88356876373291,424000,0.0,0.0,AEIS,1d
2008-05-05 00:00:00-04:00,13.883571260422853,14.226739006868712,13.726694896924247,14.15810489654541,310600,0.0,0.0,AEIS,1d
2008-05-06 00:00:00-04:00,14.099275528018593,14.471857327152286,13.952203248460744,14.364004135131836,292300,0.0,0.0,AEIS,1d
2008-05-07 00:00:00-04:00,14.373808730360928,14.78560960527375,14.030641957971426,14.148299217224121,299900,0.0,0.0,AEIS,1d
2008-05-08 00:00:00-04:00,14.207126472621718,14.344393733851174,13.824740638218557,13.981616973876953,328700,0.0,0.0,AEIS,1d
2008-05-09 00:00:00-04:00,14.805220698469888,15.109168406664454,14.569905227703023,14.932682037353516,960600,0.0,0.0,AEIS,1d
2008-05-12 00:00:00-04:00,15.089561560599444,15.197413838315361,14.677760594692147,14.922880172729492,442300,0.0,0.0,AEIS,1d
2008-05-13 00:00:00-04:00,14.981706742629758,15.334679495621165,14.952292658232768,15.2072172164917,231200,0.0,0.0,AEIS,1d
2008-05-14 00:00:00-04:00,15.217022711719588,15.883748213177926,15.207217704920044,15.746479988098145,503600,0.0,0.0,AEIS,1d
2008-05-15 00:00:00-04:00,15.726870724193658,15.952380254175846,15.45233616370641,15.785698890686035,185700,0.0,0.0,AEIS,1d
2008-05-16 00:00:00-04:00,15.893548351810445,15.903353356760437,15.305262080661949,15.61901569366455,315500,0.0,0.0,AEIS,1d
2008-05-19 00:00:00-04:00,15.57979830549246,15.96218512467177,15.34448283635151,15.560188293457031,250300,0.0,0.0,AEIS,1d
2008-05-20 00:00:00-04:00,15.471944403255954,15.854331204982739,15.001315356567723,15.256239891052246,208400,0.0,0.0,AEIS,1d
2008-05-21 00:00:00-04:00,15.295459610348844,15.560188226286472,14.854243692024738,14.971901893615723,263900,0.0,0.0,AEIS,1d
2008-05-22 00:00:00-04:00,15.060145390489863,15.324874963426543,14.795416752610096,15.158193588256836,266300,0.0,0.0,AEIS,1d
2008-05-23 00:00:00-04:00,15.118973198835782,15.43272590867661,14.530685932827398,14.67775821685791,224900,0.0,0.0,AEIS,1d
2008-05-27 00:00:00-04:00,14.648342971349546,15.148387046179181,14.648342971349546,15.079753875732422,123800,0.0,0.0,AEIS,1d
2008-05-28 00:00:00-04:00,15.187604731346212,15.187604731346212,14.667951627987616,14.864047050476074,172900,0.0,0.0,AEIS,1d
2008-05-29 00:00:00-04:00,14.785610520310692,15.324873693218173,14.667953253776544,14.971901893615723,178100,0.0,0.0,AEIS,1d
2008-05-30 00:00:00-04:00,14.97190278703923,15.53077507019043,14.834635500363106,15.53077507019043,491400,0.0,0.0,AEIS,1d
2008-06-02 00:00:00-04:00,15.45233635163642,15.844527249878213,14.72678272236067,14.991511344909668,442500,0.0,0.0,AEIS,1d
2008-06-03 00:00:00-04:00,15.020925105648349,15.3248737465452,14.432638770930499,14.707172393798828,305800,0.0,0.0,AEIS,1d
2008-06-04 00:00:00-04:00,14.687561917194957,14.844439203214343,14.41302830301045,14.756196022033691,309900,0.0,0.0,AEIS,1d
2008-06-05 00:00:00-04:00,14.756193618843103,14.893459936051789,14.177711467587477,14.442440032958984,395900,0.0,0.0,AEIS,1d
2008-06-06 00:00:00-04:00,14.373810354499488,14.38361536097597,13.863962173461914,13.863962173461914,315800,0.0,0.0,AEIS,1d
2008-06-09 00:00:00-04:00,13.863962254637666,14.060057710031058,13.550208590951351,13.697280883789062,257400,0.0,0.0,AEIS,1d
2008-06-10 00:00:00-04:00,13.47176846540531,13.67766889763014,13.363916214261542,13.403135299682617,405500,0.0,0.0,AEIS,1d
2008-06-11 00:00:00-04:00,13.373723873150952,13.471771138630942,12.952117919921875,12.952117919921875,200100,0.0,0.0,AEIS,1d
2008-06-12 00:00:00-04:00,13.079577542777047,13.57962158057265,13.05016346262929,13.108991622924805,239200,0.0,0.0,AEIS,1d
2008-06-13 00:00:00-04:00,13.275672496965703,13.88356876373291,13.275672496965703,13.88356876373291,362200,0.0,0.0,AEIS,1d
2008-06-16 00:00:00-04:00,13.805132805028592,14.207128712289634,13.795327798740063,14.167909622192383,176700,0.0,0.0,AEIS,1d
2008-06-17 00:00:00-04:00,14.187519792708182,14.22673888324203,13.785523880972027,13.83454704284668,233500,0.0,0.0,AEIS,1d
2008-06-18 00:00:00-04:00,13.746304790438181,14.001228411379751,13.67767068071129,13.83454704284668,246900,0.0,0.0,AEIS,1d
2008-06-19 00:00:00-04:00,13.824742971505875,14.050252508311278,13.648256596575123,13.83454704284668,371700,0.0,0.0,AEIS,1d
2008-06-20 00:00:00-04:00,13.765914440465167,13.903181730568665,13.187432129749096,13.618843078613281,530000,0.0,0.0,AEIS,1d
2008-06-23 00:00:00-04:00,13.687477008215815,13.795329283829512,13.285481057679261,13.461966514587402,301300,0.0,0.0,AEIS,1d
2008-06-24 00:00:00-04:00,13.991422056898926,14.922876006374485,13.834544785306116,14.275760650634766,1048600,0.0,0.0,AEIS,1d
2008-06-25 00:00:00-04:00,14.5208817224249,14.6091239699272,14.138494909687632,14.35420036315918,392700,0.0,0.0,AEIS,1d
2008-06-26 00:00:00-04:00,13.746303623054672,14.167908576725166,13.403135908733837,13.579622268676758,356900,0.0,0.0,AEIS,1d
2008-06-27 00:00:00-04:00,13.530595177542061,13.716885566711426,13.128599389026652,13.716885566711426,914100,0.0,0.0,AEIS,1d
2008-06-30 00:00:00-04:00,14.020837692669891,14.14829996401906,13.432550430297852,13.432550430297852,541800,0.0,0.0,AEIS,1d
2008-07-01 00:00:00-04:00,13.285479416434436,14.020838045369292,13.177626219087605,13.912984848022461,938500,0.0,0.0,AEIS,1d
2008-07-02 00:00:00-04:00,13.883569960737569,14.15810357116016,13.530598175908525,13.579622268676758,236400,0.0,0.0,AEIS,1d
2008-07-03 00:00:00-04:00,13.589427960904858,13.93259571617826,13.344308402868686,13.68747615814209,159700,0.0,0.0,AEIS,1d
2008-07-07 00:00:00-04:00,13.795327579599707,14.295371671689052,13.707084394518429,13.912984848022461,500200,0.0,0.0,AEIS,1d
2008-07-08 00:00:00-04:00,13.962009182419942,14.403224180315531,13.81493782814037,14.265957832336426,315000,0.0,0.0,AEIS,1d
2008-07-09 00:00:00-04:00,14.324785420095434,14.481662709381263,13.60903682016141,13.628645896911621,367000,0.0,0.0,AEIS,1d
2008-07-10 00:00:00-04:00,13.628647173341013,14.256153584084727,13.50118582488482,14.109082221984863,253200,0.0,0.0,AEIS,1d
2008-07-11 00:00:00-04:00,13.922790548673476,14.001228731534754,12.530511400300437,12.677583694458008,1181100,0.0,0.0,AEIS,1d
2008-07-14 00:00:00-04:00,12.52070634072984,12.765825876593242,12.167733610650174,12.383439064025879,617800,0.0,0.0,AEIS,1d
2008-07-15 00:00:00-04:00,12.20695485625553,13.030556791916393,12.118711658140867,12.765828132629395,495500,0.0,0.0,AEIS,1d
2008-07-16 00:00:00-04:00,12.83445927523914,13.422745610719783,12.530510633948179,13.393331527709961,480700,0.0,0.0,AEIS,1d
2008-07-17 00:00:00-04:00,13.39333162143522,13.628646157274185,13.030554811585937,13.422745704650879,611500,0.0,0.0,AEIS,1d
2008-07-18 00:00:00-04:00,13.344306826039892,13.344306826039892,12.932505942394984,13.21684455871582,704900,0.0,0.0,AEIS,1d
2008-07-21 00:00:00-04:00,13.295284737762712,13.599232454629735,13.216845621897779,13.344307899475098,791700,0.0,0.0,AEIS,1d
2008-07-22 00:00:00-04:00,13.36391753821956,13.726694348068843,13.010945734461112,13.422745704650879,659800,0.0,0.0,AEIS,1d
2008-07-23 00:00:00-04:00,13.501185349344034,14.040447614754171,13.501185349344034,13.863962173461914,1104300,0.0,0.0,AEIS,1d
2008-07-24 00:00:00-04:00,14.099276906039698,14.344396460869893,13.58942778316558,13.92279052734375,1252700,0.0,0.0,AEIS,1d
2008-07-25 00:00:00-04:00,13.932595803351097,13.932595803351097,13.275675308899414,13.520794868469238,468800,0.0,0.0,AEIS,1d
2008-07-28 00:00:00-04:00,13.452162932531037,13.6482584112735,13.226652430684453,13.314895629882812,273700,0.0,0.0,AEIS,1d
2008-07-29 00:00:00-04:00,13.314894513576837,13.903181835539872,13.295285434875094,13.746305465698242,282100,0.0,0.0,AEIS,1d
2008-07-30 00:00:00-04:00,13.765914627952386,14.128691469177266,13.64825734985704,13.873766899108887,252700,0.0,0.0,AEIS,1d
2008-07-31 00:00:00-04:00,13.648256283348697,14.030643108570617,13.501184930986266,13.55020809173584,286600,0.0,0.0,AEIS,1d
2008-08-01 00:00:00-04:00,13.609036841202007,13.814937290210114,13.354112297657334,13.726694107055664,204700,0.0,0.0,AEIS,1d
2008-08-04 00:00:00-04:00,13.746304744937506,13.883571093823177,13.295284737762712,13.344307899475098,347700,0.0,0.0,AEIS,1d
2008-08-05 00:00:00-04:00,13.54040388165746,14.834634761346353,13.471769774210097,14.736586570739746,910700,0.0,0.0,AEIS,1d
2008-08-06 00:00:00-04:00,14.677758478288311,14.78561074045288,14.256152565637713,14.569905281066895,326100,0.0,0.0,AEIS,1d
2008-08-07 00:00:00-04:00,14.47185744144132,14.736586050645212,14.226737908632586,14.39341926574707,272500,0.0,0.0,AEIS,1d
2008-08-08 00:00:00-04:00,14.383616914035937,15.040537457980578,14.265959628784849,14.922880172729492,285300,0.0,0.0,AEIS,1d
2008-08-11 00:00:00-04:00,14.864047966598037,16.001402422186857,14.864047966598037,15.687649726867676,423100,0.0,0.0,AEIS,1d
2008-08-12 00:00:00-04:00,15.59940785342907,15.677846033825215,15.207216951448343,15.413117408752441,250500,0.0,0.0,AEIS,1d
2008-08-13 00:00:00-04:00,15.45233033317099,16.57987942774427,15.45233033317099,16.491636276245117,612200,0.0,0.0,AEIS,1d
2008-08-14 00:00:00-04:00,16.34457151860875,16.34457151860875,15.550383772481785,15.609212875366211,378500,0.0,0.0,AEIS,1d
2008-08-15 00:00:00-04:00,15.746475657097804,16.226909637451172,15.5209661730752,16.226909637451172,449800,0.0,0.0,AEIS,1d
2008-08-18 00:00:00-04:00,16.334769067046267,16.334769067046267,15.805311733563553,15.981796264648438,258200,0.0,0.0,AEIS,1d
2008-08-19 00:00:00-04:00,15.815111184820779,16.138668888226487,15.628820754245929,15.913159370422363,345600,0.0,0.0,AEIS,1d
2008-08-20 00:00:00-04:00,15.97198813899112,16.285740811978478,15.589600432438514,15.726868629455566,357400,0.0,0.0,AEIS,1d
2008-08-21 00:00:00-04:00,15.589604672539043,16.050430672675123,15.471947388168056,15.481752395629883,317700,0.0,0.0,AEIS,1d
2008-08-22 00:00:00-04:00,15.569993815151294,16.109257008247017,15.569993815151294,16.00140380859375,230700,0.0,0.0,AEIS,1d
2008-08-25 00:00:00-04:00,15.93277398582936,15.99160216614508,15.638630279079559,15.756287574768066,225600,0.0,0.0,AEIS,1d
2008-08-26 00:00:00-04:00,15.717064463150896,15.913158959172724,15.471944005481676,15.697454452514648,249800,0.0,0.0,AEIS,1d
2008-08-27 00:00:00-04:00,15.687649852618238,16.285742101685656,15.530773503701143,15.913159370422363,270000,0.0,0.0,AEIS,1d
2008-08-28 00:00:00-04:00,15.95238152236452,16.275939268965455,15.883748344314904,16.26613426208496,209900,0.0,0.0,AEIS,1d
2008-08-29 00:00:00-04:00,16.13866983636724,16.207304879400144,15.717065792704462,15.815112113952637,204600,0.0,0.0,AEIS,1d
2008-09-02 00:00:00-04:00,16.197501084035345,16.540668844397267,15.98179467289216,16.26613426208496,313500,0.0,0.0,AEIS,1d
2008-09-03 00:00:00-04:00,16.256329046437997,16.648519966051964,15.76608992939208,16.01120948791504,656100,0.0,0.0,AEIS,1d
2008-09-04 00:00:00-04:00,15.81511293154583,15.94257614793984,14.775806537653846,14.805221557617188,425200,0.0,0.0,AEIS,1d
2008-09-05 00:00:00-04:00,14.766003117629896,14.85424537624305,14.285568055987923,14.422835350036621,480300,0.0,0.0,AEIS,1d
2008-09-08 00:00:00-04:00,14.766000689773827,14.89346202072102,14.236542549864785,14.471857070922852,355300,0.0,0.0,AEIS,1d
2008-09-09 00:00:00-04:00,14.530684099097824,14.677756364568248,13.765911497844442,13.785521507263184,500000,0.0,0.0,AEIS,1d
2008-09-10 00:00:00-04:00,14.020836284258614,14.364003040290067,13.805130851715848,14.138493537902832,462200,0.0,0.0,AEIS,1d
2008-09-11 00:00:00-04:00,13.952203993113839,14.413028997565903,13.736499467674026,14.403223991394043,333700,0.0,0.0,AEIS,1d
2008-09-12 00:00:00-04:00,14.265957226223618,14.265957226223618,13.736499064232447,13.991423606872559,399600,0.0,0.0,AEIS,1d
2008-09-15 00:00:00-04:00,13.716888170713444,13.981617702220056,13.226649128714621,13.363916397094727,448900,0.0,0.0,AEIS,1d
2008-09-16 00:00:00-04:00,13.236455031803676,13.775718201592229,12.746215956551689,13.726694107055664,501700,0.0,0.0,AEIS,1d
2008-09-17 00:00:00-04:00,13.540404946698892,13.589428110801343,12.83446034995195,12.863874435424805,596000,0.0,0.0,AEIS,1d
2008-09-18 00:00:00-04:00,13.216846486448302,13.60903835119984,12.520707820004613,13.412942886352539,688800,0.0,0.0,AEIS,1d
2008-09-19 00:00:00-04:00,13.716889710141308,15.109168820476095,13.471770161632461,15.05034065246582,1260600,0.0,0.0,AEIS,1d
2008-09-22 00:00:00-04:00,15.118973744283059,15.29546011746404,14.236543748491885,14.265957832336426,352900,0.0,0.0,AEIS,1d
2008-09-23 00:00:00-04:00,14.334591006325978,14.707172830232013,14.089471459155444,14.265957832336426,396400,0.0,0.0,AEIS,1d
2008-09-24 00:00:00-04:00,14.344397731614563,14.599322315634938,14.02083996537985,14.207130432128906,428200,0.0,0.0,AEIS,1d
2008-09-25 00:00:00-04:00,14.324783138402596,15.001313477076492,14.207125891471632,14.628731727600098,344100,0.0,0.0,AEIS,1d
2008-09-26 00:00:00-04:00,14.265959545243035,14.824831880677177,14.07966814339367,14.599322319030762,238400,0.0,0.0,AEIS,1d
2008-09-29 00:00:00-04:00,14.275761577835468,14.334589740328987,12.844263511383794,13.158016204833984,521600,0.0,0.0,AEIS,1d
2008-09-30 00:00:00-04:00,13.246261507468098,13.54040517226752,12.971726921624942,13.412942886352539,436700,0.0,0.0,AEIS,1d
2008-10-01 00:00:00-04:00,13.285478470312322,13.442354817037417,13.020748933921134,13.158016204833984,389900,0.0,0.0,AEIS,1d
2008-10-02 00:00:00-04:00,13.040360006517231,13.452160917727227,12.285391357613284,12.432463645935059,470400,0.0,0.0,AEIS,1d
2008-10-03 00:00:00-04:00,12.697194319824467,13.05016712076759,12.12851695725723,12.167736053466797,428700,0.0,0.0,AEIS,1d
2008-10-06 00:00:00-04:00,12.030468123983368,12.030468123983368,10.775455337930692,11.402961730957031,896300,0.0,0.0,AEIS,1d
2008-10-07 00:00:00-04:00,11.461788261853359,11.550031438031734,10.422482028113455,10.471506118774414,503500,0.0,0.0,AEIS,1d
2008-10-08 00:00:00-04:00,10.383265777473863,10.94213813244664,9.932245703356022,10.37346076965332,1087300,0.0,0.0,AEIS,1d
2008-10-09 00:00:00-04:00,10.393067599873696,10.981353862944436,9.70673222370608,9.824390411376953,830800,0.0,0.0,AEIS,1d
2008-10-10 00:00:00-04:00,9.5106391943973,10.255802916735774,9.040010065587921,9.80478286743164,869000,0.0,0.0,AEIS,1d
2008-10-13 00:00:00-04:00,10.334240825593445,10.716627683709989,10.089121260531877,10.697017669677734,398700,0.0,0.0,AEIS,1d
2008-10-14 00:00:00-04:00,10.991160913626256,10.991160913626256,10.040096775812353,10.285216331481934,407200,0.0,0.0,AEIS,1d
2008-10-15 00:00:00-04:00,10.069512247548069,10.618579553252463,9.343957619567563,9.35376262664795,324100,0.0,0.0,AEIS,1d
2008-10-16 00:00:00-04:00,9.432197030416106,10.481308055793274,9.216491636440493,10.412674903869629,386500,0.0,0.0,AEIS,1d
2008-10-17 00:00:00-04:00,10.020487975343425,10.706822563231183,9.844001591151143,9.981268882751465,362800,0.0,0.0,AEIS,1d
2008-10-20 00:00:00-04:00,10.089121525816703,10.500922480752646,9.951854229152401,10.19697380065918,403200,0.0,0.0,AEIS,1d
2008-10-21 00:00:00-04:00,10.422483067676273,10.73623578311003,9.736148535136504,9.745952606201172,565600,0.0,0.0,AEIS,1d
2008-10-22 00:00:00-04:00,9.334153642939816,9.491030017601503,8.677233122751295,8.794890403747559,965700,0.0,0.0,AEIS,1d
2008-10-23 00:00:00-04:00,8.530157757605897,9.187078041938419,8.481133674361141,8.804691314697266,1140300,0.0,0.0,AEIS,1d
2008-10-24 00:00:00-04:00,8.13796987863456,8.53016081505145,8.030116669827203,8.304651260375977,850000,0.0,0.0,AEIS,1d
2008-10-27 00:00:00-04:00,8.147772046703139,8.422305606533241,7.92226163555023,7.941871643066406,278000,0.0,0.0,AEIS,1d
2008-10-28 00:00:00-04:00,8.11835986919785,8.83410949741298,7.853631220720493,8.794890403747559,389500,0.0,0.0,AEIS,1d
2008-10-29 00:00:00-04:00,8.824303867100053,9.726343892763719,8.628208412620317,9.471419334411621,797600,0.0,0.0,AEIS,1d
2008-10-30 00:00:00-04:00,9.804782871231101,10.00087834164433,9.196886445421608,9.608687400817871,691600,0.0,0.0,AEIS,1d
2008-10-31 00:00:00-04:00,9.549855591113785,10.628381775924977,9.520441512635427,10.461700439453125,505700,0.0,0.0,AEIS,1d
2008-11-03 00:00:00-05:00,10.451898104616166,10.795065869725136,9.804782602462735,10.697017669677734,499700,0.0,0.0,AEIS,1d
2008-11-04 00:00:00-05:00,10.814673056650648,11.118621675575593,10.383263109043417,10.893111228942871,283700,0.0,0.0,AEIS,1d
2008-11-05 00:00:00-05:00,10.726432948673041,10.863700256995013,10.12834148002302,10.167560577392578,276600,0.0,0.0,AEIS,1d
2008-11-06 00:00:00-05:00,10.118535519782874,10.118535519782874,9.451810927237807,9.48122501373291,291600,0.0,0.0,AEIS,1d
2008-11-07 00:00:00-05:00,9.589076622506703,9.94204937619425,9.343957070248967,9.569467544555664,226200,0.0,0.0,AEIS,1d
2008-11-10 00:00:00-05:00,9.804782358901864,9.961658727035188,9.147861866050885,9.265519142150879,240800,0.0,0.0,AEIS,1d
2008-11-11 00:00:00-05:00,9.16746946557796,9.33415079659259,8.638011395018745,8.755668640136719,344200,0.0,0.0,AEIS,1d
2008-11-12 00:00:00-05:00,8.62820733503762,8.96157003354772,7.834019674760225,7.8830437660217285,323100,0.0,0.0,AEIS,1d
2008-11-13 00:00:00-05:00,7.922260539330001,8.294842215072809,7.235926267195982,8.245818138122559,823500,0.0,0.0,AEIS,1d
2008-11-14 00:00:00-05:00,8.10855499553629,8.285040432056467,6.981004527765132,7.020223617553711,595400,0.0,0.0,AEIS,1d
2008-11-17 00:00:00-05:00,6.981004075753626,7.059442250252008,6.588812735733315,6.60842227935791,310600,0.0,0.0,AEIS,1d
2008-11-18 00:00:00-05:00,6.6476428894798625,6.863347903594593,6.284865573539651,6.588813781738281,349000,0.0,0.0,AEIS,1d
2008-11-19 00:00:00-05:00,6.588813275200303,6.814323279111253,6.23584146105759,6.245645999908447,451800,0.0,0.0,AEIS,1d
2008-11-20 00:00:00-05:00,6.206425753778287,6.31427846622558,5.824039459228516,5.824039459228516,621900,0.0,0.0,AEIS,1d
2008-11-21 00:00:00-05:00,5.931893040624951,6.637837108400345,5.6181398618756555,6.500570297241211,566200,0.0,0.0,AEIS,1d
2008-11-24 00:00:00-05:00,6.5692026823973455,6.882955823574837,6.226035461829429,6.824127197265625,413300,0.0,0.0,AEIS,1d
2008-11-25 00:00:00-05:00,6.912370519175269,6.9417845991983755,6.343692850897525,6.637836456298828,487300,0.0,0.0,AEIS,1d
2008-11-26 00:00:00-05:00,6.471156123403197,7.78499708068774,6.471156123403197,7.765387535095215,762300,0.0,0.0,AEIS,1d
2008-11-28 00:00:00-05:00,7.608510401914113,7.7065581199741615,7.373195411041599,7.628119945526123,94000,0.0,0.0,AEIS,1d
2008-12-01 00:00:00-05:00,7.353586741085143,7.78499721933222,6.804518987187533,6.843738079071045,274000,0.0,0.0,AEIS,1d
2008-12-02 00:00:00-05:00,7.02022297071857,7.186904320726422,6.461350758960932,7.108466148376465,246200,0.0,0.0,AEIS,1d
2008-12-03 00:00:00-05:00,6.9319805923547815,7.5202673806633475,6.912371048328776,7.441829204559326,266700,0.0,0.0,AEIS,1d
2008-12-04 00:00:00-05:00,7.34378042311429,7.912457621416051,7.34378042311429,7.72616720199585,583000,0.0,0.0,AEIS,1d
2008-12-05 00:00:00-05:00,7.579096747486766,8.441917235804384,7.471244011123893,8.383089065551758,387800,0.0,0.0,AEIS,1d
2008-12-08 00:00:00-05:00,8.50074530712587,9.236103891236711,8.432112138493698,9.108641624450684,451400,0.0,0.0,AEIS,1d
2008-12-09 00:00:00-05:00,8.951764657249813,9.628294096435988,8.873326488505235,9.294931411743164,430700,0.0,0.0,AEIS,1d
2008-12-10 00:00:00-05:00,9.38317823089598,9.696931962830577,9.216496823790532,9.432202339172363,348800,0.0,0.0,AEIS,1d
2008-12-11 00:00:00-05:00,9.27532246539021,9.500831969886148,8.80469251135582,8.961569786071777,312000,0.0,0.0,AEIS,1d
2008-12-12 00:00:00-05:00,8.902741750048373,9.981268116068714,8.716451308310166,9.942049026489258,429800,0.0,0.0,AEIS,1d
2008-12-15 00:00:00-05:00,10.000876487677532,10.000876487677532,8.951765214158732,9.275322914123535,233400,0.0,0.0,AEIS,1d
2008-12-16 00:00:00-05:00,9.442004736581184,9.902829730843198,9.040008842992615,9.883219718933105,228900,0.0,0.0,AEIS,1d
2008-12-17 00:00:00-05:00,9.736149298127701,10.138145230044564,9.6381010993425,9.785172462463379,446500,0.0,0.0,AEIS,1d
2008-12-18 00:00:00-05:00,9.922437402053578,10.216580993637853,9.343955223451065,9.667512893676758,336800,0.0,0.0,AEIS,1d
2008-12-19 00:00:00-05:00,9.91263456070667,10.138145039654878,9.461614537867153,9.726344108581543,376600,0.0,0.0,AEIS,1d
2008-12-22 00:00:00-05:00,9.71653957580764,9.844001864029023,9.098838149068762,9.48122501373291,302800,0.0,0.0,AEIS,1d
2008-12-23 00:00:00-05:00,9.608688754944506,9.765565153383259,9.25571592340022,9.432202339172363,182300,0.0,0.0,AEIS,1d
2008-12-24 00:00:00-05:00,9.461613767981735,9.598881045522464,9.13805605347421,9.491028785705566,101900,0.0,0.0,AEIS,1d
2008-12-26 00:00:00-05:00,9.167470777302643,9.608685743390318,8.824303061980675,9.402785301208496,95300,0.0,0.0,AEIS,1d
2008-12-29 00:00:00-05:00,9.304736351272526,9.47141769244868,9.177274094193306,9.363565444946289,211500,0.0,0.0,AEIS,1d
2008-12-30 00:00:00-05:00,9.49102829399619,9.90282917022705,9.128251509708388,9.90282917022705,222700,0.0,0.0,AEIS,1d
2008-12-31 00:00:00-05:00,9.942046758803297,9.942046758803297,9.628293178674985,9.755755424499512,347800,0.0,0.0,AEIS,1d
2009-01-02 00:00:00-05:00,9.785172762624446,9.92244005812303,9.520444113874904,9.775368690490723,234200,0.0,0.0,AEIS,1d
2009-01-05 00:00:00-05:00,9.647905276832676,10.334239804156319,9.60868618770152,9.814586639404297,444900,0.0,0.0,AEIS,1d
2009-01-06 00:00:00-05:00,9.863610504337773,10.255801386494479,9.74595230463394,10.216582298278809,467600,0.0,0.0,AEIS,1d
2009-01-07 00:00:00-05:00,10.030290788721034,10.393068518500925,9.65770992337275,9.991071701049805,446700,0.0,0.0,AEIS,1d
2009-01-08 00:00:00-05:00,9.981268003154279,9.991072074145594,9.451809832292753,9.912633895874023,199200,0.0,0.0,AEIS,1d
2009-01-09 00:00:00-05:00,9.883219746217563,10.000877012832435,9.285128407161091,9.324347496032715,216900,0.0,0.0,AEIS,1d
2009-01-12 00:00:00-05:00,9.285129045904501,9.285129045904501,8.745865835530005,8.843914031982422,237300,0.0,0.0,AEIS,1d
2009-01-13 00:00:00-05:00,8.834106903529126,9.118445482879745,8.65762056632644,8.785082817077637,202000,0.0,0.0,AEIS,1d
2009-01-14 00:00:00-05:00,8.65762231996027,8.91254687309859,8.383088689303468,8.559574127197266,372700,0.0,0.0,AEIS,1d
2009-01-15 00:00:00-05:00,8.539965907647275,8.736061377817169,8.01050767066008,8.726256370544434,308300,0.0,0.0,AEIS,1d
2009-01-16 00:00:00-05:00,8.843912807307676,8.98117914126461,8.549769193739323,8.951765060424805,594500,0.0,0.0,AEIS,1d
2009-01-20 00:00:00-05:00,8.834110631757081,8.853719713579222,7.990898607092443,8.039922714233398,274700,0.0,0.0,AEIS,1d
2009-01-21 00:00:00-05:00,8.17718740499602,8.559573260948286,7.99089604461081,8.49094009399414,219900,0.0,0.0,AEIS,1d
2009-01-22 00:00:00-05:00,8.265429676000519,8.383086921470335,7.8928479311510955,8.226210594177246,216500,0.0,0.0,AEIS,1d
2009-01-23 00:00:00-05:00,8.010507225409802,8.569379518094284,8.010507225409802,8.383089065551758,224300,0.0,0.0,AEIS,1d
2009-01-26 00:00:00-05:00,8.373285100221269,8.922353389523312,8.314455987595075,8.510552406311035,174900,0.0,0.0,AEIS,1d
2009-01-27 00:00:00-05:00,8.569379637539923,9.167471965471968,8.569379637539923,9.098837852478027,227900,0.0,0.0,AEIS,1d
2009-01-28 00:00:00-05:00,9.196885983115909,9.638101003131082,9.177275969531856,9.559662818908691,227800,0.0,0.0,AEIS,1d
2009-01-29 00:00:00-05:00,9.412592217066466,9.412592217066466,8.94196213868465,9.010595321655273,218900,0.0,0.0,AEIS,1d
2009-01-30 00:00:00-05:00,9.089030810505523,9.275321204767655,8.755668166509125,8.804691314697266,205500,0.0,0.0,AEIS,1d
2009-02-02 00:00:00-05:00,8.677231156984037,8.96156975540762,8.55957296758548,8.863521575927734,207400,0.0,0.0,AEIS,1d
2009-02-03 00:00:00-05:00,8.902741884684056,8.902741884684056,8.539965066823614,8.657622337341309,188600,0.0,0.0,AEIS,1d
2009-02-04 00:00:00-05:00,8.68703464417466,9.108640478578112,8.68703464417466,8.785082817077637,211700,0.0,0.0,AEIS,1d
2009-02-05 00:00:00-05:00,8.343870720865716,8.941962158961504,8.049727038092202,8.618404388427734,367900,0.0,0.0,AEIS,1d
2009-02-06 00:00:00-05:00,8.579183629511551,8.892936331601224,8.471331371932429,8.873327255249023,251500,0.0,0.0,AEIS,1d
2009-02-09 00:00:00-05:00,8.80469163317324,8.932153880197417,8.677230321205712,8.892934799194336,177600,0.0,0.0,AEIS,1d
2009-02-10 00:00:00-05:00,8.804692461355115,9.020397894689944,8.334063445050107,8.40269660949707,248000,0.0,0.0,AEIS,1d
2009-02-11 00:00:00-05:00,8.412503534126383,8.608599002334829,8.088945777818212,8.304651260375977,205900,0.0,0.0,AEIS,1d
2009-02-12 00:00:00-05:00,8.216407877782709,8.588989726376036,8.108555606501849,8.343870162963867,271500,0.0,0.0,AEIS,1d
2009-02-13 00:00:00-05:00,8.324259312080791,8.598793868739667,8.314454306116511,8.471331596374512,340000,0.0,0.0,AEIS,1d
2009-02-17 00:00:00-05:00,8.186993559138905,8.56937946874983,7.657534887101027,7.696753978729248,460000,0.0,0.0,AEIS,1d
2009-02-18 00:00:00-05:00,7.824215870644111,8.010506780365212,7.481048602222473,7.6771440505981445,305200,0.0,0.0,AEIS,1d
2009-02-19 00:00:00-05:00,7.765386928323582,7.853630110359025,7.490852843951318,7.539876937866211,353500,0.0,0.0,AEIS,1d
2009-02-20 00:00:00-05:00,7.422219673504559,7.735972378468964,7.392805123649941,7.539876937866211,429900,0.0,0.0,AEIS,1d
2009-02-23 00:00:00-05:00,7.53987757031066,7.75558257306701,6.902566633601497,7.0104193687438965,394900,0.0,0.0,AEIS,1d
2009-02-24 00:00:00-05:00,6.8045178751492275,7.226123277759718,6.127987949428874,6.520179271697998,798200,0.0,0.0,AEIS,1d
2009-02-25 00:00:00-05:00,6.480961407467948,6.559399593196646,6.304475022049912,6.3633036613464355,397300,0.0,0.0,AEIS,1d
2009-02-26 00:00:00-05:00,6.412326750257383,6.892761263395576,6.412326750257383,6.579008102416992,315800,0.0,0.0,AEIS,1d
2009-02-27 00:00:00-05:00,6.422131306221476,6.745688982461113,6.28486404491565,6.6280317306518555,245500,0.0,0.0,AEIS,1d
2009-03-02 00:00:00-05:00,6.4711560589286385,6.6966660647600635,5.696578314448623,5.73579740524292,416700,0.0,0.0,AEIS,1d
2009-03-03 00:00:00-05:00,5.873064202556121,6.05935511694405,5.441654205322266,5.441654205322266,411500,0.0,0.0,AEIS,1d
2009-03-04 00:00:00-05:00,5.559311324500057,5.941697681666392,5.480873145340648,5.873064041137695,366800,0.0,0.0,AEIS,1d
2009-03-05 00:00:00-05:00,5.72599284497461,5.882869207567304,5.471068288233043,5.490677833557129,325700,0.0,0.0,AEIS,1d
2009-03-06 00:00:00-05:00,5.549506664276123,5.686773953890238,5.255363474092566,5.549506664276123,303300,0.0,0.0,AEIS,1d
2009-03-09 00:00:00-04:00,5.4710685668192145,5.686774043896306,5.304387189312862,5.3828253746032715,233600,0.0,0.0,AEIS,1d
2009-03-10 00:00:00-04:00,5.51028711925357,5.843649841584466,5.402434858816976,5.647554397583008,268600,0.0,0.0,AEIS,1d
2009-03-11 00:00:00-04:00,5.676967663623727,6.02993987956955,5.578919955729984,5.824039459228516,196800,0.0,0.0,AEIS,1d
2009-03-12 00:00:00-04:00,5.696578964087814,6.471156796900865,5.618140773554111,6.382914066314697,398400,0.0,0.0,AEIS,1d
2009-03-13 00:00:00-04:00,6.441741832304565,6.529984550878305,5.990721830604362,6.314279556274414,211000,0.0,0.0,AEIS,1d
2009-03-16 00:00:00-04:00,6.4025229120065035,6.4515465419511075,6.000526528301476,6.078964710235596,193300,0.0,0.0,AEIS,1d
2009-03-17 00:00:00-04:00,6.059355552291834,6.588813781738281,6.0397460055541305,6.588813781738281,219300,0.0,0.0,AEIS,1d
2009-03-18 00:00:00-04:00,6.5692028297082485,7.235928211220337,6.461350579487012,7.098660945892334,257100,0.0,0.0,AEIS,1d
2009-03-19 00:00:00-04:00,7.186905079010498,7.314367356291805,6.97120008228927,7.000614166259766,314100,0.0,0.0,AEIS,1d
2009-03-20 00:00:00-04:00,7.079052224293869,7.392805408892474,6.706470872773032,6.77510404586792,300400,0.0,0.0,AEIS,1d
2009-03-23 00:00:00-04:00,6.539789346533055,7.61831521987915,6.539789346533055,7.61831521987915,238400,0.0,0.0,AEIS,1d
2009-03-24 00:00:00-04:00,7.608511727575036,7.696754455439757,7.1574916783874185,7.206515312194824,188100,0.0,0.0,AEIS,1d
2009-03-25 00:00:00-04:00,7.255537644998426,7.6183144103662555,7.039832212732756,7.432023525238037,172100,0.0,0.0,AEIS,1d
2009-03-26 00:00:00-04:00,7.206514119738687,8.137968618294115,7.206514119738687,8.02031135559082,314600,0.0,0.0,AEIS,1d
2009-03-27 00:00:00-04:00,7.853629384880771,8.049724807369229,7.422218987877797,7.432023525238037,313200,0.0,0.0,AEIS,1d
2009-03-30 00:00:00-04:00,7.226123517162816,7.461438505331679,6.892761279588815,7.186904430389404,239400,0.0,0.0,AEIS,1d
2009-03-31 00:00:00-04:00,7.333976755001014,7.7849967521222645,7.216319486411582,7.38300085067749,215600,0.0,0.0,AEIS,1d
2009-04-01 00:00:00-04:00,7.206514342844362,7.824215692452615,7.196709804413085,7.81441068649292,183800,0.0,0.0,AEIS,1d
2009-04-02 00:00:00-04:00,8.000701595714178,8.608597939647115,7.912458412149312,8.471331596374512,244500,0.0,0.0,AEIS,1d
2009-04-03 00:00:00-04:00,8.422307410771433,8.569378758422086,8.108554703753068,8.53996467590332,145700,0.0,0.0,AEIS,1d
2009-04-06 00:00:00-04:00,8.432114031159898,8.68703768689514,8.079141233122328,8.255627632141113,202200,0.0,0.0,AEIS,1d
2009-04-07 00:00:00-04:00,8.098750465685242,8.108555472473322,7.5692917873403385,7.579096794128418,185400,0.0,0.0,AEIS,1d
2009-04-08 00:00:00-04:00,7.6183138761805544,7.91245698928833,7.4712420858624995,7.91245698928833,137900,0.0,0.0,AEIS,1d
2009-04-09 00:00:00-04:00,8.137969245983433,8.726255604874998,8.010506967792708,8.687036514282227,172600,0.0,0.0,AEIS,1d
2009-04-13 00:00:00-04:00,8.520355604847893,8.64781788991036,8.206602863190696,8.441917419433594,123700,0.0,0.0,AEIS,1d
2009-04-14 00:00:00-04:00,8.265429354410701,8.471329759735912,7.9516757769753195,8.137967109680176,147800,0.0,0.0,AEIS,1d
2009-04-15 00:00:00-04:00,8.03011598826737,8.08894509126523,7.794801446389667,8.000701904296875,154200,0.0,0.0,AEIS,1d
2009-04-16 00:00:00-04:00,8.079139397601644,8.539964370867445,8.079139397601644,8.45172119140625,158600,0.0,0.0,AEIS,1d
2009-04-17 00:00:00-04:00,8.481136266142617,8.932156286721318,8.353674919834134,8.843914031982422,197200,0.0,0.0,AEIS,1d
2009-04-20 00:00:00-04:00,8.804693972446879,8.843913998926775,8.314454862130944,8.35367488861084,175200,0.0,0.0,AEIS,1d
2009-04-21 00:00:00-04:00,8.29484382267611,8.843911907830758,8.29484382267611,8.785082817077637,231300,0.0,0.0,AEIS,1d
2009-04-22 00:00:00-04:00,8.559574279380673,9.334152958854787,8.432112935602202,9.079228401184082,208800,0.0,0.0,AEIS,1d
2009-04-23 00:00:00-04:00,9.226299783779721,9.30473796558209,8.226212498271087,8.324259757995605,269700,0.0,0.0,AEIS,1d
2009-04-24 00:00:00-04:00,8.353674936863138,8.353674936863138,7.333977151389868,7.794801712036133,508300,0.0,0.0,AEIS,1d
2009-04-27 00:00:00-04:00,7.637925441201511,8.226212758377327,7.57909680298962,7.873239994049072,371000,0.0,0.0,AEIS,1d
2009-04-28 00:00:00-04:00,7.794801346633857,8.069334975311103,7.716363167011787,7.9222636222839355,158100,0.0,0.0,AEIS,1d
2009-04-29 00:00:00-04:00,7.981090788490801,8.196795262597876,7.9124566966779755,8.137967109680176,203100,0.0,0.0,AEIS,1d
2009-04-30 00:00:00-04:00,8.206602301550703,8.45172184795923,7.6967536637221015,8.26543140411377,472800,0.0,0.0,AEIS,1d
2009-05-01 00:00:00-04:00,8.265430984229313,8.285040060716284,7.932068268439465,8.049725532531738,258600,0.0,0.0,AEIS,1d
2009-05-04 00:00:00-04:00,8.108553960136874,8.863521575927734,7.922262606136438,8.863521575927734,1164500,0.0,0.0,AEIS,1d
2009-05-05 00:00:00-04:00,8.814499875949718,8.814499875949718,8.265432540159663,8.422308921813965,240500,0.0,0.0,AEIS,1d
2009-05-06 00:00:00-04:00,8.539965827393843,8.912547684743823,8.285041251040129,8.794890403747559,351600,0.0,0.0,AEIS,1d
2009-05-07 00:00:00-04:00,8.883133791782758,8.971376053159648,8.245822337014303,8.461527824401855,308500,0.0,0.0,AEIS,1d
2009-05-08 00:00:00-04:00,8.58898905228321,8.667427231614457,8.206602226750741,8.530159950256348,305900,0.0,0.0,AEIS,1d
2009-05-11 00:00:00-04:00,8.353672843867049,8.490939162720169,8.12816242209073,8.226210594177246,298800,0.0,0.0,AEIS,1d
2009-05-12 00:00:00-04:00,8.255624815867508,8.334062980883049,7.912457142632004,8.088943481445312,288800,0.0,0.0,AEIS,1d
2009-05-13 00:00:00-04:00,7.96148298346125,8.19679753034813,7.6575347933014735,7.716363430023193,193600,0.0,0.0,AEIS,1d
2009-05-14 00:00:00-04:00,7.735972091878253,8.167382512750471,7.716362548544442,8.059530258178711,224300,0.0,0.0,AEIS,1d
2009-05-15 00:00:00-04:00,8.04972525274761,8.147773436945053,7.824215270644595,8.059530258178711,259400,0.0,0.0,AEIS,1d
2009-05-18 00:00:00-04:00,8.147772313280885,8.471329967430922,7.971285980087536,8.196795463562012,280500,0.0,0.0,AEIS,1d
2009-05-19 00:00:00-04:00,8.108555606501849,8.510551540888695,8.03992149290773,8.343870162963867,288600,0.0,0.0,AEIS,1d
2009-05-20 00:00:00-04:00,8.402701072816301,8.804697138205299,8.147777354436577,8.186996459960938,353500,0.0,0.0,AEIS,1d
2009-05-21 00:00:00-04:00,8.088946821374353,8.334066422022062,7.7163649161829895,8.039922714233398,177300,0.0,0.0,AEIS,1d
2009-05-22 00:00:00-04:00,8.069334513757923,8.167382700205739,7.892849087231382,8.02031135559082,142900,0.0,0.0,AEIS,1d
2009-05-26 00:00:00-04:00,8.42230641866194,9.226298103218339,8.088943739195127,9.069421768188477,625300,0.0,0.0,AEIS,1d
2009-05-27 00:00:00-04:00,9.030202865600586,9.196884208678057,8.94195969161172,9.030202865600586,463400,0.0,0.0,AEIS,1d
2009-05-28 00:00:00-04:00,9.069421310436674,9.23610264175734,8.93215405668534,9.11844539642334,409000,0.0,0.0,AEIS,1d
2009-05-29 00:00:00-04:00,9.118447780790115,9.265519142150879,9.000790504690123,9.265519142150879,300300,0.0,0.0,AEIS,1d
2009-06-01 00:00:00-04:00,9.3831760936218,10.069511583045362,9.334152931568871,10.030291557312012,235400,0.0,0.0,AEIS,1d
2009-06-02 00:00:00-04:00,9.942047181255774,10.18716667939767,9.696927683113875,9.8734130859375,272800,0.0,0.0,AEIS,1d
2009-06-03 00:00:00-04:00,9.83419358576743,10.089118077416483,9.4812218600618,9.755755424499512,282700,0.0,0.0,AEIS,1d
2009-06-04 00:00:00-04:00,9.853806041886404,10.147949687252257,9.559662396520551,10.098925590515137,256800,0.0,0.0,AEIS,1d
2009-06-05 00:00:00-04:00,10.147950172424316,10.344045633691223,9.912634683847111,10.147950172424316,185400,0.0,0.0,AEIS,1d
2009-06-08 00:00:00-04:00,10.138142161973091,10.1675562386844,9.540050013484418,9.755755424499512,156900,0.0,0.0,AEIS,1d
2009-06-09 00:00:00-04:00,9.824392690895712,10.069512257813585,9.824392690895712,9.844001770019531,82900,0.0,0.0,AEIS,1d
2009-06-10 00:00:00-04:00,9.922441282834603,10.118536775567092,9.549859379114341,10.059708595275879,289700,0.0,0.0,AEIS,1d
2009-06-11 00:00:00-04:00,10.118534367590328,10.402872998150697,10.010682106018066,10.010682106018066,965700,0.0,0.0,AEIS,1d
2009-06-12 00:00:00-04:00,9.92244053253297,10.059707834594553,9.804783245790325,10.020488739013672,88000,0.0,0.0,AEIS,1d
2009-06-15 00:00:00-04:00,9.804781707873426,9.804781707873426,9.491028992439668,9.745952606201172,223000,0.0,0.0,AEIS,1d
2009-06-16 00:00:00-04:00,9.745952174935619,9.755757180623258,9.285128128298302,9.334152221679688,233200,0.0,0.0,AEIS,1d
2009-06-17 00:00:00-04:00,9.304737484068484,9.48122385151921,9.069422950838742,9.324347496032715,97900,0.0,0.0,AEIS,1d
2009-06-18 00:00:00-04:00,9.28512798385546,9.491028424808768,8.932155265045909,9.108641624450684,158600,0.0,0.0,AEIS,1d
2009-06-19 00:00:00-04:00,9.304737126670174,9.334152143486678,8.716450816192106,8.941960334777832,318800,0.0,0.0,AEIS,1d
2009-06-22 00:00:00-04:00,8.843913583233885,8.912546756233924,8.314454471324366,8.334064483642578,251100,0.0,0.0,AEIS,1d
2009-06-23 00:00:00-04:00,8.432113737276225,8.736061486040667,8.392894642756396,8.461527824401855,232300,0.0,0.0,AEIS,1d
2009-06-24 00:00:00-04:00,8.569378850846823,8.804693383648573,8.412502495645656,8.471331596374512,220000,0.0,0.0,AEIS,1d
2009-06-25 00:00:00-04:00,8.451723089598556,8.745866775512695,8.43211400923468,8.745866775512695,220100,0.0,0.0,AEIS,1d
2009-06-26 00:00:00-04:00,8.71644965707956,8.902740063527203,8.63801149277985,8.785082817077637,728700,0.0,0.0,AEIS,1d
2009-06-29 00:00:00-04:00,8.81449862079272,9.069423172208998,8.559574069376444,8.82430362701416,144200,0.0,0.0,AEIS,1d
2009-06-30 00:00:00-04:00,8.814498901367188,9.118447558508798,8.76547480375636,8.814498901367188,203200,0.0,0.0,AEIS,1d
2009-07-01 00:00:00-04:00,8.814500813099547,9.55966464023962,8.794891730836435,9.530250549316406,276600,0.0,0.0,AEIS,1d
2009-07-02 00:00:00-04:00,9.3733726405111,9.530249013564516,8.971375765740541,9.15766716003418,244900,0.0,0.0,AEIS,1d
2009-07-06 00:00:00-04:00,9.108642774017556,9.589076885190087,9.108642774017556,9.265519142150879,271300,0.0,0.0,AEIS,1d
2009-07-07 00:00:00-04:00,9.31454147387184,9.991070916864937,9.31454147387184,9.853804588317871,410100,0.0,0.0,AEIS,1d
2009-07-08 00:00:00-04:00,9.873415856233732,9.922439956628695,9.61849221728242,9.844001770019531,392800,0.0,0.0,AEIS,1d
2009-07-09 00:00:00-04:00,9.883219924591646,10.089120378648008,9.638100380955828,9.942049026489258,568300,0.0,0.0,AEIS,1d
2009-07-10 00:00:00-04:00,9.902828720833385,10.089119139694958,9.794975536441708,10.04990005493164,246300,0.0,0.0,AEIS,1d
2009-07-13 00:00:00-04:00,10.07931349481604,10.187166672360243,9.628293581144252,10.138142585754395,383000,0.0,0.0,AEIS,1d
2009-07-14 00:00:00-04:00,10.108731101718222,10.657798394435929,10.108731101718222,10.638189315795898,366600,0.0,0.0,AEIS,1d
2009-07-15 00:00:00-04:00,10.775454475803167,11.089208114741837,10.746040393578449,11.040184020996094,500100,0.0,0.0,AEIS,1d
2009-07-16 00:00:00-04:00,11.00096543488999,11.373547255275792,10.932331326492042,11.285304069519043,157100,0.0,0.0,AEIS,1d
2009-07-17 00:00:00-04:00,11.314718722040794,11.314718722040794,10.912722797874192,11.167647361755371,279500,0.0,0.0,AEIS,1d
2009-07-20 00:00:00-04:00,11.206864008804285,11.236278087433517,10.893110408217911,11.020572662353516,279600,0.0,0.0,AEIS,1d
2009-07-21 00:00:00-04:00,11.059793565878017,11.246084942990516,10.569554477771016,10.99116039276123,201600,0.0,0.0,AEIS,1d
2009-07-22 00:00:00-04:00,10.981355989639516,11.706909655468865,10.863698714239371,11.55983829498291,564800,0.0,0.0,AEIS,1d
2009-07-23 00:00:00-04:00,11.51081156245331,11.765736068347785,11.383349309506071,11.618664741516113,344900,0.0,0.0,AEIS,1d
2009-07-24 00:00:00-04:00,11.540229679129602,11.540229679129602,10.510727309296005,11.216670989990234,454500,0.0,0.0,AEIS,1d
2009-07-27 00:00:00-04:00,11.128426777675687,11.422569458801709,10.912721334467397,11.383350372314453,628700,0.0,0.0,AEIS,1d
2009-07-28 00:00:00-04:00,11.383350463154802,11.893199526614541,11.118621861017465,11.873589515686035,436300,0.0,0.0,AEIS,1d
2009-07-29 00:00:00-04:00,11.79515276104857,11.893200957372779,11.608862310100848,11.726519584655762,234600,0.0,0.0,AEIS,1d
2009-07-30 00:00:00-04:00,11.853981958688752,12.393245172581342,11.432376020272507,11.75593376159668,566200,0.0,0.0,AEIS,1d
2009-07-31 00:00:00-04:00,11.736323546000794,12.118709420482736,11.60886127615454,11.795151710510254,447200,0.0,0.0,AEIS,1d
2009-08-03 00:00:00-04:00,11.873588783475217,11.873588783475217,11.324521602131464,11.56964111328125,406600,0.0,0.0,AEIS,1d
2009-08-04 00:00:00-04:00,11.510814666748047,11.61866787489725,11.324524206851065,11.510814666748047,215800,0.0,0.0,AEIS,1d
2009-08-05 00:00:00-04:00,11.481401767299946,11.746130441366814,10.981357573437254,11.079405784606934,254200,0.0,0.0,AEIS,1d
2009-08-06 00:00:00-04:00,11.16764762561282,11.216670790161627,10.569555293525351,10.667603492736816,250500,0.0,0.0,AEIS,1d
2009-08-07 00:00:00-04:00,10.87350425001391,11.040185632038378,10.549946493156286,10.657798767089844,229300,0.0,0.0,AEIS,1d
2009-08-10 00:00:00-04:00,10.598968380470204,10.687210621591824,10.196971585095746,10.471506118774414,345200,0.0,0.0,AEIS,1d
2009-08-11 00:00:00-04:00,10.353849574562066,10.62838319207176,10.10873003944992,10.216582298278809,267300,0.0,0.0,AEIS,1d
2009-08-12 00:00:00-04:00,10.255800389200159,10.775453491289905,10.23619037947083,10.48130989074707,338000,0.0,0.0,AEIS,1d
2009-08-13 00:00:00-04:00,10.57935750667356,10.66760067564934,10.098923514535063,10.500919342041016,152100,0.0,0.0,AEIS,1d
2009-08-14 00:00:00-04:00,10.451897989961498,10.677408473573953,10.108731163673916,10.275411605834961,209000,0.0,0.0,AEIS,1d
2009-08-17 00:00:00-04:00,10.04009772521493,10.255803216417437,9.657711780647968,9.893026351928711,321000,0.0,0.0,AEIS,1d
2009-08-18 00:00:00-04:00,9.93224469750226,10.196973336448357,9.804782413914541,10.147950172424316,296900,0.0,0.0,AEIS,1d
2009-08-19 00:00:00-04:00,10.000875341216044,10.500919342041016,9.942047185269976,10.500919342041016,186300,0.0,0.0,AEIS,1d
2009-08-20 00:00:00-04:00,10.442093864907593,10.697018455717696,10.128341097791775,10.344046592712402,242400,0.0,0.0,AEIS,1d
2009-08-21 00:00:00-04:00,10.510727697643203,10.775456353920417,10.138145829315624,10.353851318359375,327800,0.0,0.0,AEIS,1d
2009-08-24 00:00:00-04:00,10.402870854385677,10.726428507482371,10.314628623132931,10.67740535736084,283600,0.0,0.0,AEIS,1d
2009-08-25 00:00:00-04:00,10.657797553391237,10.981355273402453,10.64799254731651,10.86369800567627,157800,0.0,0.0,AEIS,1d
2009-08-26 00:00:00-04:00,10.814673910359481,11.069598457961302,10.775454821117421,10.86369800567627,104300,0.0,0.0,AEIS,1d
2009-08-27 00:00:00-04:00,10.912722861967756,10.912722861967756,10.402873731210908,10.706822395324707,46600,0.0,0.0,AEIS,1d
2009-08-28 00:00:00-04:00,10.795065302867979,10.942136660159315,10.471507568781528,10.71662712097168,141500,0.0,0.0,AEIS,1d
2009-08-31 00:00:00-04:00,10.569555866612795,10.569555866612795,10.020488539417235,10.255803108215332,322800,0.0,0.0,AEIS,1d
2009-09-01 00:00:00-04:00,10.177364341920047,10.608774360270898,10.049902057279429,10.275411605834961,170700,0.0,0.0,AEIS,1d
2009-09-02 00:00:00-04:00,10.206775286715281,10.285213447732648,9.951850795880523,10.187166213989258,178300,0.0,0.0,AEIS,1d
2009-09-03 00:00:00-04:00,10.196973141831782,10.30482634476281,10.098925880598088,10.285216331481934,99600,0.0,0.0,AEIS,1d
2009-09-04 00:00:00-04:00,10.285215877685017,11.314718153085673,10.285215877685017,11.285304069519043,318400,0.0,0.0,AEIS,1d
2009-09-08 00:00:00-04:00,11.35393973066579,11.520621132493668,11.059796025377944,11.26569652557373,264500,0.0,0.0,AEIS,1d
2009-09-09 00:00:00-04:00,11.226473723018744,11.765736848939838,11.216668717897674,11.65788459777832,124500,0.0,0.0,AEIS,1d
2009-09-10 00:00:00-04:00,11.608862965253987,11.84417752764393,11.393157482201396,11.834372520446777,112500,0.0,0.0,AEIS,1d
2009-09-11 00:00:00-04:00,11.81476025564057,12.020660675981604,11.451983502669547,11.648078918457031,227300,0.0,0.0,AEIS,1d
2009-09-14 00:00:00-04:00,11.510813580534947,12.079490848734672,11.471594490833477,12.040271759033203,287300,0.0,0.0,AEIS,1d
2009-09-15 00:00:00-04:00,12.010856782375614,12.461876747932397,11.922613603344992,12.3344144821167,188900,0.0,0.0,AEIS,1d
2009-09-16 00:00:00-04:00,12.35402518909082,12.746216079038499,12.314806100096051,12.540315628051758,175300,0.0,0.0,AEIS,1d
2009-09-17 00:00:00-04:00,12.550120518715268,12.608948684138305,11.961833254143915,12.412853240966797,224100,0.0,0.0,AEIS,1d
2009-09-18 00:00:00-04:00,12.393243515270255,13.02074890056302,12.393243515270255,12.961920738220215,329200,0.0,0.0,AEIS,1d
2009-09-21 00:00:00-04:00,12.756019359793818,13.354110619836117,12.756019359793818,13.32469654083252,498100,0.0,0.0,AEIS,1d
2009-09-22 00:00:00-04:00,13.334504053972088,13.97181451759397,13.334504053972088,13.795328140258789,425400,0.0,0.0,AEIS,1d
2009-09-23 00:00:00-04:00,13.86396282722697,14.01103419108192,13.77571963489123,13.873766899108887,250800,0.0,0.0,AEIS,1d
2009-09-24 00:00:00-04:00,13.952204504531444,14.040447693199035,13.628646769454871,13.795328140258789,554200,0.0,0.0,AEIS,1d
2009-09-25 00:00:00-04:00,13.697281737093059,13.873767190413238,13.550209435093137,13.765914916992188,458800,0.0,0.0,AEIS,1d
2009-09-28 00:00:00-04:00,13.893376266905737,14.15810489654541,13.775718994281783,14.15810489654541,493700,0.0,0.0,AEIS,1d
2009-09-29 00:00:00-04:00,14.11888473305423,14.295371096110872,13.922789293578413,13.932594299316406,496800,0.0,0.0,AEIS,1d
2009-09-30 00:00:00-04:00,13.981617532852662,14.05025069868294,13.667863913935493,13.962007522583008,382700,0.0,0.0,AEIS,1d
2009-10-01 00:00:00-04:00,13.844351159115451,14.256152050772359,13.491379367005308,13.569817543029785,380400,0.0,0.0,AEIS,1d
2009-10-02 00:00:00-04:00,13.461962935299603,13.60903520118571,12.873676676925323,12.893285751342773,355100,0.0,0.0,AEIS,1d
2009-10-05 00:00:00-04:00,12.90309233421608,13.187430960971048,12.667777802085794,13.167821884155273,687200,0.0,0.0,AEIS,1d
2009-10-06 00:00:00-04:00,13.275674755401521,13.726694763608062,13.256065677683086,13.63845157623291,371000,0.0,0.0,AEIS,1d
2009-10-07 00:00:00-04:00,13.618842701631705,13.756109052878635,13.530599512940457,13.697280883789062,299300,0.0,0.0,AEIS,1d
2009-10-08 00:00:00-04:00,13.746304118893022,13.903180473364566,13.609036841202007,13.726694107055664,190700,0.0,0.0,AEIS,1d
2009-10-09 00:00:00-04:00,13.726694037186702,13.903180402597288,13.589426760194378,13.893375396728516,313400,0.0,0.0,AEIS,1d
2009-10-12 00:00:00-04:00,13.8443527293208,14.011034106041764,13.628647253260098,13.746305465698242,167100,0.0,0.0,AEIS,1d
2009-10-13 00:00:00-04:00,13.765913289982434,14.050251918174288,13.501184673762282,13.756108283996582,186800,0.0,0.0,AEIS,1d
2009-10-14 00:00:00-04:00,14.050250946745077,14.24634637761997,13.775717343520228,14.21693229675293,539600,0.0,0.0,AEIS,1d
2009-10-15 00:00:00-04:00,14.138494744530218,14.138494744530218,13.638450672574274,13.932594299316406,273600,0.0,0.0,AEIS,1d
2009-10-16 00:00:00-04:00,13.84435243263161,14.040447890731256,13.393332411473974,13.658061981201172,267600,0.0,0.0,AEIS,1d
2009-10-19 00:00:00-04:00,13.667866425558511,13.775719631747325,13.324699598289635,13.677671432495117,317100,0.0,0.0,AEIS,1d
2009-10-20 00:00:00-04:00,13.69727909526301,13.726693175967045,13.167820967306552,13.363916397094727,255100,0.0,0.0,AEIS,1d
2009-10-21 00:00:00-04:00,13.285480029632682,13.87376639889912,13.099188644738973,13.334504127502441,511600,0.0,0.0,AEIS,1d
2009-10-22 00:00:00-04:00,13.285479266636054,13.560012889860353,12.981530625345092,13.393331527709961,254500,0.0,0.0,AEIS,1d
2009-10-23 00:00:00-04:00,13.295283135862826,13.579621740797354,12.912896349203251,12.971724510192871,333800,0.0,0.0,AEIS,1d
2009-10-26 00:00:00-04:00,13.010946439146888,13.344308248778875,12.481487302247915,12.677583694458008,344700,0.0,0.0,AEIS,1d
2009-10-27 00:00:00-04:00,12.726605686532045,12.9030920492606,12.275586644104513,12.520706176757812,349700,0.0,0.0,AEIS,1d
2009-10-28 00:00:00-04:00,12.520705069955229,12.579533228959928,11.569641105516466,11.932417869567871,585500,0.0,0.0,AEIS,1d
2009-10-29 00:00:00-04:00,12.177541061283442,12.481488823143339,12.010859668628525,12.167736053466797,271500,0.0,0.0,AEIS,1d
2009-10-30 00:00:00-04:00,12.069686872053774,12.226563232087292,11.912809576963394,11.971638679504395,349700,0.0,0.0,AEIS,1d
2009-11-02 00:00:00-05:00,12.050077417815993,12.157929686571748,11.657886499561513,11.75593376159668,191000,0.0,0.0,AEIS,1d
2009-11-03 00:00:00-05:00,11.68729875668384,11.912808265644534,11.049988380436279,11.128426551818848,745700,0.0,0.0,AEIS,1d
2009-11-04 00:00:00-05:00,11.226474525398647,11.285303625272958,10.814673631448931,10.873502731323242,306800,0.0,0.0,AEIS,1d
2009-11-05 00:00:00-05:00,11.069599435983395,11.43237627728876,11.010770329394209,11.255889892578125,285100,0.0,0.0,AEIS,1d
2009-11-06 00:00:00-05:00,11.079402953031762,11.383350646874849,11.049988871221064,11.275498390197754,433900,0.0,0.0,AEIS,1d
2009-11-09 00:00:00-05:00,11.383350518061823,11.618665975055006,11.334327360617667,11.608860969543457,600900,0.0,0.0,AEIS,1d
2009-11-10 00:00:00-05:00,11.569642210068267,12.11870944346288,11.54022812775776,11.893199920654297,416600,0.0,0.0,AEIS,1d
2009-11-11 00:00:00-05:00,12.050077639561446,12.324611287391548,11.873591255570776,12.108906745910645,175500,0.0,0.0,AEIS,1d
2009-11-12 00:00:00-05:00,12.118711279790194,12.285392663234704,11.60886305723878,11.667691230773926,138700,0.0,0.0,AEIS,1d
2009-11-13 00:00:00-05:00,11.746128955990482,11.85398216164978,11.4323762160149,11.814763069152832,102800,0.0,0.0,AEIS,1d
2009-11-16 00:00:00-05:00,11.89319898326838,12.452071178403488,11.863784903276203,12.354023933410645,176200,0.0,0.0,AEIS,1d
2009-11-17 00:00:00-05:00,12.22656220158953,12.481485797629706,12.148124028183817,12.236366271972656,113300,0.0,0.0,AEIS,1d
2009-11-18 00:00:00-05:00,12.206954009750076,12.275588123000295,11.834372163023618,12.108906745910645,137300,0.0,0.0,AEIS,1d
2009-11-19 00:00:00-05:00,11.961832844635717,11.961832844635717,11.255888338329166,11.540227890014648,179100,0.0,0.0,AEIS,1d
2009-11-20 00:00:00-05:00,11.422572543606085,11.628473037034295,11.167648880122089,11.246087074279785,176400,0.0,0.0,AEIS,1d
2009-11-23 00:00:00-05:00,11.45198470984423,11.775542413764565,11.432374698670005,11.540227890014648,204600,0.0,0.0,AEIS,1d
2009-11-24 00:00:00-05:00,11.540227398897919,11.706907811501438,11.275497869652742,11.491203308105469,89600,0.0,0.0,AEIS,1d
2009-11-25 00:00:00-05:00,11.520617944762856,11.559837032278926,11.28530341966644,11.373546600341797,72200,0.0,0.0,AEIS,1d
2009-11-27 00:00:00-05:00,11.000963704696797,11.285302294606067,10.961744621090578,11.04998779296875,72400,0.0,0.0,AEIS,1d
2009-11-30 00:00:00-05:00,11.000965764109981,11.020574842055614,10.510726659729677,10.71662712097168,258300,0.0,0.0,AEIS,1d
2009-12-01 00:00:00-05:00,10.795064741552494,11.030379275005641,10.589164291016782,10.932331085205078,381700,0.0,0.0,AEIS,1d
2009-12-02 00:00:00-05:00,10.922527074799216,11.540228429829432,10.893112056661938,11.324522972106934,231400,0.0,0.0,AEIS,1d
2009-12-03 00:00:00-05:00,11.314716546451953,11.814760571365191,11.148035204814208,11.736322402954102,424200,0.0,0.0,AEIS,1d
2009-12-04 00:00:00-05:00,11.82456556994665,12.187342332420856,11.726517391956119,12.099099159240723,360600,0.0,0.0,AEIS,1d
2009-12-07 00:00:00-05:00,12.059882653944692,12.540316771709673,12.010858554466099,12.501097679138184,530000,0.0,0.0,AEIS,1d
2009-12-08 00:00:00-05:00,12.354028204426509,12.412856384748855,12.059884497643578,12.403051376342773,641600,0.0,0.0,AEIS,1d
2009-12-09 00:00:00-05:00,12.393243085860325,12.393243085860325,12.108904484237312,12.28538990020752,350300,0.0,0.0,AEIS,1d
2009-12-10 00:00:00-05:00,12.314806719396316,12.432463992297496,12.020663069614924,12.157929420471191,287800,0.0,0.0,AEIS,1d
2009-12-11 00:00:00-05:00,12.206952698986045,12.403048140665403,11.971638168970818,12.383439064025879,329100,0.0,0.0,AEIS,1d
2009-12-14 00:00:00-05:00,12.403048976296319,12.461878080292033,11.971638975536338,12.059882164001465,567600,0.0,0.0,AEIS,1d
2009-12-15 00:00:00-05:00,12.00105390257056,12.059883010696522,11.765739340180616,11.834372520446777,687400,0.0,0.0,AEIS,1d
2009-12-16 00:00:00-05:00,11.991249370810534,12.265783972874019,11.971640290695706,12.079492568969727,334800,0.0,0.0,AEIS,1d
2009-12-17 00:00:00-05:00,12.05007735487558,12.363830087840359,11.991248249916232,12.216758728027344,941200,0.0,0.0,AEIS,1d
2009-12-18 00:00:00-05:00,12.354025092578748,13.177625955034745,12.255976903329381,13.167821884155273,1094200,0.0,0.0,AEIS,1d
2009-12-21 00:00:00-05:00,13.22665140949514,13.981620113186052,13.177627309830275,13.77571964263916,859100,0.0,0.0,AEIS,1d
2009-12-22 00:00:00-05:00,13.932595006763693,14.716977739551922,13.863961833226414,14.334590911865234,1152600,0.0,0.0,AEIS,1d
2009-12-23 00:00:00-05:00,14.462053408196766,14.736587041587288,14.275762962160274,14.589515686035156,605800,0.0,0.0,AEIS,1d
2009-12-24 00:00:00-05:00,14.658147100031034,14.667952105238665,14.32478440342567,14.45224666595459,124200,0.0,0.0,AEIS,1d
2009-12-28 00:00:00-05:00,14.481664939608462,14.481664939608462,13.981620782202347,14.177716255187988,296900,0.0,0.0,AEIS,1d
2009-12-29 00:00:00-05:00,14.187519558554818,14.373810001751803,14.167909546083104,14.334590911865234,161600,0.0,0.0,AEIS,1d
2009-12-30 00:00:00-05:00,14.305177784002543,14.707173715963094,14.236544605879597,14.53068733215332,243500,0.0,0.0,AEIS,1d
2009-12-31 00:00:00-05:00,14.530686596727458,15.00131661804839,14.530686596727458,14.785611152648926,353400,0.0,0.0,AEIS,1d
2010-01-04 00:00:00-05:00,15.001314126067328,15.491553143683538,14.913070953287336,15.266042709350586,602700,0.0,0.0,AEIS,1d
2010-01-05 00:00:00-05:00,15.305262134395681,15.511162563784714,15.128776719959895,15.4523344039917,374400,0.0,0.0,AEIS,1d
2010-01-06 00:00:00-05:00,15.422923178917731,16.49164467336106,15.422923178917731,16.334768295288086,679900,0.0,0.0,AEIS,1d
2010-01-07 00:00:00-05:00,16.34457026500117,16.40339842831668,15.697454858189756,15.913159370422363,702900,0.0,0.0,AEIS,1d
2010-01-08 00:00:00-05:00,15.93276695384998,16.21710646175769,15.795500636991532,16.03081512451172,527700,0.0,0.0,AEIS,1d
2010-01-11 00:00:00-05:00,16.07984166959559,16.25632804002423,15.717065792704462,15.815112113952637,627800,0.0,0.0,AEIS,1d
2010-01-12 00:00:00-05:00,15.785699077379746,16.00140360381201,15.619017711918634,15.844527244567871,466400,0.0,0.0,AEIS,1d
2010-01-13 00:00:00-05:00,15.864137144690426,15.962185336052302,15.687650774261789,15.815112113952637,614700,0.0,0.0,AEIS,1d
2010-01-14 00:00:00-05:00,15.736674728140994,16.02101431041207,15.638627466893597,15.952381134033203,495100,0.0,0.0,AEIS,1d
2010-01-15 00:00:00-05:00,16.030819365238205,16.217110751764928,15.226826584274333,15.393507957458496,460700,0.0,0.0,AEIS,1d
2010-01-19 00:00:00-05:00,15.383701925365528,15.697455572534516,15.305263747337492,15.560188293457031,550200,0.0,0.0,AEIS,1d
2010-01-20 00:00:00-05:00,15.442531475373864,15.442531475373864,15.158192837991477,15.315069198608398,319000,0.0,0.0,AEIS,1d
2010-01-21 00:00:00-05:00,15.315069198608398,15.628821919842242,14.903268284460546,15.315069198608398,444100,0.0,0.0,AEIS,1d
2010-01-22 00:00:00-05:00,14.697369290069432,15.001317970306353,13.824744213529904,14.413030624389648,895500,0.0,0.0,AEIS,1d
2010-01-25 00:00:00-05:00,14.481661681577483,14.540489842709746,14.109079899198358,14.45224666595459,373500,0.0,0.0,AEIS,1d
2010-01-26 00:00:00-05:00,14.324784452966522,14.638538075298472,14.079664932268594,14.187518119812012,299200,0.0,0.0,AEIS,1d
2010-01-27 00:00:00-05:00,14.138495616143294,14.599320628613114,13.785523803326738,14.001228332519531,310500,0.0,0.0,AEIS,1d
2010-01-28 00:00:00-05:00,13.991422383576051,14.001226453545923,13.059967477295801,13.275672912597656,708200,0.0,0.0,AEIS,1d
2010-01-29 00:00:00-05:00,13.314894464588557,13.579624039015004,12.726607144789952,12.863874435424805,576500,0.0,0.0,AEIS,1d
2010-02-01 00:00:00-05:00,12.903091220672206,13.216843903102223,12.706995794153446,13.207039833068848,347600,0.0,0.0,AEIS,1d
2010-02-02 00:00:00-05:00,13.040360942526545,13.775719631747325,12.952117750210943,13.677671432495117,500500,0.0,0.0,AEIS,1d
2010-02-03 00:00:00-05:00,13.569818291941464,13.932595109840346,13.236455557910904,13.51098918914795,333400,0.0,0.0,AEIS,1d
2010-02-04 00:00:00-05:00,13.491380657314709,13.60903793260411,12.795241077226404,13.099188804626465,402800,0.0,0.0,AEIS,1d
2010-02-05 00:00:00-05:00,13.099187107283683,13.236454378196532,12.795239419268006,13.158016204833984,306500,0.0,0.0,AEIS,1d
2010-02-08 00:00:00-05:00,13.138407994487325,13.314894376267613,12.95211754098573,13.030555725097656,169800,0.0,0.0,AEIS,1d
2010-02-09 00:00:00-05:00,13.23645543146602,13.501184988922633,12.922702713049466,13.187431335449219,313600,0.0,0.0,AEIS,1d
2010-02-10 00:00:00-05:00,13.1678228330414,13.324699199099586,13.069774636726583,13.265870094299316,241100,0.0,0.0,AEIS,1d
2010-02-11 00:00:00-05:00,13.25606483893188,13.707083883544211,13.079578475348402,13.569817543029785,267700,0.0,0.0,AEIS,1d
2010-02-12 00:00:00-05:00,13.383525956222448,14.128689551404308,13.27567369970539,13.971813201904297,381400,0.0,0.0,AEIS,1d
2010-02-16 00:00:00-05:00,15.579797884659742,15.677845137017972,14.736586091049448,15.344482421875,1432400,0.0,0.0,AEIS,1d
2010-02-17 00:00:00-05:00,15.442532047148672,15.442532047148672,14.971902947872406,15.197412490844727,403500,0.0,0.0,AEIS,1d
2010-02-18 00:00:00-05:00,15.109169300966201,15.236631582451082,14.854244737996439,15.197412490844727,397700,0.0,0.0,AEIS,1d
2010-02-19 00:00:00-05:00,15.197411912220897,15.25624101491903,15.001316461655225,15.118973731994629,456500,0.0,0.0,AEIS,1d
2010-02-22 00:00:00-05:00,15.2170204983653,15.383700914428882,15.128777320118433,15.167996406555176,462700,0.0,0.0,AEIS,1d
2010-02-23 00:00:00-05:00,15.187604209911399,15.285652385317713,14.501269787237296,14.716975212097168,312900,0.0,0.0,AEIS,1d
2010-02-24 00:00:00-05:00,14.815025141906872,15.167997889401498,14.736586961365148,14.854244232177734,280100,0.0,0.0,AEIS,1d
2010-02-25 00:00:00-05:00,14.589514637404818,14.677757818416314,14.138494661723575,14.560100555419922,409200,0.0,0.0,AEIS,1d
2010-02-26 00:00:00-05:00,14.560101380740235,14.569905451919727,14.069862289604966,14.236543655395508,209300,0.0,0.0,AEIS,1d
2010-03-01 00:00:00-05:00,14.354200111412032,14.815024157717035,14.354200111412032,14.560100555419922,473800,0.0,0.0,AEIS,1d
2010-03-02 00:00:00-05:00,14.658147835153677,15.020924630518838,14.618928747413033,14.756196022033691,334400,0.0,0.0,AEIS,1d
2010-03-03 00:00:00-05:00,14.79541565129902,14.94248700194517,14.442442913657315,14.540491104125977,293500,0.0,0.0,AEIS,1d
2010-03-04 00:00:00-05:00,14.609126388053431,14.68756457774324,14.177716344759471,14.207130432128906,447800,0.0,0.0,AEIS,1d
2010-03-05 00:00:00-05:00,14.216935154103068,14.511078827061418,13.952205567923462,14.413030624389648,343700,0.0,0.0,AEIS,1d
2010-03-08 00:00:00-05:00,14.481662634071602,14.540490799073137,14.285566257248291,14.35420036315918,195000,0.0,0.0,AEIS,1d
2010-03-09 00:00:00-05:00,14.236541566500744,14.275760650634766,14.08946929970562,14.275760650634766,268800,0.0,0.0,AEIS,1d
2010-03-10 00:00:00-05:00,14.314982978499637,14.726783922748046,14.14830159939638,14.49146842956543,423000,0.0,0.0,AEIS,1d
2010-03-11 00:00:00-05:00,14.383615622044966,14.805221557617188,14.383615622044966,14.805221557617188,349000,0.0,0.0,AEIS,1d
2010-03-12 00:00:00-05:00,14.893462295946698,16.177889050140415,14.756195956987922,16.04062271118164,1272700,0.0,0.0,AEIS,1d
2010-03-15 00:00:00-04:00,15.95238246817081,16.03082065775147,15.403314206049224,15.481752395629883,808100,0.0,0.0,AEIS,1d
2010-03-16 00:00:00-04:00,15.60921167606842,15.638625757722235,15.148386699893596,15.256239891052246,340800,0.0,0.0,AEIS,1d
2010-03-17 00:00:00-04:00,15.305263398661383,15.609212032888264,15.069948869938079,15.079753875732422,199900,0.0,0.0,AEIS,1d
2010-03-18 00:00:00-04:00,15.079751596943082,15.079751596943082,14.569902593365367,14.79541301727295,291400,0.0,0.0,AEIS,1d
2010-03-19 00:00:00-04:00,14.873854586253618,14.873854586253618,13.844352274191381,14.285567283630371,455800,0.0,0.0,AEIS,1d
2010-03-22 00:00:00-04:00,14.15810464869978,14.520882401760778,13.785523759441276,14.462053298950195,296900,0.0,0.0,AEIS,1d
2010-03-23 00:00:00-04:00,14.491467371633957,15.315069200004753,14.285566914541258,15.217021942138672,328200,0.0,0.0,AEIS,1d
2010-03-24 00:00:00-04:00,15.099362087657173,15.12877710335586,14.579708966051616,14.64834213256836,208600,0.0,0.0,AEIS,1d
2010-03-25 00:00:00-04:00,14.864050975531203,15.315071033881013,14.579712304075258,14.599322319030762,429000,0.0,0.0,AEIS,1d
2010-03-26 00:00:00-04:00,14.707173361186516,14.922878832299851,14.50127289672763,14.805221557617188,291200,0.0,0.0,AEIS,1d
2010-03-29 00:00:00-04:00,14.893463633934553,15.109169102464051,14.74639227610715,15.040535926818848,250700,0.0,0.0,AEIS,1d
2010-03-30 00:00:00-04:00,15.040534746127955,15.550382890288882,14.9522915643359,15.442530632019043,288200,0.0,0.0,AEIS,1d
2010-03-31 00:00:00-04:00,15.373897297090494,16.32496040496797,15.27584911058134,16.236717224121094,684000,0.0,0.0,AEIS,1d
2010-04-01 00:00:00-04:00,16.275934085890103,16.775978056873114,15.56018470751227,15.883743286132812,547500,0.0,0.0,AEIS,1d
2010-04-05 00:00:00-04:00,15.883747534370867,15.962185715301256,15.687651146988017,15.736674308776855,343600,0.0,0.0,AEIS,1d
2010-04-06 00:00:00-04:00,15.599406660827,15.766088015189943,15.511163480863466,15.71706485748291,204100,0.0,0.0,AEIS,1d
2010-04-07 00:00:00-04:00,15.64842977345779,15.66803884830104,15.413115264998392,15.61901569366455,158900,0.0,0.0,AEIS,1d
2010-04-08 00:00:00-04:00,15.511163341466208,15.511163341466208,14.903267027805494,15.030729293823242,303800,0.0,0.0,AEIS,1d
2010-04-09 00:00:00-04:00,15.020923797479671,15.14838605933209,14.864047455217234,14.981704711914062,217100,0.0,0.0,AEIS,1d
2010-04-12 00:00:00-04:00,14.991510206975995,15.177800635736219,14.667952506722015,15.030729293823242,399800,0.0,0.0,AEIS,1d
2010-04-13 00:00:00-04:00,15.020924020400239,15.717064435870316,15.020924020400239,15.599406242370605,355700,0.0,0.0,AEIS,1d
2010-04-14 00:00:00-04:00,15.82491767200946,16.658324522480726,15.82491767200946,16.64851951599121,463900,0.0,0.0,AEIS,1d
2010-04-15 00:00:00-04:00,16.579884922780032,16.66812810352543,16.423008572591232,16.59949493408203,189400,0.0,0.0,AEIS,1d
2010-04-16 00:00:00-04:00,16.57008236468203,16.57988737178132,15.903356842841367,15.991600036621094,476700,0.0,0.0,AEIS,1d
2010-04-19 00:00:00-04:00,15.991597383620476,15.991597383620476,15.158191554638336,15.491554260253906,370000,0.0,0.0,AEIS,1d
2010-04-20 00:00:00-04:00,15.599406124452855,15.971988842624258,15.599406124452855,15.932768821716309,370900,0.0,0.0,AEIS,1d
2010-04-21 00:00:00-04:00,15.913158780834841,16.226911467044395,15.775892448146543,16.197498321533203,276200,0.0,0.0,AEIS,1d
2010-04-22 00:00:00-04:00,16.06023002432799,17.0995381289299,15.785697360565116,17.089733123779297,539600,0.0,0.0,AEIS,1d
2010-04-23 00:00:00-04:00,16.962271001740145,17.089734206661127,15.971989730256126,16.099451065063477,749500,0.0,0.0,AEIS,1d
2010-04-26 00:00:00-04:00,16.050432216574936,16.217113619231252,15.74648256636309,15.756287574768066,318500,0.0,0.0,AEIS,1d
2010-04-27 00:00:00-04:00,15.717064435870316,16.177888464340974,15.452334903081123,15.599406242370605,370500,0.0,0.0,AEIS,1d
2010-04-28 00:00:00-04:00,15.687648610275424,16.00140128326278,15.354285927697996,15.726868629455566,417400,0.0,0.0,AEIS,1d
2010-04-29 00:00:00-04:00,15.815108259826197,15.903351423535742,15.452332471343171,15.883743286132812,195000,0.0,0.0,AEIS,1d
2010-04-30 00:00:00-04:00,15.96218655433918,16.099452910654207,14.432640075683594,14.432640075683594,690200,0.0,0.0,AEIS,1d
2010-05-03 00:00:00-04:00,14.550296078485685,15.03073015361042,14.471857900304375,15.00131607055664,575200,0.0,0.0,AEIS,1d
2010-05-04 00:00:00-04:00,14.746392478606452,14.91307385179674,13.795328337766021,13.952204704284668,666000,0.0,0.0,AEIS,1d
2010-05-05 00:00:00-04:00,13.834547706216723,13.962009990327795,13.344308583508106,13.45216178894043,523700,0.0,0.0,AEIS,1d
2010-05-06 00:00:00-04:00,13.403137353453282,13.540404640988967,10.912722709965449,12.677583694458008,1418400,0.0,0.0,AEIS,1d
2010-05-07 00:00:00-04:00,12.716801681688754,12.746215763943484,11.687299452205032,11.795151710510254,894300,0.0,0.0,AEIS,1d
2010-05-10 00:00:00-04:00,12.648168552489128,12.903093111855734,12.354025837127386,12.452073097229004,862400,0.0,0.0,AEIS,1d
2010-05-11 00:00:00-04:00,12.314808069532111,13.059970879602284,12.099102578035936,12.765828132629395,972600,0.0,0.0,AEIS,1d
2010-05-12 00:00:00-04:00,12.785433504405002,13.010943938074346,12.608947159364359,12.893285751342773,846700,0.0,0.0,AEIS,1d
2010-05-13 00:00:00-04:00,12.883482784626093,13.344306826039892,12.834458691800405,13.21684455871582,1015000,0.0,0.0,AEIS,1d
2010-05-14 00:00:00-04:00,13.099187301278201,13.099187301278201,12.265781463194477,12.65797233581543,465800,0.0,0.0,AEIS,1d
2010-05-17 00:00:00-04:00,12.746215961886774,12.981530493692583,12.167733703238206,12.412853240966797,644700,0.0,0.0,AEIS,1d
2010-05-18 00:00:00-04:00,12.628557597191767,13.07957754477207,12.197146724694042,12.28538990020752,530300,0.0,0.0,AEIS,1d
2010-05-19 00:00:00-04:00,12.265781410811414,12.491290927841186,11.54022783203285,11.804956436157227,654100,0.0,0.0,AEIS,1d
2010-05-20 00:00:00-04:00,11.393158152435312,11.657887751990161,11.069600376350724,11.353939056396484,595900,0.0,0.0,AEIS,1d
2010-05-21 00:00:00-04:00,11.07940208354591,12.167732375700123,10.961744830479784,11.932417869567871,911300,0.0,0.0,AEIS,1d
2010-05-24 00:00:00-04:00,11.883397489246256,12.236369358609485,11.667691990440218,11.706911087036133,532300,0.0,0.0,AEIS,1d
2010-05-25 00:00:00-04:00,11.128427046087461,11.344131559441651,10.716626160510478,11.275498390197754,593800,0.0,0.0,AEIS,1d
2010-05-26 00:00:00-04:00,11.334326909237015,12.059880457174685,11.304911893873804,11.65788459777832,774100,0.0,0.0,AEIS,1d
2010-05-27 00:00:00-04:00,11.991246293514843,12.295194905277183,11.844174957696879,12.28538990020752,484400,0.0,0.0,AEIS,1d
2010-05-28 00:00:00-04:00,12.304999967496505,12.304999967496505,11.863785022936675,12.118708610534668,327500,0.0,0.0,AEIS,1d
2010-06-01 00:00:00-04:00,11.942223240662086,12.481485433322277,11.755931882968369,11.85398006439209,713300,0.0,0.0,AEIS,1d
2010-06-02 00:00:00-04:00,11.991250373858087,12.442270474910027,11.844178987995155,12.403051376342773,388000,0.0,0.0,AEIS,1d
2010-06-03 00:00:00-04:00,12.354024938325612,12.834459002523754,12.354024938325612,12.7462158203125,548800,0.0,0.0,AEIS,1d
2010-06-04 00:00:00-04:00,12.667777901048963,12.912897441030472,12.442267438036417,12.540315628051758,1280700,0.0,0.0,AEIS,1d
2010-06-07 00:00:00-04:00,12.628558263650616,12.716801443821034,11.45198470984423,11.540227890014648,741400,0.0,0.0,AEIS,1d
2010-06-08 00:00:00-04:00,11.638280401660623,11.804961831760691,11.11862702637894,11.589256286621094,713200,0.0,0.0,AEIS,1d
2010-06-09 00:00:00-04:00,11.687300197078935,12.14812521203823,11.530423834979654,11.638276100158691,777300,0.0,0.0,AEIS,1d
2010-06-10 00:00:00-04:00,11.932418133210357,12.304999910346847,11.795150867405308,12.28538990020752,480000,0.0,0.0,AEIS,1d
2010-06-11 00:00:00-04:00,12.040272561729527,12.89328852089766,11.961834377097302,12.863874435424805,441100,0.0,0.0,AEIS,1d
2010-06-14 00:00:00-04:00,12.971725576512837,13.530598762196071,12.912897410687341,13.001140594482422,526500,0.0,0.0,AEIS,1d
2010-06-15 00:00:00-04:00,13.16782144318833,14.060056382262253,13.079578262830374,13.971813201904297,395000,0.0,0.0,AEIS,1d
2010-06-16 00:00:00-04:00,13.785521521706613,14.011031019918137,13.618840181699525,13.88356876373291,380500,0.0,0.0,AEIS,1d
2010-06-17 00:00:00-04:00,14.030642841259422,14.069861930145992,13.452160578889858,13.756108283996582,343200,0.0,0.0,AEIS,1d
2010-06-18 00:00:00-04:00,13.834546317900841,14.011032683583506,13.658060887275001,13.991423606872559,445100,0.0,0.0,AEIS,1d
2010-06-21 00:00:00-04:00,14.138496394674693,14.746392795527466,13.736500463066966,13.942400932312012,660500,0.0,0.0,AEIS,1d
2010-06-22 00:00:00-04:00,13.962010011019819,14.216934579619766,13.805133641129673,13.942400932312012,447400,0.0,0.0,AEIS,1d
2010-06-23 00:00:00-04:00,13.922788182145487,13.991422281775687,13.560011414310884,13.707082748413086,232300,0.0,0.0,AEIS,1d
2010-06-24 00:00:00-04:00,13.63845193121596,13.7561092057596,13.10899372824113,13.265870094299316,297800,0.0,0.0,AEIS,1d
2010-06-25 00:00:00-04:00,13.334502755520191,13.334502755520191,12.77562959339822,13.21684455871582,863200,0.0,0.0,AEIS,1d
2010-06-28 00:00:00-04:00,13.167823321529179,13.667866523125564,13.010946949651336,13.412942886352539,347300,0.0,0.0,AEIS,1d
2010-06-29 00:00:00-04:00,13.138407477123248,13.207041586811194,12.40304882873821,12.589340209960938,430900,0.0,0.0,AEIS,1d
2010-06-30 00:00:00-04:00,12.618753739640301,12.765826023889403,11.942224224276302,12.050076484680176,324500,0.0,0.0,AEIS,1d
2010-07-01 00:00:00-04:00,12.040272411095405,12.128515601466889,11.422571013551918,11.75593376159668,448200,0.0,0.0,AEIS,1d
2010-07-02 00:00:00-04:00,11.863786681993435,11.863786681993435,11.569643032800968,11.765738487243652,393800,0.0,0.0,AEIS,1d
2010-07-06 00:00:00-04:00,11.971636674029499,12.383437517661509,11.804955335651938,11.942222595214844,535900,0.0,0.0,AEIS,1d
2010-07-07 00:00:00-04:00,11.942226011705294,12.716803832502094,11.71671551612657,12.706998825073242,393500,0.0,0.0,AEIS,1d
2010-07-08 00:00:00-04:00,12.834459789699391,13.167822527362784,12.608949317433087,12.88348388671875,433700,0.0,0.0,AEIS,1d
2010-07-09 00:00:00-04:00,12.893287711363877,13.403136814518247,12.677583184697207,13.383526802062988,375600,0.0,0.0,AEIS,1d
2010-07-12 00:00:00-04:00,13.295283662316814,13.501184104047057,12.88348277885633,13.118797302246094,286100,0.0,0.0,AEIS,1d
2010-07-13 00:00:00-04:00,13.363915669329069,13.971811936096277,13.285477501685346,13.88356876373291,335700,0.0,0.0,AEIS,1d
2010-07-14 00:00:00-04:00,13.82474480967022,14.216935767155148,13.27567653413432,13.314895629882812,558100,0.0,0.0,AEIS,1d
2010-07-15 00:00:00-04:00,13.383527675922517,13.560014059315835,13.187432213850455,13.45216178894043,402300,0.0,0.0,AEIS,1d
2010-07-16 00:00:00-04:00,13.32469654083252,13.579621052348271,13.148210196697505,13.32469654083252,313400,0.0,0.0,AEIS,1d
2010-07-19 00:00:00-04:00,13.383526312234306,13.942399491015548,13.383526312234306,13.893375396728516,445900,0.0,0.0,AEIS,1d
2010-07-20 00:00:00-04:00,13.618841355879985,13.658060443083212,13.11879729274624,13.579622268676758,475100,0.0,0.0,AEIS,1d
2010-07-21 00:00:00-04:00,13.687474711342,13.765912886817912,13.314892910303012,13.540403366088867,305700,0.0,0.0,AEIS,1d
2010-07-22 00:00:00-04:00,14.707172618192786,16.766177158762517,14.707172618192786,16.668128967285156,2541000,0.0,0.0,AEIS,1d
2010-07-23 00:00:00-04:00,16.599493289573445,17.01129413555041,16.57007827553458,16.85441780090332,1210400,0.0,0.0,AEIS,1d
2010-07-26 00:00:00-04:00,16.81519283594644,17.256408566177367,16.717144688104806,17.226993560791016,1025000,0.0,0.0,AEIS,1d
2010-07-27 00:00:00-04:00,17.246610711174352,17.550558412334187,16.864224833259925,17.07992935180664,475600,0.0,0.0,AEIS,1d
2010-07-28 00:00:00-04:00,16.94266379729066,17.177978338488813,16.22691329726832,16.56027603149414,661900,0.0,0.0,AEIS,1d
2010-07-29 00:00:00-04:00,16.658326845872935,16.87403140838604,15.766091702135336,15.981796264648438,581700,0.0,0.0,AEIS,1d
2010-07-30 00:00:00-04:00,15.687651472286799,17.295635149759782,15.57979920503531,17.26622200012207,1405000,0.0,0.0,AEIS,1d
2010-08-02 00:00:00-04:00,17.45251352018364,18.168264122133614,17.227003953185566,17.49173355102539,1095600,0.0,0.0,AEIS,1d
2010-08-03 00:00:00-04:00,17.403484461921202,17.854503443279953,17.315241292505206,17.432899475097656,587600,0.0,0.0,AEIS,1d
2010-08-04 00:00:00-04:00,17.491733906424273,17.874119864330712,17.217199295295984,17.80548667907715,382300,0.0,0.0,AEIS,1d
2010-08-05 00:00:00-04:00,17.68782361547873,17.68782361547873,17.197584626625506,17.511337280273438,221500,0.0,0.0,AEIS,1d
2010-08-06 00:00:00-04:00,17.128950451479017,17.32504680484459,16.511250117570277,16.85441780090332,466300,0.0,0.0,AEIS,1d
2010-08-09 00:00:00-04:00,16.942665932373952,17.432905089177567,16.550473110839885,17.40349006652832,488000,0.0,0.0,AEIS,1d
2010-08-10 00:00:00-04:00,17.1093423122332,17.187780479556743,16.57007827553458,16.85441780090332,256300,0.0,0.0,AEIS,1d
2010-08-11 00:00:00-04:00,16.41320549622203,16.472033666929356,15.442532264038956,15.648432731628418,550000,0.0,0.0,AEIS,1d
2010-08-12 00:00:00-04:00,15.226826182883654,15.226826182883654,14.628734817555209,15.177802085876465,947000,0.0,0.0,AEIS,1d
2010-08-13 00:00:00-04:00,15.187605852332052,15.442530387911201,15.060143584542477,15.089558601379395,414400,0.0,0.0,AEIS,1d
2010-08-16 00:00:00-04:00,14.942486940193612,15.736673726491695,14.775805578119824,15.560188293457031,318500,0.0,0.0,AEIS,1d
2010-08-17 00:00:00-04:00,15.697451606063836,16.373981889429366,15.697451606063836,15.962181091308594,277000,0.0,0.0,AEIS,1d
2010-08-18 00:00:00-04:00,15.854332011257261,16.373986112223605,15.707260660452052,16.246522903442383,377800,0.0,0.0,AEIS,1d
2010-08-19 00:00:00-04:00,16.11906030264789,16.31515479832935,15.579797166825168,15.599406242370605,447800,0.0,0.0,AEIS,1d
2010-08-20 00:00:00-04:00,15.569991311697592,15.815109885448978,15.22682362534356,15.266042709350586,290000,0.0,0.0,AEIS,1d
2010-08-23 00:00:00-04:00,15.403311682947828,15.658236224856173,15.001315793430651,15.10916805267334,282100,0.0,0.0,AEIS,1d
2010-08-24 00:00:00-04:00,14.815024861974607,15.040535328063656,14.550296241412596,14.76600170135498,497600,0.0,0.0,AEIS,1d
2010-08-25 00:00:00-04:00,14.609124244593247,15.040535159647295,14.09927608641473,15.00131607055664,559800,0.0,0.0,AEIS,1d
2010-08-26 00:00:00-04:00,15.118972471360925,15.285653824207918,14.442442054498002,14.471857070922852,360800,0.0,0.0,AEIS,1d
2010-08-27 00:00:00-04:00,14.716978191553046,15.069950011372951,14.344396358659147,15.040535926818848,373500,0.0,0.0,AEIS,1d
2010-08-30 00:00:00-04:00,14.952292181279145,15.37389809610062,14.285566722502274,14.403223991394043,455400,0.0,0.0,AEIS,1d
2010-08-31 00:00:00-04:00,14.393417875361159,14.501270122758159,13.579621179852435,13.814935684204102,571900,0.0,0.0,AEIS,1d
2010-09-01 00:00:00-04:00,14.138494794235669,14.60912385063218,14.050251612397119,14.226737976074219,458200,0.0,0.0,AEIS,1d
2010-09-02 00:00:00-04:00,14.22673835972357,15.089559254774825,14.138495175505385,15.00131607055664,624400,0.0,0.0,AEIS,1d
2010-09-03 00:00:00-04:00,15.148386248862487,15.78569756609836,15.109167162806184,15.403310775756836,740100,0.0,0.0,AEIS,1d
2010-09-07 00:00:00-04:00,15.246436150643914,15.266045228354702,14.61892976793181,14.687562942504883,875200,0.0,0.0,AEIS,1d
2010-09-08 00:00:00-04:00,14.69736688060245,14.73658596823024,13.520793316711924,13.903180122375488,1283000,0.0,0.0,AEIS,1d
2010-09-09 00:00:00-04:00,14.109082390356505,14.13849647611611,13.481575972124402,13.873766899108887,596500,0.0,0.0,AEIS,1d
2010-09-10 00:00:00-04:00,13.903181264310959,14.02083853685809,13.82474308261287,13.863962173461914,561300,0.0,0.0,AEIS,1d
2010-09-13 00:00:00-04:00,14.020837166618284,14.962096190064099,14.020837166618284,14.30517578125,687200,0.0,0.0,AEIS,1d
2010-09-14 00:00:00-04:00,14.305178640097063,14.756198698446873,14.118887238247698,14.599322319030762,400300,0.0,0.0,AEIS,1d
2010-09-15 00:00:00-04:00,14.481661919301814,14.491465989613623,13.962007855448103,14.148299217224121,452600,0.0,0.0,AEIS,1d
2010-09-16 00:00:00-04:00,14.089470838819818,14.09927584468859,13.48157450080837,13.893375396728516,479900,0.0,0.0,AEIS,1d
2010-09-17 00:00:00-04:00,14.089471552208558,14.16790973301662,13.040360182608076,13.344307899475098,1849800,0.0,0.0,AEIS,1d
2010-09-20 00:00:00-04:00,13.354108610527469,13.67766623605351,13.21684137073656,13.560009002685547,585900,0.0,0.0,AEIS,1d
2010-09-21 00:00:00-04:00,13.58942778316558,14.10908191264656,13.442356424290221,13.92279052734375,738400,0.0,0.0,AEIS,1d
2010-09-22 00:00:00-04:00,13.540404484777314,13.550208556229196,11.942224891066925,12.059882164001465,1961700,0.0,0.0,AEIS,1d
2010-09-23 00:00:00-04:00,11.95202893519998,12.334415772655877,11.677495298980222,11.765738487243652,1219000,0.0,0.0,AEIS,1d
2010-09-24 00:00:00-04:00,12.01085725730669,12.393244069874052,11.952028157274471,12.383439064025879,1350100,0.0,0.0,AEIS,1d
2010-09-27 00:00:00-04:00,12.44226723214981,12.657972685580098,12.324609967112423,12.481486320495605,361700,0.0,0.0,AEIS,1d
2010-09-28 00:00:00-04:00,12.550121789760103,12.667779067579042,12.02066357204642,12.599145889282227,508200,0.0,0.0,AEIS,1d
2010-09-29 00:00:00-04:00,12.648166243255979,12.971723919126012,12.599143089683993,12.893285751342773,630400,0.0,0.0,AEIS,1d
2010-09-30 00:00:00-04:00,13.01094460900714,13.148210942177833,12.324609202926617,12.805044174194336,593100,0.0,0.0,AEIS,1d
2010-10-01 00:00:00-04:00,12.971725838316953,13.030554940386615,12.5991449537509,12.79524040222168,353600,0.0,0.0,AEIS,1d
2010-10-04 00:00:00-04:00,12.726605971433665,12.93250642087406,12.36382916719237,12.51090145111084,393100,0.0,0.0,AEIS,1d
2010-10-05 00:00:00-04:00,12.736409415776299,13.108991180275035,12.540313996318206,12.893285751342773,418300,0.0,0.0,AEIS,1d
2010-10-06 00:00:00-04:00,12.89328823927306,13.010946448708339,12.706997788604847,12.873679161071777,316400,0.0,0.0,AEIS,1d
2010-10-07 00:00:00-04:00,13.02074809254908,13.079577186297977,12.667776335225872,12.824652671813965,219900,0.0,0.0,AEIS,1d
2010-10-08 00:00:00-04:00,12.863873652116709,12.92270275453711,12.481486824026256,12.628559112548828,532500,0.0,0.0,AEIS,1d
2010-10-11 00:00:00-04:00,12.70699486703163,13.001138452876981,12.491289446070818,12.84426212310791,542300,0.0,0.0,AEIS,1d
2010-10-12 00:00:00-04:00,12.834460563760297,13.510990151247723,12.569730984923739,13.412942886352539,1031300,0.0,0.0,AEIS,1d
2010-10-13 00:00:00-04:00,13.501185349344034,14.069862634183616,13.501185349344034,13.863962173461914,871500,0.0,0.0,AEIS,1d
2010-10-14 00:00:00-04:00,13.893376852148622,14.53068733947191,13.66786636882734,14.432640075683594,941700,0.0,0.0,AEIS,1d
2010-10-15 00:00:00-04:00,14.67775855386502,14.834634912387378,14.177714459782369,14.403223991394043,807800,0.0,0.0,AEIS,1d
2010-10-18 00:00:00-04:00,14.491467979978637,14.903268911451237,14.216934337349207,14.834635734558105,686800,0.0,0.0,AEIS,1d
2010-10-19 00:00:00-04:00,14.56990328609655,14.716975552608883,13.805130679425268,13.814935684204102,796700,0.0,0.0,AEIS,1d
2010-10-20 00:00:00-04:00,13.756109259394302,14.42283475279804,13.746305187770115,14.050252914428711,795500,0.0,0.0,AEIS,1d
2010-10-21 00:00:00-04:00,14.13849608730953,14.265958368838525,13.108993763465262,13.658061981201172,891100,0.0,0.0,AEIS,1d
2010-10-22 00:00:00-04:00,13.65806181446402,14.167909999298889,13.481575436800426,14.089471817016602,646100,0.0,0.0,AEIS,1d
2010-10-25 00:00:00-04:00,14.177715204348777,14.452248846180494,14.030643844274582,14.24634838104248,401400,0.0,0.0,AEIS,1d
2010-10-26 00:00:00-04:00,14.17771321057795,14.413027727627822,13.942398693528078,14.21693229675293,262500,0.0,0.0,AEIS,1d
2010-10-27 00:00:00-04:00,14.148300122526013,14.63853920164271,13.991423766817766,14.609124183654785,336100,0.0,0.0,AEIS,1d
2010-10-28 00:00:00-04:00,14.707171504848299,14.707171504848299,13.854155669773911,14.079665184020996,345500,0.0,0.0,AEIS,1d
2010-10-29 00:00:00-04:00,14.040446097410339,14.422832893156837,13.962007924189024,14.079665184020996,440800,0.0,0.0,AEIS,1d
2010-11-01 00:00:00-04:00,14.109080263019225,14.246346599238603,12.275586319467475,12.3344144821167,3666500,0.0,0.0,AEIS,1d
2010-11-02 00:00:00-04:00,12.481487758526457,12.77563142253754,12.236368194360043,12.726607322692871,1113600,0.0,0.0,AEIS,1d
2010-11-03 00:00:00-04:00,12.706997671768466,12.942312218361593,12.36382992336082,12.550121307373047,1089000,0.0,0.0,AEIS,1d
2010-11-04 00:00:00-04:00,12.775630869379821,13.030555429488862,12.687387680491545,12.942312240600586,700500,0.0,0.0,AEIS,1d
2010-11-05 00:00:00-04:00,12.981529663035184,13.030553754455333,12.697191054866446,12.736410140991211,802100,0.0,0.0,AEIS,1d
2010-11-08 00:00:00-05:00,12.677582884837538,12.70699696776784,12.206952882668517,12.344220161437988,1778100,0.0,0.0,AEIS,1d
2010-11-09 00:00:00-05:00,12.412853982805085,12.736411717139292,12.00105306000575,12.059882164001465,1852300,0.0,0.0,AEIS,1d
2010-11-10 00:00:00-05:00,12.089294154430325,12.226561416605724,11.961831897065325,12.099099159240723,681000,0.0,0.0,AEIS,1d
2010-11-11 00:00:00-05:00,11.98144444602909,12.001053524749103,11.687300784773521,11.814763069152832,1435600,0.0,0.0,AEIS,1d
2010-11-12 00:00:00-05:00,11.746129912526738,11.873592207285835,11.38335304362331,11.520620346069336,664500,0.0,0.0,AEIS,1d
2010-11-15 00:00:00-05:00,11.52061666443099,11.863784343351616,11.481397581273495,11.648078918457031,567200,0.0,0.0,AEIS,1d
2010-11-16 00:00:00-05:00,11.461788571641392,11.834370361655326,11.304912225331691,11.481398582458496,709600,0.0,0.0,AEIS,1d
2010-11-17 00:00:00-05:00,11.559840117456108,11.736326525908845,11.402963725523477,11.432377815246582,410800,0.0,0.0,AEIS,1d
2010-11-18 00:00:00-05:00,11.677495477356329,11.893200948066667,11.510814104769734,11.530424118041992,388100,0.0,0.0,AEIS,1d
2010-11-19 00:00:00-05:00,11.481398486440463,11.638274831438222,11.33432714676926,11.451984405517578,358700,0.0,0.0,AEIS,1d
2010-11-22 00:00:00-05:00,11.42256957335724,11.550031839483315,11.295108242287952,11.412765502929688,533200,0.0,0.0,AEIS,1d
2010-11-23 00:00:00-05:00,11.275501163324662,11.412768470629146,11.177452953099028,11.246087074279785,661900,0.0,0.0,AEIS,1d
2010-11-24 00:00:00-05:00,11.373547842696906,11.785348774125866,11.373547842696906,11.55983829498291,470600,0.0,0.0,AEIS,1d
2010-11-26 00:00:00-05:00,11.501008631427748,11.70690908714661,11.412766380454118,11.579447746276855,193900,0.0,0.0,AEIS,1d
2010-11-29 00:00:00-05:00,11.442182154687892,11.540230361443196,11.275500764238075,11.520620346069336,354200,0.0,0.0,AEIS,1d
2010-11-30 00:00:00-05:00,11.353936222365594,11.491203491767017,11.226473958290722,11.451984405517578,549100,0.0,0.0,AEIS,1d
2010-12-01 00:00:00-05:00,11.667688667842638,12.050075452053614,11.59905550210865,11.65788459777832,507100,0.0,0.0,AEIS,1d
2010-12-02 00:00:00-05:00,11.755934518371856,12.079492280524699,11.667691322319815,11.991249084472656,435600,0.0,0.0,AEIS,1d
2010-12-03 00:00:00-05:00,11.942225917827715,12.040273186174565,11.726520431373498,11.991249084472656,354100,0.0,0.0,AEIS,1d
2010-12-06 00:00:00-05:00,11.912809501760023,12.236367226050808,11.893200424408052,12.138319969177246,409200,0.0,0.0,AEIS,1d
2010-12-07 00:00:00-05:00,12.305003068160662,12.510903552179782,12.069688496440808,12.079492568969727,523600,0.0,0.0,AEIS,1d
2010-12-08 00:00:00-05:00,12.187345504760742,12.324611867609557,11.991249097736207,12.187345504760742,387900,0.0,0.0,AEIS,1d
2010-12-09 00:00:00-05:00,12.23636522009183,12.324608391351763,12.138317979291566,12.206951141357422,310700,0.0,0.0,AEIS,1d
2010-12-10 00:00:00-05:00,12.314806393124986,12.716802298650999,12.226563207022815,12.628559112548828,593400,0.0,0.0,AEIS,1d
2010-12-13 00:00:00-05:00,12.648168567591739,12.74621676286732,12.501097209735256,12.550121307373047,518400,0.0,0.0,AEIS,1d
2010-12-14 00:00:00-05:00,12.648167679729443,12.952116315701979,12.452072238000465,12.481486320495605,995900,0.0,0.0,AEIS,1d
2010-12-15 00:00:00-05:00,12.530510414692056,12.599144520589816,12.41285314965467,12.481486320495605,776300,0.0,0.0,AEIS,1d
2010-12-16 00:00:00-05:00,12.559925079345703,12.638363253833404,12.520705992101853,12.559925079345703,362100,0.0,0.0,AEIS,1d
2010-12-17 00:00:00-05:00,12.991332146705243,13.80512872712829,12.922698993072833,13.716885566711426,1527100,0.0,0.0,AEIS,1d
2010-12-20 00:00:00-05:00,13.854152553633739,14.099272023581138,13.412937694739737,13.560009002685547,575400,0.0,0.0,AEIS,1d
2010-12-21 00:00:00-05:00,13.589426808354371,13.77571818029393,13.49137955448966,13.628645896911621,310100,0.0,0.0,AEIS,1d
2010-12-22 00:00:00-05:00,13.658059297817331,14.040445132220492,13.540402046073535,13.981616973876953,408400,0.0,0.0,AEIS,1d
2010-12-23 00:00:00-05:00,14.05025309242055,14.187520382524049,13.510989873868777,13.618843078613281,340800,0.0,0.0,AEIS,1d
2010-12-27 00:00:00-05:00,13.530599790608045,13.726695250025601,13.207042048804851,13.68747615814209,254200,0.0,0.0,AEIS,1d
2010-12-28 00:00:00-05:00,13.736499067369998,13.765913149971553,13.383526335924044,13.432550430297852,295500,0.0,0.0,AEIS,1d
2010-12-29 00:00:00-05:00,13.540404590509919,13.677670942476974,13.334504127502441,13.334504127502441,405300,0.0,0.0,AEIS,1d
2010-12-30 00:00:00-05:00,13.354113590375938,13.540404980637089,13.26587039867928,13.45216178894043,338600,0.0,0.0,AEIS,1d
2010-12-31 00:00:00-05:00,13.432551198658492,13.569818483745669,13.363918023643345,13.373723030090332,412200,0.0,0.0,AEIS,1d
2011-01-03 00:00:00-05:00,13.609036631042024,13.88357024712769,13.452160278993071,13.569817543029785,536600,0.0,0.0,AEIS,1d
2011-01-04 00:00:00-05:00,13.658060452973567,13.707083610720504,13.099187291101881,13.118797302246094,465600,0.0,0.0,AEIS,1d
2011-01-05 00:00:00-05:00,13.040359612153829,13.452160510910241,13.020749600281222,13.167821884155273,454300,0.0,0.0,AEIS,1d
2011-01-06 00:00:00-05:00,13.148214053666138,13.334505457135656,13.001142680448718,13.05997085571289,381100,0.0,0.0,AEIS,1d
2011-01-07 00:00:00-05:00,13.158017251861882,13.285479527482822,12.883483623247395,13.187431335449219,315100,0.0,0.0,AEIS,1d
2011-01-10 00:00:00-05:00,13.197234367870724,13.442353876237522,13.059967106564898,13.256063461303711,472500,0.0,0.0,AEIS,1d
2011-01-11 00:00:00-05:00,13.305088343623655,13.716889245988526,13.305088343623655,13.393331527709961,456300,0.0,0.0,AEIS,1d
2011-01-12 00:00:00-05:00,13.491379767372779,14.599320205418541,13.491379767372779,14.540491104125977,988100,0.0,0.0,AEIS,1d
2011-01-13 00:00:00-05:00,14.48166331157268,14.638539672325074,14.285566925575319,14.462053298950195,458100,0.0,0.0,AEIS,1d
2011-01-14 00:00:00-05:00,14.6189292311206,15.069949222589651,14.442442862919759,14.903267860412598,1133500,0.0,0.0,AEIS,1d
2011-01-18 00:00:00-05:00,15.08955980548712,15.138582967346968,14.618929784166188,14.785611152648926,433600,0.0,0.0,AEIS,1d
2011-01-19 00:00:00-05:00,14.844438458748979,14.991509796636398,14.295370322859538,14.45224666595459,523800,0.0,0.0,AEIS,1d
2011-01-20 00:00:00-05:00,14.383615479086542,14.403224557143643,14.079666821217923,14.285567283630371,401700,0.0,0.0,AEIS,1d
2011-01-21 00:00:00-05:00,14.37380910596273,14.550295466981924,14.06005640642354,14.06986141204834,309900,0.0,0.0,AEIS,1d
2011-01-24 00:00:00-05:00,14.14830159939638,14.530687522586378,14.079667485317021,14.49146842956543,339900,0.0,0.0,AEIS,1d
2011-01-25 00:00:00-05:00,14.481664167812315,14.599321445333189,14.1188863933018,14.53068733215332,303200,0.0,0.0,AEIS,1d
2011-01-26 00:00:00-05:00,14.628732543489926,14.952290224360064,14.324783937340268,14.864047050476074,366700,0.0,0.0,AEIS,1d
2011-01-27 00:00:00-05:00,14.90326836232639,15.158192917189238,14.756197007243832,15.05034065246582,274600,0.0,0.0,AEIS,1d
2011-01-28 00:00:00-05:00,15.050339810592472,15.099362969506528,14.44244254144454,14.520881652832031,456400,0.0,0.0,AEIS,1d
2011-01-31 00:00:00-05:00,14.648342883432772,15.49155467554903,14.648342883432772,15.14838695526123,757500,0.0,0.0,AEIS,1d
2011-02-01 00:00:00-05:00,15.45233603243269,15.785698756580267,15.393506931383243,15.560188293457031,661200,0.0,0.0,AEIS,1d
2011-02-02 00:00:00-05:00,15.491557028358505,15.932772067841176,15.315070638542654,15.658238410949707,340100,0.0,0.0,AEIS,1d
2011-02-03 00:00:00-05:00,15.609208791246086,16.17788591842247,15.442527467585084,15.883743286132812,587100,0.0,0.0,AEIS,1d
2011-02-04 00:00:00-05:00,15.069948843601498,15.177801101980323,14.462052511266927,14.883658409118652,997000,0.0,0.0,AEIS,1d
2011-02-07 00:00:00-05:00,14.962095855837763,15.275848544958764,14.864047672959064,15.138581275939941,753800,0.0,0.0,AEIS,1d
2011-02-08 00:00:00-05:00,15.177802371157261,15.23663147568301,14.952292829765161,15.069950103759766,272200,0.0,0.0,AEIS,1d
2011-02-09 00:00:00-05:00,15.069950191888957,15.138583368356285,14.707173361186516,14.805221557617188,474500,0.0,0.0,AEIS,1d
2011-02-10 00:00:00-05:00,14.726782446922053,15.069949242701076,14.569905155502592,15.00131607055664,467800,0.0,0.0,AEIS,1d
2011-02-11 00:00:00-05:00,14.981706822653752,15.099364095927054,14.766002289181143,15.040535926818848,383700,0.0,0.0,AEIS,1d
2011-02-14 00:00:00-05:00,15.08956144772659,15.56019058521054,15.08956144772659,15.481752395629883,564900,0.0,0.0,AEIS,1d
2011-02-15 00:00:00-05:00,15.530774556774423,15.530774556774423,13.942400013702974,14.236543655395508,2070700,0.0,0.0,AEIS,1d
2011-02-16 00:00:00-05:00,14.83463640671985,15.13858414821017,14.37381135584765,14.844441413879395,1010500,0.0,0.0,AEIS,1d
2011-02-17 00:00:00-05:00,14.81502497317243,15.128778626822726,14.775805883348252,14.991511344909668,567700,0.0,0.0,AEIS,1d
2011-02-18 00:00:00-05:00,15.020925261065479,15.295459821831177,14.952292088402478,15.226825714111328,801900,0.0,0.0,AEIS,1d
2011-02-22 00:00:00-05:00,15.06995097418002,15.393508730117668,14.815026398272495,15.334680557250977,990900,0.0,0.0,AEIS,1d
2011-02-23 00:00:00-05:00,15.35428857353353,15.6582372291587,14.815025372618678,15.2072172164917,898100,0.0,0.0,AEIS,1d
2011-02-24 00:00:00-05:00,15.207217105114905,15.236631189296467,14.78561117993271,15.177802085876465,543000,0.0,0.0,AEIS,1d
2011-02-25 00:00:00-05:00,15.226824754325037,15.687649726867676,15.177800661917217,15.687649726867676,523100,0.0,0.0,AEIS,1d
2011-02-28 00:00:00-05:00,15.756282362498549,15.864135549160688,15.569991939715297,15.805307388305664,708000,0.0,0.0,AEIS,1d
2011-03-01 00:00:00-05:00,15.932769722856836,16.060231057789693,15.354287472540943,15.540578842163086,750800,0.0,0.0,AEIS,1d
2011-03-02 00:00:00-05:00,15.501358107794804,16.030816208029457,15.44252901441019,15.893548011779785,506600,0.0,0.0,AEIS,1d
2011-03-03 00:00:00-05:00,16.03082017161822,16.57008247486792,15.971991998745175,16.413206100463867,1004300,0.0,0.0,AEIS,1d
2011-03-04 00:00:00-05:00,16.550468925501303,16.66812711623052,16.33476442429683,16.501445770263672,818400,0.0,0.0,AEIS,1d
2011-03-07 00:00:00-05:00,16.540668844397267,16.63871517297452,15.491556484607434,16.26613426208496,1062800,0.0,0.0,AEIS,1d
2011-03-08 00:00:00-05:00,16.197503659627916,16.45242826871523,15.795507664174808,16.079845428466797,609300,0.0,0.0,AEIS,1d
2011-03-09 00:00:00-05:00,16.011207708378056,16.02101271404287,15.491554563881236,15.579797744750977,417300,0.0,0.0,AEIS,1d
2011-03-10 00:00:00-05:00,15.413117472052086,15.569993833488647,14.90326836232639,15.05034065246582,590600,0.0,0.0,AEIS,1d
2011-03-11 00:00:00-05:00,14.85424446350029,15.37389858650278,14.56010174941663,15.2072172164917,579900,0.0,0.0,AEIS,1d
2011-03-14 00:00:00-04:00,15.030729990502508,15.471944971748686,14.609124086060444,15.2366304397583,470400,0.0,0.0,AEIS,1d
2011-03-15 00:00:00-04:00,14.785609972795514,15.177800846719744,14.344395005866554,15.089558601379395,903400,0.0,0.0,AEIS,1d
2011-03-16 00:00:00-04:00,14.991512008767181,15.25624157809585,14.7660024660563,14.805221557617188,613500,0.0,0.0,AEIS,1d
2011-03-17 00:00:00-04:00,15.148387475196547,15.18760656442782,14.579710213814648,14.736586570739746,454400,0.0,0.0,AEIS,1d
2011-03-18 00:00:00-04:00,14.903265259542076,14.981703423929929,14.716974852885096,14.79541301727295,450500,0.0,0.0,AEIS,1d
2011-03-21 00:00:00-04:00,15.001316835727748,15.285655479902449,14.78561136719825,15.040535926818848,309000,0.0,0.0,AEIS,1d
2011-03-22 00:00:00-04:00,15.128778532495504,15.197411705495679,14.913073072279001,15.060144424438477,246400,0.0,0.0,AEIS,1d
2011-03-23 00:00:00-04:00,15.060144518337767,15.148387704206385,14.756196805964592,14.991511344909668,387400,0.0,0.0,AEIS,1d
2011-03-24 00:00:00-04:00,15.128777234858317,15.815110776105037,14.99150996557491,15.697454452514648,481100,0.0,0.0,AEIS,1d
2011-03-25 00:00:00-04:00,15.795505022095861,16.07003773202777,15.56999454099093,15.746479988098145,275300,0.0,0.0,AEIS,1d
2011-03-28 00:00:00-04:00,15.775895692474622,16.030820269973752,15.628823389275762,15.658238410949707,370000,0.0,0.0,AEIS,1d
2011-03-29 00:00:00-04:00,15.707260991225557,15.795504177589702,15.511164605946629,15.775894165039062,303600,0.0,0.0,AEIS,1d
2011-03-30 00:00:00-04:00,15.854331207106851,15.952379392708433,15.717064869332791,15.913159370422363,223300,0.0,0.0,AEIS,1d
2011-03-31 00:00:00-04:00,15.942571957927484,16.128863295173456,15.815108775033233,16.03081512451172,453500,0.0,0.0,AEIS,1d
2011-04-01 00:00:00-04:00,16.079841593261612,16.138669759753988,15.775893884585022,15.785698890686035,257100,0.0,0.0,AEIS,1d
2011-04-04 00:00:00-04:00,15.96218398576334,15.96218398576334,15.687649447196526,15.697454452514648,400600,0.0,0.0,AEIS,1d
2011-04-05 00:00:00-04:00,15.68765389170281,16.128869905452582,15.68765389170281,15.903358459472656,350900,0.0,0.0,AEIS,1d
2011-04-06 00:00:00-04:00,15.942572158876436,16.158276640960473,15.815108974375567,15.82491397857666,304000,0.0,0.0,AEIS,1d
2011-04-07 00:00:00-04:00,15.687650142770838,15.687650142770838,15.207216081562116,15.344482421875,344200,0.0,0.0,AEIS,1d
2011-04-08 00:00:00-04:00,15.334678389245182,15.47194472989881,14.805220233014632,14.883658409118652,383800,0.0,0.0,AEIS,1d
2011-04-11 00:00:00-04:00,14.903270070385231,15.060146449801342,14.569907296597506,14.599322319030762,495300,0.0,0.0,AEIS,1d
2011-04-12 00:00:00-04:00,14.5208817224249,14.569904881573903,14.305176268953351,14.35420036315918,295200,0.0,0.0,AEIS,1d
2011-04-13 00:00:00-04:00,14.511076379539526,14.540490461357123,14.011032313356342,14.06986141204834,515100,0.0,0.0,AEIS,1d
2011-04-14 00:00:00-04:00,13.93259705967031,14.207130729327613,13.756110661647831,14.099278450012207,447300,0.0,0.0,AEIS,1d
2011-04-15 00:00:00-04:00,14.03064267372084,14.0698617621391,13.746304048924245,13.893375396728516,344700,0.0,0.0,AEIS,1d
2011-04-18 00:00:00-04:00,13.726694652648346,13.78552375544186,13.26586964177923,13.51098918914795,621600,0.0,0.0,AEIS,1d
2011-04-19 00:00:00-04:00,13.57962165160583,13.57962165160583,13.207039872577244,13.403135299682617,391700,0.0,0.0,AEIS,1d
2011-04-20 00:00:00-04:00,13.658061526045431,14.011033338861987,13.628646507018066,14.001228332519531,497400,0.0,0.0,AEIS,1d
2011-04-21 00:00:00-04:00,14.09927568371651,14.24634702984166,14.001227496261865,14.128689765930176,266100,0.0,0.0,AEIS,1d
2011-04-25 00:00:00-04:00,14.118885396663293,14.344395863952428,13.7855236014143,13.844351768493652,225900,0.0,0.0,AEIS,1d
2011-04-26 00:00:00-04:00,13.95220351744781,14.37380941789567,13.824742181786517,14.256152153015137,207400,0.0,0.0,AEIS,1d
2011-04-27 00:00:00-04:00,14.285567472732726,14.38361566948679,14.011033830901008,14.24634838104248,228000,0.0,0.0,AEIS,1d
2011-04-28 00:00:00-04:00,14.197322908844557,14.236542931796533,13.834546112050091,13.932594299316406,248000,0.0,0.0,AEIS,1d
2011-04-29 00:00:00-04:00,13.932596005685022,14.13849647611611,13.86396282722697,13.873766899108887,355000,0.0,0.0,AEIS,1d
2011-05-02 00:00:00-04:00,13.912984178299522,13.952203265885903,13.216844672348666,13.246259689331055,1000200,0.0,0.0,AEIS,1d
2011-05-03 00:00:00-04:00,14.864048251063068,15.256240062774518,14.44244235736672,14.560100555419922,3000000,0.0,0.0,AEIS,1d
2011-05-04 00:00:00-04:00,14.61892954730707,14.873854099098196,14.305176828214524,14.334590911865234,847200,0.0,0.0,AEIS,1d
2011-05-05 00:00:00-04:00,14.25615387143975,14.628735722667212,14.128691585357439,14.49146842956543,945000,0.0,0.0,AEIS,1d
2011-05-06 00:00:00-04:00,14.697366586505966,14.795414771141887,14.40322296765499,14.471857070922852,334100,0.0,0.0,AEIS,1d
2011-05-09 00:00:00-04:00,14.462052761313926,14.962096843915369,14.236543234880038,14.67775821685791,464200,0.0,0.0,AEIS,1d
2011-05-10 00:00:00-04:00,14.815024054575632,15.197410857944357,14.707171798010668,15.089558601379395,503100,0.0,0.0,AEIS,1d
2011-05-11 00:00:00-04:00,15.060143881341192,15.128777986923145,14.462052553055619,14.520881652832031,462100,0.0,0.0,AEIS,1d
2011-05-12 00:00:00-04:00,14.432639230505487,14.844440145449276,14.324786031080242,14.658148765563965,596000,0.0,0.0,AEIS,1d
2011-05-13 00:00:00-04:00,14.697369301512227,14.74639340288628,14.256154259259665,14.314983367919922,365100,0.0,0.0,AEIS,1d
2011-05-16 00:00:00-04:00,14.197324083890525,14.256153188130686,13.805133172479087,14.089471817016602,443800,0.0,0.0,AEIS,1d
2011-05-17 00:00:00-04:00,13.932594415911217,14.11888485120801,13.82474215706116,14.060056686401367,490000,0.0,0.0,AEIS,1d
2011-05-18 00:00:00-04:00,14.11888272250924,14.67775581425217,14.11888272250924,14.628731727600098,445900,0.0,0.0,AEIS,1d
2011-05-19 00:00:00-04:00,14.65814747365024,14.756195658112162,14.305175692689534,14.373808860778809,419100,0.0,0.0,AEIS,1d
2011-05-20 00:00:00-04:00,14.295373353347516,14.540492925160823,14.295373353347516,14.314983367919922,326700,0.0,0.0,AEIS,1d
2011-05-23 00:00:00-04:00,14.138496125856308,14.383615682913378,14.020838850675744,14.344396591186523,405600,0.0,0.0,AEIS,1d
2011-05-24 00:00:00-04:00,14.344395217296302,14.530685651391947,14.128689765930176,14.128689765930176,455000,0.0,0.0,AEIS,1d
2011-05-25 00:00:00-04:00,14.187521725526564,14.442445381197324,14.020840334285873,14.324788093566895,272400,0.0,0.0,AEIS,1d
2011-05-26 00:00:00-04:00,14.364004248569119,14.413028342142228,13.873765182951649,14.39341926574707,438800,0.0,0.0,AEIS,1d
2011-05-27 00:00:00-04:00,14.432640837597809,14.46205492478141,14.128692153177335,14.177716255187988,204400,0.0,0.0,AEIS,1d
2011-05-31 00:00:00-04:00,14.314981023746569,14.579709631724251,13.922789212035118,14.560100555419922,570200,0.0,0.0,AEIS,1d
2011-06-01 00:00:00-04:00,14.530684986152758,14.707171341468547,14.187518215885888,14.21693229675293,348700,0.0,0.0,AEIS,1d
2011-06-02 00:00:00-04:00,14.334589799443918,14.628733418294894,14.246346620282948,14.471857070922852,351600,0.0,0.0,AEIS,1d
2011-06-03 00:00:00-04:00,14.236540356720791,14.295368510394416,14.011029940820846,14.118882179260254,364600,0.0,0.0,AEIS,1d
2011-06-06 00:00:00-04:00,14.148299586933138,14.187518674375536,13.932594138471543,14.06986141204834,387600,0.0,0.0,AEIS,1d
2011-06-07 00:00:00-04:00,14.09927445335476,14.23654171680138,13.893374025713195,14.138493537902832,272900,0.0,0.0,AEIS,1d
2011-06-08 00:00:00-04:00,14.109080068584639,14.128689144178555,13.726693276407143,13.854155540466309,279900,0.0,0.0,AEIS,1d
2011-06-09 00:00:00-04:00,13.893373768452554,14.216931443747088,13.854154684630693,13.88356876373291,249000,0.0,0.0,AEIS,1d
2011-06-10 00:00:00-04:00,13.82474239084071,13.883570556642148,13.432550566918154,13.756108283996582,290700,0.0,0.0,AEIS,1d
2011-06-13 00:00:00-04:00,13.805134402281823,13.854158504339688,13.27567615718221,13.491381645202637,499900,0.0,0.0,AEIS,1d
2011-06-14 00:00:00-04:00,13.62864632479891,14.167909510684519,13.579623163855828,14.040447235107422,374200,0.0,0.0,AEIS,1d
2011-06-15 00:00:00-04:00,13.883569128260326,13.922788213111925,13.687473704002333,13.805130958557129,248900,0.0,0.0,AEIS,1d
2011-06-16 00:00:00-04:00,13.805133817839064,13.893377010796037,13.560014252983885,13.609038352966309,314200,0.0,0.0,AEIS,1d
2011-06-17 00:00:00-04:00,13.746305449576985,13.814938627537977,13.314894497961525,13.45216178894043,292700,0.0,0.0,AEIS,1d
2011-06-20 00:00:00-04:00,13.35411225332249,13.569817707533149,13.334503176607063,13.432550430297852,358100,0.0,0.0,AEIS,1d
2011-06-21 00:00:00-04:00,13.579624073051502,13.60903815859808,13.344308583508106,13.45216178894043,496900,0.0,0.0,AEIS,1d
2011-06-22 00:00:00-04:00,13.40313700260958,13.540404286552125,13.295284737762712,13.344307899475098,377200,0.0,0.0,AEIS,1d
2011-06-23 00:00:00-04:00,13.236455264209242,13.491379812229878,13.050164823767606,13.422745704650879,572100,0.0,0.0,AEIS,1d
2011-06-24 00:00:00-04:00,13.45216000150207,13.824741797461126,13.36391682153061,13.579622268676758,2154100,0.0,0.0,AEIS,1d
2011-06-27 00:00:00-04:00,13.667866242525967,13.667866242525967,13.314894413047291,13.618843078613281,358700,0.0,0.0,AEIS,1d
2011-06-28 00:00:00-04:00,13.62864697771083,14.099277012777263,13.530599716070629,14.050252914428711,337600,0.0,0.0,AEIS,1d
2011-06-29 00:00:00-04:00,14.128691105971745,14.295372479419513,13.932595647520518,14.24634838104248,270500,0.0,0.0,AEIS,1d
2011-06-30 00:00:00-04:00,14.324788656649517,14.609127346697496,14.314984583587686,14.501275062561035,297000,0.0,0.0,AEIS,1d
2011-07-01 00:00:00-04:00,14.550295483868751,14.775805003160066,14.30517595330508,14.726781845092773,268300,0.0,0.0,AEIS,1d
2011-07-05 00:00:00-04:00,13.560012552935346,13.746303922501406,12.854068032842306,13.010945320129395,2309100,0.0,0.0,AEIS,1d
2011-07-06 00:00:00-04:00,12.981530280202453,12.981530280202453,12.697191658515703,12.912897109985352,1318600,0.0,0.0,AEIS,1d
2011-07-07 00:00:00-04:00,13.030553905972415,13.383525685199595,12.775629375668839,12.961920738220215,1368500,0.0,0.0,AEIS,1d
2011-07-08 00:00:00-04:00,12.844263154106253,13.383525347209392,12.8246531437827,13.236454010009766,559800,0.0,0.0,AEIS,1d
2011-07-11 00:00:00-04:00,13.148212702987598,13.148212702987598,12.74621678476936,12.942312240600586,527600,0.0,0.0,AEIS,1d
2011-07-12 00:00:00-04:00,12.814848002243476,12.942310262819836,12.510900325917099,12.64816665649414,412600,0.0,0.0,AEIS,1d
2011-07-13 00:00:00-04:00,12.697191726299934,12.844264008337632,12.559925385132933,12.7462158203125,628100,0.0,0.0,AEIS,1d
2011-07-14 00:00:00-04:00,12.756020873973,12.903092221505528,12.334414972963076,12.481486320495605,557700,0.0,0.0,AEIS,1d
2011-07-15 00:00:00-04:00,12.481485823796543,12.697191268642863,12.069685880081623,12.3344144821167,828000,0.0,0.0,AEIS,1d
2011-07-18 00:00:00-04:00,12.314804234725024,12.36382738725013,11.599054800166796,11.91280746459961,690300,0.0,0.0,AEIS,1d
2011-07-19 00:00:00-04:00,12.030469221499416,12.344221979107187,11.981445119358959,12.314807891845703,563000,0.0,0.0,AEIS,1d
2011-07-20 00:00:00-04:00,12.285393052988846,12.31480807574657,12.010859385982348,12.079492568969727,452200,0.0,0.0,AEIS,1d
2011-07-21 00:00:00-04:00,12.099100914473931,12.481486806985458,11.932419548743368,12.432463645935059,595500,0.0,0.0,AEIS,1d
2011-07-22 00:00:00-04:00,12.37363372974006,12.442266898741876,11.824566507611943,12.197147369384766,1023500,0.0,0.0,AEIS,1d
2011-07-25 00:00:00-04:00,12.138319052880158,12.157928128751879,11.804956347549835,11.873589515686035,867400,0.0,0.0,AEIS,1d
2011-07-26 00:00:00-04:00,11.324524391350009,11.412767586707215,10.814675233755908,11.177452087402344,2463500,0.0,0.0,AEIS,1d
2011-07-27 00:00:00-04:00,10.9911594735349,11.069597646267432,10.55974952350597,10.72642993927002,1642500,0.0,0.0,AEIS,1d
2011-07-28 00:00:00-04:00,10.775455763823887,10.883308969967883,10.598970314322946,10.667603492736816,627800,0.0,0.0,AEIS,1d
2011-07-29 00:00:00-04:00,10.549946292826,10.795065857612533,10.363654899956353,10.402873992919922,709100,0.0,0.0,AEIS,1d
2011-08-01 00:00:00-04:00,10.589164201565987,10.677407384629701,10.069511044149126,10.245996475219727,1003800,0.0,0.0,AEIS,1d
2011-08-02 00:00:00-04:00,10.147950747425167,10.373460306895652,9.736149787902832,9.736149787902832,723700,0.0,0.0,AEIS,1d
2011-08-03 00:00:00-04:00,9.765564058720729,9.981269549923237,9.579273590221053,9.893026351928711,1016100,0.0,0.0,AEIS,1d
2011-08-04 00:00:00-04:00,9.785169109686638,9.86360820287269,9.206687927246094,9.206687927246094,1361000,0.0,0.0,AEIS,1d
2011-08-05 00:00:00-04:00,9.353760505829962,9.510636843319121,8.745864230531112,9.294931411743164,1575400,0.0,0.0,AEIS,1d
2011-08-08 00:00:00-04:00,8.91254626500126,9.285128063000048,8.471331297785285,8.481135368347168,1682600,0.0,0.0,AEIS,1d
2011-08-09 00:00:00-04:00,8.687035378326637,9.108641248360515,8.265430443349516,9.089032173156738,1624900,0.0,0.0,AEIS,1d
2011-08-10 00:00:00-04:00,8.824304299366933,9.206691155626663,8.559574721558599,8.83410930633545,1072600,0.0,0.0,AEIS,1d
2011-08-11 00:00:00-04:00,8.843914318150633,9.334153446161903,8.755671125499497,9.226300239562988,832500,0.0,0.0,AEIS,1d
2011-08-12 00:00:00-04:00,9.294931670551788,9.530247118394392,8.951764906503282,9.089032173156738,580200,0.0,0.0,AEIS,1d
2011-08-15 00:00:00-04:00,9.226299987270076,9.75575819364195,9.187080895503897,9.726344108581543,775900,0.0,0.0,AEIS,1d
2011-08-16 00:00:00-04:00,9.608687400817871,9.775368784433358,9.432201009917485,9.608687400817871,801600,0.0,0.0,AEIS,1d
2011-08-17 00:00:00-04:00,9.608685184064388,9.83419468924962,9.392979748845267,9.520442008972168,391400,0.0,0.0,AEIS,1d
2011-08-18 00:00:00-04:00,9.177274760960685,9.177274760960685,8.85371705988897,8.912546157836914,415900,0.0,0.0,AEIS,1d
2011-08-19 00:00:00-04:00,8.824302491147128,9.236103348871866,8.775278401407185,8.863521575927734,578900,0.0,0.0,AEIS,1d
2011-08-22 00:00:00-04:00,9.15766587528199,9.304737220622323,8.775279068317596,8.873327255249023,323400,0.0,0.0,AEIS,1d
2011-08-23 00:00:00-04:00,8.932155174967138,9.65770968128261,8.83410792577522,9.638099670410156,472100,0.0,0.0,AEIS,1d
2011-08-24 00:00:00-04:00,9.608685743390318,9.716537999749633,9.236103946344317,9.402785301208496,299400,0.0,0.0,AEIS,1d
2011-08-25 00:00:00-04:00,9.461614796594734,9.481224810542512,9.196886153698253,9.226300239562988,403600,0.0,0.0,AEIS,1d
2011-08-26 00:00:00-04:00,9.177276162133069,9.638101205403515,9.069423890328041,9.618492126464844,524800,0.0,0.0,AEIS,1d
2011-08-29 00:00:00-04:00,9.745950389445778,10.196970282823951,9.598879071302376,10.187166213989258,317600,0.0,0.0,AEIS,1d
2011-08-30 00:00:00-04:00,10.10872888367639,10.255800213905665,9.893023455624302,10.15775203704834,360100,0.0,0.0,AEIS,1d
2011-08-31 00:00:00-04:00,10.226388829949428,10.245997909454672,9.716539672015642,9.80478286743164,417500,0.0,0.0,AEIS,1d
2011-09-01 00:00:00-04:00,9.853804859357945,9.971462116373182,9.343955810568488,9.383174896240234,428900,0.0,0.0,AEIS,1d
2011-09-02 00:00:00-04:00,9.187080269535393,9.27532345376101,8.971374811990206,9.05961799621582,438300,0.0,0.0,AEIS,1d
2011-09-06 00:00:00-04:00,8.755669629731493,8.971374135965752,8.687035527696256,8.951765060424805,464100,0.0,0.0,AEIS,1d
2011-09-07 00:00:00-04:00,9.059616977726241,9.589075088500977,9.059616977726241,9.589075088500977,324000,0.0,0.0,AEIS,1d
2011-09-08 00:00:00-04:00,9.461615379431185,9.745954053790735,9.265519903158562,9.304738998413086,349000,0.0,0.0,AEIS,1d
2011-09-09 00:00:00-04:00,9.177274014757328,9.43219852670921,8.93215450750899,9.069421768188477,388200,0.0,0.0,AEIS,1d
2011-09-12 00:00:00-04:00,8.932155110872257,9.294931893898406,8.932155110872257,9.245908737182617,327000,0.0,0.0,AEIS,1d
2011-09-13 00:00:00-04:00,9.245909449742832,9.775367624565723,9.167471270884393,9.745952606201172,359500,0.0,0.0,AEIS,1d
2011-09-14 00:00:00-04:00,9.834196029168806,10.236191939310828,9.755757848412163,10.098925590515137,319000,0.0,0.0,AEIS,1d
2011-09-15 00:00:00-04:00,10.226385941512875,10.481309513419799,10.167556849499464,10.461700439453125,312200,0.0,0.0,AEIS,1d
2011-09-16 00:00:00-04:00,10.549946394203573,10.56955547334532,10.314631834160958,10.530336380004883,953600,0.0,0.0,AEIS,1d
2011-09-19 00:00:00-04:00,10.206775319318359,10.206775319318359,9.579270029175017,9.755755424499512,392200,0.0,0.0,AEIS,1d
2011-09-20 00:00:00-04:00,9.77536886920831,9.92244023952944,9.520444287931848,9.540053367614746,248900,0.0,0.0,AEIS,1d
2011-09-21 00:00:00-04:00,9.491028548428055,9.755757155926478,9.206689929603998,9.236104011535645,351700,0.0,0.0,AEIS,1d
2011-09-22 00:00:00-04:00,8.912548071201249,9.040010364905005,8.471333014569472,8.618404388427734,786900,0.0,0.0,AEIS,1d
2011-09-23 00:00:00-04:00,8.608598182835655,9.147861370366202,8.608598182835655,8.922351837158203,364200,0.0,0.0,AEIS,1d
2011-09-26 00:00:00-04:00,8.932155233781701,8.961570250284069,8.432112108979737,8.912546157836914,653000,0.0,0.0,AEIS,1d
2011-09-27 00:00:00-04:00,9.0890344472664,9.206691733097607,8.88313396329754,9.010595321655273,537200,0.0,0.0,AEIS,1d
2011-09-28 00:00:00-04:00,9.128251415577171,9.54005135250474,8.951765060424805,8.951765060424805,540000,0.0,0.0,AEIS,1d
2011-09-29 00:00:00-04:00,9.089033280465966,9.285128731677649,8.530160075691585,8.853717803955078,507700,0.0,0.0,AEIS,1d
2011-09-30 00:00:00-04:00,8.736059805749662,8.794888903742722,8.353673941493538,8.45172119140625,547700,0.0,0.0,AEIS,1d
2011-10-03 00:00:00-04:00,8.18699278058467,8.29484503854168,7.41241462576585,7.853630065917969,885000,0.0,0.0,AEIS,1d
2011-10-04 00:00:00-04:00,7.784996879709087,8.677232349956025,7.559486877452622,8.657622337341309,754600,0.0,0.0,AEIS,1d
2011-10-05 00:00:00-04:00,8.57918472511274,8.853718374500406,8.33406516153809,8.736061096191406,487900,0.0,0.0,AEIS,1d
2011-10-06 00:00:00-04:00,8.687037664307068,8.794890879007886,8.608599472737563,8.745866775512695,505800,0.0,0.0,AEIS,1d
2011-10-07 00:00:00-04:00,8.775280389386372,8.961571785589838,8.588989928239858,8.794890403747559,417200,0.0,0.0,AEIS,1d
2011-10-10 00:00:00-04:00,8.941962049827012,9.138057524263727,8.755671582876378,8.981181144714355,415200,0.0,0.0,AEIS,1d
2011-10-11 00:00:00-04:00,8.922350893085877,9.049812220508258,8.785083625402933,9.020398139953613,312700,0.0,0.0,AEIS,1d
2011-10-12 00:00:00-04:00,9.030205331631414,9.471420387009063,9.030205331631414,9.304738998413086,513800,0.0,0.0,AEIS,1d
2011-10-13 00:00:00-04:00,9.226300349092769,9.647906303405762,9.226300349092769,9.647906303405762,443200,0.0,0.0,AEIS,1d
2011-10-14 00:00:00-04:00,9.667513975074735,9.677318980737553,9.10864174308944,9.236104011535645,362200,0.0,0.0,AEIS,1d
2011-10-17 00:00:00-04:00,9.108643238668446,9.255714607531628,8.667428197021945,8.726256370544434,311400,0.0,0.0,AEIS,1d
2011-10-18 00:00:00-04:00,8.794888715870156,9.000789151862325,8.539964188440464,8.951765060424805,411100,0.0,0.0,AEIS,1d
2011-10-19 00:00:00-04:00,8.941961265063284,9.000790369759834,8.569379428803536,8.647817611694336,340300,0.0,0.0,AEIS,1d
2011-10-20 00:00:00-04:00,8.63801440363923,8.716452594371237,8.275236602682469,8.618404388427734,269400,0.0,0.0,AEIS,1d
2011-10-21 00:00:00-04:00,8.804694951661324,8.990986357931646,8.657623576232753,8.745866775512695,433500,0.0,0.0,AEIS,1d
2011-10-24 00:00:00-04:00,8.775278855975461,9.314542000935731,8.687035676883827,9.275322914123535,354800,0.0,0.0,AEIS,1d
2011-10-25 00:00:00-04:00,9.177273931117314,9.275322107145742,8.932154426102953,9.138054847717285,326500,0.0,0.0,AEIS,1d
2011-10-26 00:00:00-04:00,9.304737484068484,9.451809768629701,8.873327506480623,9.324347496032715,307500,0.0,0.0,AEIS,1d
2011-10-27 00:00:00-04:00,9.657709801524177,10.079314754906433,9.510637523320026,9.765562057495117,772300,0.0,0.0,AEIS,1d
2011-10-28 00:00:00-04:00,9.726343273922543,10.059705992856244,9.638100091256938,9.951852798461914,401200,0.0,0.0,AEIS,1d
2011-10-31 00:00:00-04:00,9.73614663571934,9.73614663571934,9.11844539642334,9.11844539642334,434900,0.0,0.0,AEIS,1d
2011-11-01 00:00:00-04:00,8.74586316284885,9.030201723600493,8.588986844510925,8.804691314697266,443900,0.0,0.0,AEIS,1d
2011-11-02 00:00:00-04:00,8.383089271409974,9.206691155626663,8.34387017859284,8.83410930633545,452700,0.0,0.0,AEIS,1d
2011-11-03 00:00:00-04:00,8.569377300740761,8.863520881064028,8.25562464709283,8.755668640136719,776000,0.0,0.0,AEIS,1d
2011-11-04 00:00:00-04:00,8.628207658956322,9.138055796068986,8.608597647692818,9.040008544921875,442400,0.0,0.0,AEIS,1d
2011-11-07 00:00:00-05:00,8.97137526567632,8.97137526567632,8.549770270359748,8.814498901367188,301800,0.0,0.0,AEIS,1d
2011-11-08 00:00:00-05:00,8.89293674392524,9.226299472880397,8.736060385606779,9.187080383300781,399600,0.0,0.0,AEIS,1d
2011-11-09 00:00:00-05:00,8.88313271130053,9.02039905789533,8.618403154198804,8.62820816040039,389300,0.0,0.0,AEIS,1d
2011-11-10 00:00:00-05:00,8.814499012012556,8.961571306691184,8.569379455938412,8.843914031982422,272100,0.0,0.0,AEIS,1d
2011-11-11 00:00:00-05:00,8.98117867370863,9.412589533831637,8.951764594400109,9.363565444946289,289000,0.0,0.0,AEIS,1d
2011-11-14 00:00:00-05:00,9.34395559825435,9.383174683034957,8.736059316626578,8.863521575927734,390700,0.0,0.0,AEIS,1d
2011-11-15 00:00:00-05:00,8.824303009330098,9.226298885701604,8.775278916711349,9.108641624450684,308300,0.0,0.0,AEIS,1d
2011-11-16 00:00:00-05:00,8.961570741009346,9.45180982221224,8.89293663380229,9.05961799621582,355700,0.0,0.0,AEIS,1d
2011-11-17 00:00:00-05:00,9.020399476517113,9.069423574743322,8.628208560821243,8.843914031982422,426500,0.0,0.0,AEIS,1d
2011-11-18 00:00:00-05:00,8.834110348627108,8.902743535390535,8.726257129362248,8.76547622680664,303500,0.0,0.0,AEIS,1d
2011-11-21 00:00:00-05:00,8.667425830365477,8.73605899242029,8.520353566603688,8.677230834960938,445800,0.0,0.0,AEIS,1d
2011-11-22 00:00:00-05:00,8.68703390410228,8.883130233202246,8.52035258540127,8.579181671142578,372300,0.0,0.0,AEIS,1d
2011-11-23 00:00:00-05:00,8.47133082534301,8.62820716626583,8.383087649809736,8.432111740112305,432700,0.0,0.0,AEIS,1d
2011-11-25 00:00:00-05:00,8.490940436140399,8.51055044752136,8.21640682220459,8.21640682220459,150400,0.0,0.0,AEIS,1d
2011-11-28 00:00:00-05:00,8.539963892723545,8.932154740529612,8.334063463861176,8.863521575927734,542500,0.0,0.0,AEIS,1d
2011-11-29 00:00:00-05:00,8.883134841918945,8.951768031678005,8.785086626499934,8.883134841918945,188800,0.0,0.0,AEIS,1d
2011-11-30 00:00:00-05:00,9.196886074922942,9.785172462463379,9.079228797414853,9.785172462463379,534100,0.0,0.0,AEIS,1d
2011-12-01 00:00:00-05:00,9.726343035767508,9.88321938552879,9.471418499877023,9.598880767822266,335400,0.0,0.0,AEIS,1d
2011-12-02 00:00:00-05:00,9.75575876608309,9.94205016419619,9.628296476599644,9.80478286743164,306500,0.0,0.0,AEIS,1d
2011-12-05 00:00:00-05:00,9.981266748195816,10.12833808019932,9.726342233336801,9.824390411376953,577900,0.0,0.0,AEIS,1d
2011-12-06 00:00:00-05:00,9.853806512995497,10.285216527782694,9.853806512995497,10.147950172424316,372800,0.0,0.0,AEIS,1d
2011-12-07 00:00:00-05:00,10.128339093931496,10.285215446451907,9.834195465427314,10.118534088134766,449400,0.0,0.0,AEIS,1d
2011-12-08 00:00:00-05:00,10.04009714174408,10.196973513481186,9.60868711946704,9.618492126464844,367000,0.0,0.0,AEIS,1d
2011-12-09 00:00:00-05:00,9.66751466129672,10.236191939310828,9.579272409238149,10.098925590515137,562500,0.0,0.0,AEIS,1d
2011-12-12 00:00:00-05:00,9.93224362729207,9.942048633063145,9.559661823502587,9.922438621520996,317800,0.0,0.0,AEIS,1d
2011-12-13 00:00:00-05:00,10.049898996782524,10.245994399952318,9.696927271076893,9.755755424499512,269300,0.0,0.0,AEIS,1d
2011-12-14 00:00:00-05:00,9.65771149844295,9.912635142352883,9.628296476599644,9.80478286743164,318800,0.0,0.0,AEIS,1d
2011-12-15 00:00:00-05:00,9.932242358420798,10.069509616509121,9.736146943335118,9.83419418334961,366900,0.0,0.0,AEIS,1d
2011-12-16 00:00:00-05:00,9.922438621520996,10.187168166999108,9.687124093356106,9.922438621520996,925100,0.0,0.0,AEIS,1d
2011-12-19 00:00:00-05:00,9.981268001975918,10.40287297637163,9.755757538179143,9.814586639404297,389700,0.0,0.0,AEIS,1d
2011-12-20 00:00:00-05:00,10.049901449230703,10.589164640834943,9.932244178617266,10.5597505569458,441000,0.0,0.0,AEIS,1d
2011-12-21 00:00:00-05:00,10.50092210761564,10.775455756132075,10.245997537893343,10.765650749206543,391700,0.0,0.0,AEIS,1d
2011-12-22 00:00:00-05:00,10.775454030992046,10.834283128069835,10.589163604516475,10.72642993927002,357700,0.0,0.0,AEIS,1d
2011-12-23 00:00:00-05:00,10.746040438830615,10.804869538584603,10.569554074625472,10.7754545211792,276500,0.0,0.0,AEIS,1d
2011-12-27 00:00:00-05:00,10.716627693733267,10.873504065910288,10.579360400549906,10.795065879821777,268300,0.0,0.0,AEIS,1d
2011-12-28 00:00:00-05:00,10.804871069788643,10.834285156305622,10.569555572481955,10.657798767089844,373900,0.0,0.0,AEIS,1d
2011-12-29 00:00:00-05:00,10.667601499328304,10.84408785090693,10.60877240378318,10.736234664916992,349200,0.0,0.0,AEIS,1d
2011-12-30 00:00:00-05:00,10.716627089912901,10.814674349470671,10.491116616321952,10.520530700683594,458600,0.0,0.0,AEIS,1d
2012-01-03 00:00:00-05:00,10.883306868319519,10.912720948380107,10.353848751945186,10.804868698120117,583700,0.0,0.0,AEIS,1d
2012-01-04 00:00:00-05:00,10.7656511396126,11.09901390671439,10.687212951477704,10.785261154174805,651100,0.0,0.0,AEIS,1d
2012-01-05 00:00:00-05:00,10.677407857960324,10.961746496516593,10.598969677328032,10.95194149017334,489900,0.0,0.0,AEIS,1d
2012-01-06 00:00:00-05:00,10.912721609989113,10.942135691832998,10.510725729581063,10.81467342376709,475100,0.0,0.0,AEIS,1d
2012-01-09 00:00:00-05:00,10.893110979014057,11.177449580813768,10.824477813597257,11.000964164733887,325300,0.0,0.0,AEIS,1d
2012-01-10 00:00:00-05:00,11.157840235987505,11.167645240826236,10.981353889117287,11.108816146850586,271600,0.0,0.0,AEIS,1d
2012-01-11 00:00:00-05:00,11.089208602905273,11.167646782328703,10.863698135770274,11.089208602905273,456900,0.0,0.0,AEIS,1d
2012-01-12 00:00:00-05:00,11.059795916878057,11.451987831766688,10.96174863944869,11.432377815246582,312800,0.0,0.0,AEIS,1d
2012-01-13 00:00:00-05:00,11.25588851408437,11.373546712853303,10.873502640784185,10.94213581085205,319300,0.0,0.0,AEIS,1d
2012-01-17 00:00:00-05:00,10.873504065910288,11.10881862417582,10.736236772726928,10.795065879821777,527100,0.0,0.0,AEIS,1d
2012-01-18 00:00:00-05:00,10.746042988698473,11.079405784606934,10.736237980570097,11.079405784606934,383900,0.0,0.0,AEIS,1d
2012-01-19 00:00:00-05:00,11.118622269996203,11.275498622967529,10.94213590537505,10.971549987792969,335500,0.0,0.0,AEIS,1d
2012-01-20 00:00:00-05:00,10.942137932998468,10.961747948282111,10.098926911998689,10.510727882385254,781100,0.0,0.0,AEIS,1d
2012-01-23 00:00:00-05:00,10.53033555326427,10.785260107491352,10.40287327615073,10.75584602355957,468800,0.0,0.0,AEIS,1d
2012-01-24 00:00:00-05:00,10.687210574472179,10.795063760462119,10.60877240378318,10.736234664916992,414400,0.0,0.0,AEIS,1d
2012-01-25 00:00:00-05:00,10.697014942200655,10.844087204771927,10.638186785217501,10.824477195739746,394900,0.0,0.0,AEIS,1d
2012-01-26 00:00:00-05:00,10.912721609989113,10.981354779310447,10.746040254445756,10.81467342376709,432300,0.0,0.0,AEIS,1d
2012-01-27 00:00:00-05:00,10.510725865667057,11.059793097460302,10.510725865667057,11.040184020996094,289300,0.0,0.0,AEIS,1d
2012-01-30 00:00:00-05:00,10.9127197265625,11.069596049397004,10.85389063797124,10.9127197265625,359700,0.0,0.0,AEIS,1d
2012-01-31 00:00:00-05:00,10.90291625064797,11.177449854083811,10.295019946940217,10.432287216186523,456800,0.0,0.0,AEIS,1d
2012-02-01 00:00:00-05:00,10.549943614686077,10.863696278747412,10.491114522646228,10.824477195739746,548600,0.0,0.0,AEIS,1d
2012-02-02 00:00:00-05:00,10.912723047918757,10.981356226283635,10.687212563916132,10.765650749206543,339000,0.0,0.0,AEIS,1d
2012-02-03 00:00:00-05:00,10.981356338017756,10.981356338017756,10.755846786777523,10.795065879821777,307600,0.0,0.0,AEIS,1d
2012-02-06 00:00:00-05:00,10.667601176422236,10.7166252653831,10.39306758732081,10.549943923950195,250000,0.0,0.0,AEIS,1d
2012-02-07 00:00:00-05:00,10.461701297076171,10.481310372650345,10.334239033145337,10.432287216186523,274600,0.0,0.0,AEIS,1d
2012-02-08 00:00:00-05:00,10.432287033256998,10.55974929495279,10.26560568604379,10.471506118774414,291100,0.0,0.0,AEIS,1d
2012-02-09 00:00:00-05:00,10.530335707156436,10.638188908243931,10.40287342818014,10.520530700683594,268500,0.0,0.0,AEIS,1d
2012-02-10 00:00:00-05:00,10.363654078657124,10.716626822413772,10.295020905174159,10.62838363647461,259700,0.0,0.0,AEIS,1d
2012-02-13 00:00:00-05:00,10.71662797332101,10.824480248242253,10.412679293005567,10.785261154174805,318500,0.0,0.0,AEIS,1d
2012-02-14 00:00:00-05:00,10.716627402083164,10.824479671255462,10.549946027417034,10.706822395324707,277800,0.0,0.0,AEIS,1d
2012-02-15 00:00:00-05:00,10.736236772726928,10.834284972866033,10.638189507644757,10.795065879821777,320500,0.0,0.0,AEIS,1d
2012-02-16 00:00:00-05:00,10.804868286665698,11.118620955515457,10.775453272668502,11.04998779296875,147800,0.0,0.0,AEIS,1d
2012-02-17 00:00:00-05:00,11.148039230470003,11.373549747378275,11.059796025377944,11.26569652557373,245600,0.0,0.0,AEIS,1d
2012-02-21 00:00:00-05:00,11.648082255557203,12.206954584429015,11.491205877983147,12.187345504760742,724400,0.0,0.0,AEIS,1d
2012-02-22 00:00:00-05:00,12.167735585424328,12.481488343032101,11.922616009779015,12.314807891845703,667500,0.0,0.0,AEIS,1d
2012-02-23 00:00:00-05:00,12.32461099621976,12.393245107848482,12.157929623067997,12.216758728027344,482700,0.0,0.0,AEIS,1d
2012-02-24 00:00:00-05:00,12.187342654681126,12.33441399049909,12.01085630365417,12.28538990020752,314000,0.0,0.0,AEIS,1d
2012-02-27 00:00:00-05:00,12.108905867303417,12.187344046706354,11.814762227013972,12.040271759033203,294700,0.0,0.0,AEIS,1d
2012-02-28 00:00:00-05:00,12.050076463866176,12.21675782469315,11.84417601431855,11.952028274536133,256400,0.0,0.0,AEIS,1d
2012-02-29 00:00:00-05:00,11.971638948172691,12.118710305240484,11.746128474270941,11.765738487243652,354200,0.0,0.0,AEIS,1d
2012-03-01 00:00:00-05:00,11.961831435685285,12.069684614326208,11.775541026756756,11.785346031188965,326200,0.0,0.0,AEIS,1d
2012-03-02 00:00:00-05:00,11.716715524998573,11.89320191862365,11.530425058994194,11.628472328186035,351800,0.0,0.0,AEIS,1d
2012-03-05 00:00:00-05:00,11.569641734421497,11.62846989662399,11.206864950650196,11.383350372314453,343400,0.0,0.0,AEIS,1d
2012-03-06 00:00:00-05:00,11.226474297142056,11.451984751175548,11.157841127898159,11.275498390197754,296200,0.0,0.0,AEIS,1d
2012-03-07 00:00:00-05:00,11.373547850062788,11.795152853422127,11.324523751516752,11.75593376159668,410600,0.0,0.0,AEIS,1d
2012-03-08 00:00:00-05:00,11.893200108983573,12.040271457921806,11.716713742212228,11.952028274536133,361500,0.0,0.0,AEIS,1d
2012-03-09 00:00:00-05:00,12.010856348958294,12.148123615281104,11.873589082635482,12.020661354064941,332900,0.0,0.0,AEIS,1d
2012-03-12 00:00:00-04:00,12.089294206989372,12.089294206989372,11.74612651758729,11.932417869567871,455600,0.0,0.0,AEIS,1d
2012-03-13 00:00:00-04:00,12.089294459015044,12.657971661551572,11.961832198438685,12.64816665649414,884200,0.0,0.0,AEIS,1d
2012-03-14 00:00:00-04:00,12.638362533486353,12.893286118513137,12.177537583344089,12.354023933410645,616300,0.0,0.0,AEIS,1d
2012-03-15 00:00:00-04:00,12.383440041199766,12.677583694458008,12.383440041199766,12.677583694458008,427900,0.0,0.0,AEIS,1d
2012-03-16 00:00:00-04:00,12.726605808684745,12.795239914325066,12.579534461703867,12.7462158203125,1170600,0.0,0.0,AEIS,1d
2012-03-19 00:00:00-04:00,12.66777926043311,12.991337013125259,12.56973105989618,12.952117919921875,563500,0.0,0.0,AEIS,1d
2012-03-20 00:00:00-04:00,12.834457676614901,12.961919933856908,12.726604493918046,12.824652671813965,237300,0.0,0.0,AEIS,1d
2012-03-21 00:00:00-04:00,12.873676760761924,12.942309924255035,12.677581340026808,12.824652671813965,238800,0.0,0.0,AEIS,1d
2012-03-22 00:00:00-04:00,12.638364043445057,12.9227026774919,12.559925864056744,12.79524040222168,382600,0.0,0.0,AEIS,1d
2012-03-23 00:00:00-04:00,12.785434086983392,12.991334520560585,12.589338658590055,12.971724510192871,251600,0.0,0.0,AEIS,1d
2012-03-26 00:00:00-04:00,13.108993344412497,13.108993344412497,12.863873795859405,13.050165176391602,320200,0.0,0.0,AEIS,1d
2012-03-27 00:00:00-04:00,13.020751378753017,13.21684684897911,12.844265923078012,13.138408660888672,277200,0.0,0.0,AEIS,1d
2012-03-28 00:00:00-04:00,13.10899410039359,13.226651378277413,12.991336822509766,12.991336822509766,637100,0.0,0.0,AEIS,1d
2012-03-29 00:00:00-04:00,12.805044920138943,13.001140361132386,12.716801737927689,12.7462158203125,572900,0.0,0.0,AEIS,1d
2012-03-30 00:00:00-04:00,12.873679442268063,13.050165825219027,12.667778973844243,12.863874435424805,461400,0.0,0.0,AEIS,1d
2012-04-02 00:00:00-04:00,12.824653996709877,12.88348309653632,12.569729455889991,12.7462158203125,466800,0.0,0.0,AEIS,1d
2012-04-03 00:00:00-04:00,12.746215961886774,12.805045062366641,12.305000980986676,12.412853240966797,640400,0.0,0.0,AEIS,1d
2012-04-04 00:00:00-04:00,12.255979255792523,12.334417448225034,12.118711951507123,12.26578426361084,440700,0.0,0.0,AEIS,1d
2012-04-05 00:00:00-04:00,12.177538109446763,12.32460945081828,12.138319022743907,12.236366271972656,424600,0.0,0.0,AEIS,1d
2012-04-09 00:00:00-04:00,11.932419008753913,12.010857184953142,11.687299474367112,11.893199920654297,362900,0.0,0.0,AEIS,1d
2012-04-10 00:00:00-04:00,11.883397489246256,11.932421593755404,11.667691990440218,11.706911087036133,399600,0.0,0.0,AEIS,1d
2012-04-11 00:00:00-04:00,11.863785012585588,12.020661354064941,11.84417500237229,12.020661354064941,242200,0.0,0.0,AEIS,1d
2012-04-12 00:00:00-04:00,12.03046563687382,12.285389208944025,11.97163654482273,12.177536964416504,397200,0.0,0.0,AEIS,1d
2012-04-13 00:00:00-04:00,12.118711100157375,12.21675930133855,11.903006553649902,11.903006553649902,165400,0.0,0.0,AEIS,1d
2012-04-16 00:00:00-04:00,12.010856038278622,12.099099211842399,11.765736527293344,11.932417869567871,180700,0.0,0.0,AEIS,1d
2012-04-17 00:00:00-04:00,12.050074808031635,12.3344133959488,12.050074808031635,12.206951141357422,189500,0.0,0.0,AEIS,1d
2012-04-18 00:00:00-04:00,12.089297287876473,12.118711374874833,11.90300682347758,11.991249084472656,143200,0.0,0.0,AEIS,1d
2012-04-19 00:00:00-04:00,11.961832784535641,12.040270958724848,11.755932343524773,11.804956436157227,254200,0.0,0.0,AEIS,1d
2012-04-20 00:00:00-04:00,12.108903696998356,12.108903696998356,11.765736022324546,11.785346031188965,226600,0.0,0.0,AEIS,1d
2012-04-23 00:00:00-04:00,11.540227398897919,11.736322827010964,11.236278784030134,11.491203308105469,345500,0.0,0.0,AEIS,1d
2012-04-24 00:00:00-04:00,11.510813084690668,11.84417580032152,11.471593996678616,11.697104454040527,276900,0.0,0.0,AEIS,1d
2012-04-25 00:00:00-04:00,11.863785069545813,12.128513663299046,11.746126877814646,11.85398006439209,266900,0.0,0.0,AEIS,1d
2012-04-26 00:00:00-04:00,11.824567141223621,12.020662588205596,11.795152122883689,12.010857582092285,221400,0.0,0.0,AEIS,1d
2012-04-27 00:00:00-04:00,12.030469113879757,12.118711374874833,11.824568634777314,11.991249084472656,262600,0.0,0.0,AEIS,1d
2012-04-30 00:00:00-04:00,11.942226601668638,11.981445698264553,11.667691990440218,11.706911087036133,434300,0.0,0.0,AEIS,1d
2012-05-01 00:00:00-04:00,12.5501200698591,14.246346761447978,12.206952355289763,13.118797302246094,1809200,0.0,0.0,AEIS,1d
2012-05-02 00:00:00-04:00,13.059967657324806,13.285478100761894,12.785434058192347,13.236454010009766,540900,0.0,0.0,AEIS,1d
2012-05-03 00:00:00-04:00,13.24626051584725,13.24626051584725,12.873678693000548,12.92270278930664,362600,0.0,0.0,AEIS,1d
2012-05-04 00:00:00-04:00,12.805044243002127,12.981529663035184,12.716801065457213,12.736410140991211,276900,0.0,0.0,AEIS,1d
2012-05-07 00:00:00-04:00,12.657971594720033,12.863872024555231,12.53050933481665,12.716800689697266,379400,0.0,0.0,AEIS,1d
2012-05-08 00:00:00-04:00,12.57953441643933,13.08938349624453,12.559925339938955,13.010945320129395,333300,0.0,0.0,AEIS,1d
2012-05-09 00:00:00-04:00,12.824655445076784,13.285480484747787,12.765827273663335,12.991336822509766,457300,0.0,0.0,AEIS,1d
2012-05-10 00:00:00-04:00,13.089383382023936,13.1089924583532,12.814848832959788,12.98153018951416,430000,0.0,0.0,AEIS,1d
2012-05-11 00:00:00-04:00,12.814848016276994,13.275672968856671,12.814848016276994,13.108991622924805,283800,0.0,0.0,AEIS,1d
2012-05-14 00:00:00-04:00,12.912896866298787,13.354111831616388,12.873677779049597,13.21684455871582,504500,0.0,0.0,AEIS,1d
2012-05-15 00:00:00-04:00,12.922701684746341,13.412940735790658,12.922701684746341,13.158016204833984,448000,0.0,0.0,AEIS,1d
2012-05-16 00:00:00-04:00,13.226651673884332,13.373723975818773,13.001142119997912,13.079580307006836,348500,0.0,0.0,AEIS,1d
2012-05-17 00:00:00-04:00,13.059970376937612,13.177627658209659,12.76582764128597,12.814850807189941,383400,0.0,0.0,AEIS,1d
2012-05-18 00:00:00-04:00,12.756020151581978,13.010944678921335,12.70699606016183,12.736410140991211,678400,0.0,0.0,AEIS,1d
2012-05-21 00:00:00-04:00,12.73641197205325,13.1384078963896,12.60894969005884,13.099188804626465,367700,0.0,0.0,AEIS,1d
2012-05-22 00:00:00-04:00,13.11879835076827,13.275674712233148,12.981531066958064,13.050165176391602,279000,0.0,0.0,AEIS,1d
2012-05-23 00:00:00-04:00,12.922703019154616,13.403137114374411,12.795240740514426,13.373723030090332,283000,0.0,0.0,AEIS,1d
2012-05-24 00:00:00-04:00,13.422745610719783,13.540403812872752,13.207041088571968,13.393331527709961,329000,0.0,0.0,AEIS,1d
2012-05-25 00:00:00-04:00,13.354112532128726,13.569817990842868,13.314893442822232,13.422745704650879,407100,0.0,0.0,AEIS,1d
2012-05-29 00:00:00-04:00,13.501186652625604,13.67767211095416,13.295286172028145,13.491381645202637,457000,0.0,0.0,AEIS,1d
2012-05-30 00:00:00-04:00,13.305089107746449,13.461965472884167,13.108993651324303,13.334504127502441,510900,0.0,0.0,AEIS,1d
2012-05-31 00:00:00-04:00,13.334503641038566,13.560013173932864,13.148212262941062,13.383526802062988,454200,0.0,0.0,AEIS,1d
2012-06-01 00:00:00-04:00,13.010945178061649,13.148211517235904,12.657972454340863,12.78543472290039,569300,0.0,0.0,AEIS,1d
2012-06-04 00:00:00-04:00,12.844266323163096,12.95211860138269,12.608950816505,12.765828132629395,326100,0.0,0.0,AEIS,1d
2012-06-05 00:00:00-04:00,12.72660807902595,13.197238156424273,12.72660807902595,13.05997085571289,316600,0.0,0.0,AEIS,1d
2012-06-06 00:00:00-04:00,13.197236840478492,13.481575486054828,13.030555468755445,13.334504127502441,471200,0.0,0.0,AEIS,1d
2012-06-07 00:00:00-04:00,13.461966051271665,13.687476537138762,13.305089679393822,13.412942886352539,316500,0.0,0.0,AEIS,1d
2012-06-08 00:00:00-04:00,13.354113684042527,13.70708551824801,13.31489459135303,13.677671432495117,297700,0.0,0.0,AEIS,1d
2012-06-11 00:00:00-04:00,13.775718636315842,13.824742732399471,13.265869533137067,13.285479545593262,350100,0.0,0.0,AEIS,1d
2012-06-12 00:00:00-04:00,13.373723137511297,13.579623599267462,13.108993571657559,13.501185417175293,319300,0.0,0.0,AEIS,1d
2012-06-13 00:00:00-04:00,13.442355171461944,13.471769253484243,12.873677932061193,12.98153018951416,717300,0.0,0.0,AEIS,1d
2012-06-14 00:00:00-04:00,12.952116428840764,13.236455055595732,12.4030482521466,13.167821884155273,421200,0.0,0.0,AEIS,1d
2012-06-15 00:00:00-04:00,13.167822755779394,13.461965472884167,12.981531370885685,13.334504127502441,372900,0.0,0.0,AEIS,1d
2012-06-18 00:00:00-04:00,13.256065944933583,13.560013668623686,13.187431833893163,13.334504127502441,202900,0.0,0.0,AEIS,1d
2012-06-19 00:00:00-04:00,13.432549334102514,13.814936116944434,13.354111163528287,13.667863845825195,255700,0.0,0.0,AEIS,1d
2012-06-20 00:00:00-04:00,13.609035310325108,13.785521656781107,13.501183062522403,13.64825439453125,269900,0.0,0.0,AEIS,1d
2012-06-21 00:00:00-04:00,13.687473961827184,13.78552214333144,13.226649004847989,13.236454010009766,283200,0.0,0.0,AEIS,1d
2012-06-22 00:00:00-04:00,13.383527590570582,13.687476256136572,13.246261235523999,13.618843078613281,306600,0.0,0.0,AEIS,1d
2012-06-25 00:00:00-04:00,13.560012845108819,13.560012845108819,12.99133558849256,13.001140594482422,324500,0.0,0.0,AEIS,1d
2012-06-26 00:00:00-04:00,13.050165442600429,13.187431794153843,12.805045889047172,12.942312240600586,194700,0.0,0.0,AEIS,1d
2012-06-27 00:00:00-04:00,13.020751099263562,13.23645657941064,12.873679733515107,12.952117919921875,243300,0.0,0.0,AEIS,1d
2012-06-28 00:00:00-04:00,12.795239092167249,13.030553606239252,12.618752739084867,12.971724510192871,231400,0.0,0.0,AEIS,1d
2012-06-29 00:00:00-04:00,13.305087546124566,13.344306632805841,13.108992112718196,13.158016204833984,270000,0.0,0.0,AEIS,1d
2012-07-02 00:00:00-04:00,13.158016651372877,13.569817543029785,13.138406639838351,13.569817543029785,290800,0.0,0.0,AEIS,1d
2012-07-03 00:00:00-04:00,13.56001159504982,13.873764277346728,13.344306158442322,13.667863845825195,275100,0.0,0.0,AEIS,1d
2012-07-05 00:00:00-04:00,13.599232608938204,13.971814439532565,13.491380342867552,13.863962173461914,382200,0.0,0.0,AEIS,1d
2012-07-06 00:00:00-04:00,13.736498281732489,14.011031885444735,13.61884102299867,13.854155540466309,374900,0.0,0.0,AEIS,1d
2012-07-09 00:00:00-04:00,13.765914047972142,13.81493814554397,13.442356313077722,13.501185417175293,323300,0.0,0.0,AEIS,1d
2012-07-10 00:00:00-04:00,13.618842302051405,13.775718661763326,12.452072740344486,12.628559112548828,815300,0.0,0.0,AEIS,1d
2012-07-11 00:00:00-04:00,12.6481658830065,12.981528554118665,12.44226546467585,12.608946800231934,469000,0.0,0.0,AEIS,1d
2012-07-12 00:00:00-04:00,12.461879259130036,12.461879259130036,11.37354868024167,11.628472328186035,1117700,0.0,0.0,AEIS,1d
2012-07-13 00:00:00-04:00,11.667692403145528,11.667692403145528,11.22647731707074,11.432377815246582,512400,0.0,0.0,AEIS,1d
2012-07-16 00:00:00-04:00,11.344134722309548,11.461792017413273,11.216672418849578,11.26569652557373,422400,0.0,0.0,AEIS,1d
2012-07-17 00:00:00-04:00,11.295108774370602,11.383351022716171,11.020574218217172,11.197060585021973,321200,0.0,0.0,AEIS,1d
2012-07-18 00:00:00-04:00,11.118623535631565,11.3735481057565,11.069599435983395,11.255889892578125,378600,0.0,0.0,AEIS,1d
2012-07-19 00:00:00-04:00,11.24608492389837,11.824567196491653,11.040184469840705,11.74612808227539,491000,0.0,0.0,AEIS,1d
2012-07-20 00:00:00-04:00,11.608859321288833,11.628468394470993,11.206863502959663,11.23627758026123,353100,0.0,0.0,AEIS,1d
2012-07-23 00:00:00-04:00,10.991158583724284,11.1578399210511,10.804868172330215,11.020572662353516,279900,0.0,0.0,AEIS,1d
2012-07-24 00:00:00-04:00,11.069599531131564,11.177451803239032,10.638189507644757,10.795065879821777,243500,0.0,0.0,AEIS,1d
2012-07-25 00:00:00-04:00,10.902915943340997,11.010768193600986,10.677406437781903,10.804868698120117,185600,0.0,0.0,AEIS,1d
2012-07-26 00:00:00-04:00,10.951943088234238,11.47159634451297,10.853894880608664,11.353939056396484,569000,0.0,0.0,AEIS,1d
2012-07-27 00:00:00-04:00,11.373546051237643,11.608860564973295,11.246083789199975,11.491203308105469,297300,0.0,0.0,AEIS,1d
2012-07-30 00:00:00-04:00,11.46178747515719,11.69710290716723,11.265692061029398,11.618664741516113,349000,0.0,0.0,AEIS,1d
2012-07-31 00:00:00-04:00,11.54023024254264,12.31480807574657,11.000966981058566,12.079492568969727,435500,0.0,0.0,AEIS,1d
2012-08-01 00:00:00-04:00,11.991246356383943,12.099099542602215,11.65788459777832,11.65788459777832,392900,0.0,0.0,AEIS,1d
2012-08-02 00:00:00-04:00,11.55003060009939,11.981441444549704,11.55003060009939,11.785346031188965,228300,0.0,0.0,AEIS,1d
2012-08-03 00:00:00-04:00,11.971637274033643,12.295194962381302,11.755931836782953,12.118708610534668,172500,0.0,0.0,AEIS,1d
2012-08-06 00:00:00-04:00,12.099101652849619,12.520707596021918,11.961834362383613,12.275588035583496,228600,0.0,0.0,AEIS,1d
2012-08-07 00:00:00-04:00,12.354025096309936,12.73641097737293,12.246171901091692,12.51090145111084,289200,0.0,0.0,AEIS,1d
2012-08-08 00:00:00-04:00,12.373633542961047,12.638363079497916,11.981442675932481,12.236366271972656,393600,0.0,0.0,AEIS,1d
2012-08-09 00:00:00-04:00,12.187344298452883,12.736411565615194,12.187344298452883,12.589340209960938,300700,0.0,0.0,AEIS,1d
2012-08-10 00:00:00-04:00,12.589341736400069,12.814851300420216,12.295198054370191,12.765828132629395,239400,0.0,0.0,AEIS,1d
2012-08-13 00:00:00-04:00,12.746215506017236,13.138406378333508,12.57953415151862,13.118797302246094,328300,0.0,0.0,AEIS,1d
2012-08-14 00:00:00-04:00,13.177626347197904,13.363917725304326,13.00114091037644,13.285479545593262,411600,0.0,0.0,AEIS,1d
2012-08-15 00:00:00-04:00,13.148213866384982,13.32470025977763,13.040361589898904,13.197237968444824,261600,0.0,0.0,AEIS,1d
2012-08-16 00:00:00-04:00,13.148213001265544,13.148213001265544,12.775631159205444,13.030555725097656,478900,0.0,0.0,AEIS,1d
2012-08-17 00:00:00-04:00,12.991334312222971,13.314891997647381,12.991334312222971,13.275672912597656,301000,0.0,0.0,AEIS,1d
2012-08-20 00:00:00-04:00,13.246261100030896,13.246261100030896,12.873679260752672,13.099188804626465,246900,0.0,0.0,AEIS,1d
2012-08-21 00:00:00-04:00,13.128601321504611,13.25606357919573,12.912895890407583,13.020748138427734,196900,0.0,0.0,AEIS,1d
2012-08-22 00:00:00-04:00,13.001140291725518,13.030554373953303,12.756020758028084,12.912897109985352,192300,0.0,0.0,AEIS,1d
2012-08-23 00:00:00-04:00,12.93250885561981,12.93250885561981,12.736413375200659,12.854070663452148,136200,0.0,0.0,AEIS,1d
2012-08-24 00:00:00-04:00,12.824653810529721,12.922701997131453,12.74621563527106,12.78543472290039,213300,0.0,0.0,AEIS,1d
2012-08-27 00:00:00-04:00,12.87367620117544,12.893285274868232,12.73640894509916,12.84426212310791,240300,0.0,0.0,AEIS,1d
2012-08-28 00:00:00-04:00,12.86387414498932,12.912898243041843,12.41285412600852,12.677583694458008,225900,0.0,0.0,AEIS,1d
2012-08-29 00:00:00-04:00,12.746215515919344,12.805044614340884,12.55992508518859,12.65797233581543,219300,0.0,0.0,AEIS,1d
2012-08-30 00:00:00-04:00,12.55012013946949,12.579534221292159,12.37363377841987,12.393243789672852,224600,0.0,0.0,AEIS,1d
2012-08-31 00:00:00-04:00,12.530510247420768,12.638363440224579,12.383438901851513,12.520706176757812,364700,0.0,0.0,AEIS,1d
2012-09-04 00:00:00-04:00,12.550121149055357,12.981531145700592,12.354025696034794,12.88348388671875,258400,0.0,0.0,AEIS,1d
2012-09-05 00:00:00-04:00,12.854070663452148,13.030557063357888,12.7854374790697,12.854070663452148,361600,0.0,0.0,AEIS,1d
2012-09-06 00:00:00-04:00,12.96192031615621,13.226648908192349,12.883482145548706,13.207039833068848,327900,0.0,0.0,AEIS,1d
2012-09-07 00:00:00-04:00,13.040359725030726,13.295284271240234,12.814849261827902,13.295284271240234,323400,0.0,0.0,AEIS,1d
2012-09-10 00:00:00-04:00,13.16782199813548,13.38352652026029,13.16782199813548,13.295284271240234,406000,0.0,0.0,AEIS,1d
2012-09-11 00:00:00-04:00,13.197237112640625,13.324699395707857,13.010946658962006,13.1286039352417,279400,0.0,0.0,AEIS,1d
2012-09-12 00:00:00-04:00,13.128604397925015,13.33450487243513,13.059970283050346,13.177627563476562,181800,0.0,0.0,AEIS,1d
2012-09-13 00:00:00-04:00,13.187429280387873,13.56001104297473,13.089382038690308,13.32469654083252,203300,0.0,0.0,AEIS,1d
2012-09-14 00:00:00-04:00,13.383523308959347,13.716885953236089,13.197232914540553,13.471766471862793,236100,0.0,0.0,AEIS,1d
2012-09-17 00:00:00-04:00,13.432550430297852,13.471769518785532,13.22664998197332,13.432550430297852,149300,0.0,0.0,AEIS,1d
2012-09-18 00:00:00-04:00,13.461965092662831,13.599232375809787,13.2560655705277,13.51098918914795,197000,0.0,0.0,AEIS,1d
2012-09-19 00:00:00-04:00,13.403134911501093,13.403134911501093,12.981529054142522,13.020748138427734,262800,0.0,0.0,AEIS,1d
2012-09-20 00:00:00-04:00,12.922701772019883,13.207040386143596,12.922701772019883,13.089383125305176,200500,0.0,0.0,AEIS,1d
2012-09-21 00:00:00-04:00,13.265867648974488,13.285477658645458,12.775628627880979,13.020748138427734,1042200,0.0,0.0,AEIS,1d
2012-09-24 00:00:00-04:00,12.942313863405019,12.991337967274058,12.746218382985868,12.854070663452148,239600,0.0,0.0,AEIS,1d
2012-09-25 00:00:00-04:00,12.912896932138416,12.971725095783755,12.354024702223692,12.393243789672852,278000,0.0,0.0,AEIS,1d
2012-09-26 00:00:00-04:00,12.403048972779537,12.530511252186702,12.001053056602952,12.157929420471191,251500,0.0,0.0,AEIS,1d
2012-09-27 00:00:00-04:00,12.197147693137872,12.412853146513577,12.069686357338908,12.383439064025879,184500,0.0,0.0,AEIS,1d
2012-09-28 00:00:00-04:00,12.314805845620622,12.314805845620622,12.079490381457777,12.089295387268066,146400,0.0,0.0,AEIS,1d
2012-10-01 00:00:00-04:00,12.089295387268066,12.324609916374092,12.010857210899392,12.089295387268066,235100,0.0,0.0,AEIS,1d
2012-10-02 00:00:00-04:00,12.099100672420835,12.265782034816793,11.853981131845233,11.981443405151367,236200,0.0,0.0,AEIS,1d
2012-10-03 00:00:00-04:00,11.981441678653287,12.059879845530174,11.726517168775052,11.942222595214844,276900,0.0,0.0,AEIS,1d
2012-10-04 00:00:00-04:00,11.971636674029499,12.148123017030848,11.863784428337956,11.942222595214844,149900,0.0,0.0,AEIS,1d
2012-10-05 00:00:00-04:00,12.030469606857672,12.128516879222248,11.824569119317953,11.844178199768066,187500,0.0,0.0,AEIS,1d
2012-10-08 00:00:00-04:00,11.785348219143136,11.834371380291973,11.599056840572857,11.775543212890625,158900,0.0,0.0,AEIS,1d
2012-10-09 00:00:00-04:00,11.77554310075281,11.795152178014236,11.53042355711544,11.74612808227539,145800,0.0,0.0,AEIS,1d
2012-10-10 00:00:00-04:00,11.736325346640873,11.755934426133603,11.569643963196365,11.667691230773926,124300,0.0,0.0,AEIS,1d
2012-10-11 00:00:00-04:00,11.755936062774392,11.814765179556582,11.618669682044429,11.677497863769531,105900,0.0,0.0,AEIS,1d
2012-10-12 00:00:00-04:00,11.628469826111669,11.706907998610546,11.442179400191025,11.451984405517578,139500,0.0,0.0,AEIS,1d
2012-10-15 00:00:00-04:00,11.461790182703394,11.618667486120453,11.33432883470346,11.393157005310059,269200,0.0,0.0,AEIS,1d
2012-10-16 00:00:00-04:00,11.393156928447059,11.814762866863305,11.265694646250127,11.75593376159668,218000,0.0,0.0,AEIS,1d
2012-10-17 00:00:00-04:00,11.746129511020081,12.010859099176207,11.716715424021723,11.991249084472656,220700,0.0,0.0,AEIS,1d
2012-10-18 00:00:00-04:00,11.942223708516735,12.040270958724848,11.765737349062622,11.804956436157227,165600,0.0,0.0,AEIS,1d
2012-10-19 00:00:00-04:00,11.697104116578075,11.697104116578075,11.28530323680361,11.412765502929688,246700,0.0,0.0,AEIS,1d
2012-10-22 00:00:00-04:00,11.363741322726218,11.569641761021899,11.324522236148793,11.481398582458496,129700,0.0,0.0,AEIS,1d
2012-10-23 00:00:00-04:00,11.31471714432005,11.56964167265463,10.589163580650961,11.550031661987305,128300,0.0,0.0,AEIS,1d
2012-10-24 00:00:00-04:00,11.569641734421497,11.736323085756524,11.285303123624706,11.383350372314453,129300,0.0,0.0,AEIS,1d
2012-10-25 00:00:00-04:00,11.402960529084918,11.716713225000106,11.402960529084918,11.608860969543457,124500,0.0,0.0,AEIS,1d
2012-10-26 00:00:00-04:00,11.58925074826518,11.755932098710344,11.491203500098878,11.550031661987305,177900,0.0,0.0,AEIS,1d
2012-10-31 00:00:00-04:00,11.569642161708924,11.76573760138735,11.373546722030497,11.599056243896484,263500,0.0,0.0,AEIS,1d
2012-11-01 00:00:00-04:00,11.579447190004371,11.903004899868005,11.579447190004371,11.697104454040527,253300,0.0,0.0,AEIS,1d
2012-11-02 00:00:00-04:00,11.706908501955416,11.853980783006845,11.530423073773239,11.599056243896484,151800,0.0,0.0,AEIS,1d
2012-11-05 00:00:00-05:00,11.559838864325176,11.912810707910092,11.559838864325176,11.834372520446777,137000,0.0,0.0,AEIS,1d
2012-11-06 00:00:00-05:00,11.853979295777243,12.304999217979955,11.853979295777243,12.177536964416504,159200,0.0,0.0,AEIS,1d
2012-11-07 00:00:00-05:00,11.981443668909067,12.001052746357228,11.67749502047923,11.775543212890625,199800,0.0,0.0,AEIS,1d
2012-11-08 00:00:00-05:00,11.77554310075281,11.853981279912219,11.706908992695686,11.74612808227539,148100,0.0,0.0,AEIS,1d
2012-11-09 00:00:00-05:00,11.657883601194557,12.099098508300832,11.648078596911676,11.824564933776855,173000,0.0,0.0,AEIS,1d
2012-11-12 00:00:00-05:00,11.83437166253437,11.873590753422906,11.599057117203149,11.765738487243652,94900,0.0,0.0,AEIS,1d
2012-11-13 00:00:00-05:00,11.6578859260691,11.765738189519224,11.52061864390424,11.579447746276855,156800,0.0,0.0,AEIS,1d
2012-11-14 00:00:00-05:00,11.628471651139732,11.648081664870528,11.295109833228484,11.422571182250977,169000,0.0,0.0,AEIS,1d
2012-11-15 00:00:00-05:00,11.393154540758994,11.402959545424727,11.020572778971552,11.04998779296875,174600,0.0,0.0,AEIS,1d
2012-11-16 00:00:00-05:00,11.108819373788256,11.559839441760058,10.971552071342229,11.520620346069336,233000,0.0,0.0,AEIS,1d
2012-11-19 00:00:00-05:00,11.618667145252056,11.863786697387695,11.520618950375045,11.863786697387695,349800,0.0,0.0,AEIS,1d
2012-11-20 00:00:00-05:00,11.873588497905038,11.961831669405711,11.755931247589707,11.942222595214844,119300,0.0,0.0,AEIS,1d
2012-11-21 00:00:00-05:00,11.971638122715055,12.157928557826452,11.824566775787993,12.089295387268066,86100,0.0,0.0,AEIS,1d
2012-11-23 00:00:00-05:00,12.157927639472135,12.344218995568754,12.128513559319892,12.28538990020752,50100,0.0,0.0,AEIS,1d
2012-11-26 00:00:00-05:00,12.216757657631367,12.285390828189753,11.883394940536089,12.089295387268066,140200,0.0,0.0,AEIS,1d
2012-11-27 00:00:00-05:00,12.050077154075998,12.275587628429257,12.001053056602952,12.157929420471191,84000,0.0,0.0,AEIS,1d
2012-11-28 00:00:00-05:00,12.118710825273464,12.628559963759757,12.030468568280305,12.501097679138184,276300,0.0,0.0,AEIS,1d
2012-11-29 00:00:00-05:00,12.657972799972478,12.726605971433665,12.422658267771125,12.51090145111084,132400,0.0,0.0,AEIS,1d
2012-11-30 00:00:00-05:00,12.55992564007756,12.667777901048963,12.363829260046883,12.540315628051758,248400,0.0,0.0,AEIS,1d
2012-12-03 00:00:00-05:00,12.687386417497802,12.73641051033962,12.501095986767048,12.65797233581543,164800,0.0,0.0,AEIS,1d
2012-12-04 00:00:00-05:00,12.648169053747424,12.746217252791668,12.393245419334853,12.599145889282227,285100,0.0,0.0,AEIS,1d
2012-12-05 00:00:00-05:00,12.667779067579042,12.667779067579042,12.412854498109546,12.599145889282227,83600,0.0,0.0,AEIS,1d
2012-12-06 00:00:00-05:00,12.579536533669089,12.78543701439011,12.432465162464204,12.706998825073242,97700,0.0,0.0,AEIS,1d
2012-12-07 00:00:00-05:00,12.81484831324074,12.81484831324074,12.422657451993091,12.736410140991211,176500,0.0,0.0,AEIS,1d
2012-12-10 00:00:00-05:00,12.72660677165779,13.07957952721089,12.491292224660318,12.942312240600586,187600,0.0,0.0,AEIS,1d
2012-12-11 00:00:00-05:00,13.020751283180262,13.108994477898536,12.736412619675244,12.814850807189941,263400,0.0,0.0,AEIS,1d
2012-12-12 00:00:00-05:00,12.81484908574238,12.991335451471114,12.726605902878012,12.775629997253418,146000,0.0,0.0,AEIS,1d
2012-12-13 00:00:00-05:00,12.697192078942665,12.775630257518529,12.501096632503007,12.569729804992676,84000,0.0,0.0,AEIS,1d
2012-12-14 00:00:00-05:00,12.491292308869799,12.746216870697403,12.471683230682928,12.677583694458008,103000,0.0,0.0,AEIS,1d
2012-12-17 00:00:00-05:00,12.736410908764459,12.854068174231339,12.628558649184024,12.775629997253418,121200,0.0,0.0,AEIS,1d
2012-12-18 00:00:00-05:00,12.824654485728082,12.854068569234485,12.68738720427011,12.79524040222168,141800,0.0,0.0,AEIS,1d
2012-12-19 00:00:00-05:00,12.775631159205444,13.079579823931837,12.726607060371261,13.030555725097656,236400,0.0,0.0,AEIS,1d
2012-12-20 00:00:00-05:00,13.020747940939629,13.344305615149347,13.020747940939629,13.32469654083252,248100,0.0,0.0,AEIS,1d
2012-12-21 00:00:00-05:00,13.14821180499796,13.442355436183979,12.55012047179662,13.432550430297852,948100,0.0,0.0,AEIS,1d
2012-12-24 00:00:00-05:00,13.412938319964907,13.716885953236089,12.952113433167256,13.471766471862793,98900,0.0,0.0,AEIS,1d
2012-12-26 00:00:00-05:00,13.471770769543891,13.658062158448828,13.37372350675011,13.520794868469238,206700,0.0,0.0,AEIS,1d
2012-12-27 00:00:00-05:00,13.560013192018959,13.560013192018959,13.148212280477905,13.481575012207031,122600,0.0,0.0,AEIS,1d
2012-12-28 00:00:00-05:00,13.383527290315309,13.589427753322784,13.295285036218013,13.334504127502441,139900,0.0,0.0,AEIS,1d
2012-12-31 00:00:00-05:00,13.344306992342277,13.540403366088867,13.2364547348271,13.540403366088867,235000,0.0,0.0,AEIS,1d
2013-01-02 00:00:00-05:00,13.726695084382502,14.040447815664468,13.579623725358305,14.020838737487793,333200,0.0,0.0,AEIS,1d
2013-01-03 00:00:00-05:00,14.069861574477885,14.187518838163376,13.863961129264073,13.932594299316406,187800,0.0,0.0,AEIS,1d
2013-01-04 00:00:00-05:00,14.030641114054824,14.040445183776937,13.667863417691768,13.814935684204102,211800,0.0,0.0,AEIS,1d
2013-01-07 00:00:00-05:00,13.677670952779375,13.834547318035256,13.481575496209524,13.530599594116211,184100,0.0,0.0,AEIS,1d
2013-01-08 00:00:00-05:00,13.491380189782868,13.648256551398992,13.216845621897779,13.344307899475098,279900,0.0,0.0,AEIS,1d
2013-01-09 00:00:00-05:00,13.403133316296387,13.569814638434758,13.314890153392941,13.471766471862793,139400,0.0,0.0,AEIS,1d
2013-01-10 00:00:00-05:00,13.50118456039318,13.628645896911621,13.35411227701087,13.628645896911621,153800,0.0,0.0,AEIS,1d
2013-01-11 00:00:00-05:00,13.65806091462218,13.814937268851182,13.52079363714339,13.628645896911621,133000,0.0,0.0,AEIS,1d
2013-01-14 00:00:00-05:00,13.550203999474073,13.648252161475662,13.452156772529058,13.560009002685547,148900,0.0,0.0,AEIS,1d
2013-01-15 00:00:00-05:00,13.422745891916643,13.481574994225555,13.256065461331257,13.383526802062988,170900,0.0,0.0,AEIS,1d
2013-01-16 00:00:00-05:00,13.373722102968594,13.658060724821524,13.285478921176855,13.569817543029785,186900,0.0,0.0,AEIS,1d
2013-01-17 00:00:00-05:00,13.638449765624047,13.805131111858469,13.579621605221753,13.667863845825195,187100,0.0,0.0,AEIS,1d
2013-01-18 00:00:00-05:00,13.72669500067811,14.373810472529547,13.72669500067811,14.285567283630371,451100,0.0,0.0,AEIS,1d
2013-01-22 00:00:00-05:00,14.246346620282948,14.501271152290911,14.099275278385853,14.471857070922852,795900,0.0,0.0,AEIS,1d
2013-01-23 00:00:00-05:00,14.501273246537334,14.550297345935261,14.314982790893513,14.53068733215332,323900,0.0,0.0,AEIS,1d
2013-01-24 00:00:00-05:00,14.511074791789268,14.834632461550726,14.511074791789268,14.716975212097168,405100,0.0,0.0,AEIS,1d
2013-01-25 00:00:00-05:00,14.677758734457653,15.118973731994629,14.677758734457653,15.118973731994629,305100,0.0,0.0,AEIS,1d
2013-01-28 00:00:00-05:00,15.099363514018126,15.197411705495679,14.922878078438126,15.060144424438477,220300,0.0,0.0,AEIS,1d
2013-01-29 00:00:00-05:00,15.011122025958537,15.128779300671633,14.952292921073541,15.099364280700684,257900,0.0,0.0,AEIS,1d
2013-01-30 00:00:00-05:00,15.050340353336203,15.148387609756902,14.7758057912218,15.060144424438477,205900,0.0,0.0,AEIS,1d
2013-01-31 00:00:00-05:00,14.991511549398675,15.187607001194376,14.97190247174754,15.05034065246582,212900,0.0,0.0,AEIS,1d
2013-02-01 00:00:00-05:00,15.167999175700437,15.422922816551013,15.06995097418002,15.334680557250977,264400,0.0,0.0,AEIS,1d
2013-02-04 00:00:00-05:00,15.187606967008495,15.295460166546016,14.40322422653439,14.854244232177734,242600,0.0,0.0,AEIS,1d
2013-02-05 00:00:00-05:00,15.687651620724555,16.13867070716576,15.099364310924624,15.589603424072266,895300,0.0,0.0,AEIS,1d
2013-02-06 00:00:00-05:00,15.805311464591993,16.599498386357773,15.697458250113852,16.28574562072754,804800,0.0,0.0,AEIS,1d
2013-02-07 00:00:00-05:00,16.13867360899029,16.285746865470223,15.834725827819089,16.079845428466797,495400,0.0,0.0,AEIS,1d
2013-02-08 00:00:00-05:00,16.030818378367577,16.26613291365074,15.766088824881386,16.05042839050293,392700,0.0,0.0,AEIS,1d
2013-02-11 00:00:00-05:00,16.00140600805389,16.28574562072754,15.873944648309358,16.28574562072754,371300,0.0,0.0,AEIS,1d
2013-02-12 00:00:00-05:00,16.02101507508092,16.972078323364258,16.02101507508092,16.972078323364258,747800,0.0,0.0,AEIS,1d
2013-02-13 00:00:00-05:00,16.942660827479592,17.550556151490852,16.942660827479592,17.354461669921875,689100,0.0,0.0,AEIS,1d
2013-02-14 00:00:00-05:00,17.39368400684348,17.63880357041813,17.217197621851515,17.472122192382812,456600,0.0,0.0,AEIS,1d
2013-02-15 00:00:00-05:00,17.550557644970016,17.6486058291547,17.481924477074806,17.59958267211914,489700,0.0,0.0,AEIS,1d
2013-02-19 00:00:00-05:00,17.648604685179443,18.11923369462367,17.60938466600237,18.001577377319336,581800,0.0,0.0,AEIS,1d
2013-02-20 00:00:00-05:00,18.00158427877502,18.38397026178359,17.756464675284573,17.76626968383789,668100,0.0,0.0,AEIS,1d
2013-02-21 00:00:00-05:00,17.67802261700796,17.727045778956267,17.16817350424506,17.374073028564453,308000,0.0,0.0,AEIS,1d
2013-02-22 00:00:00-05:00,17.35446624550259,17.991776751329926,17.158369842118532,17.589780807495117,512700,0.0,0.0,AEIS,1d
2013-02-25 00:00:00-05:00,17.795680735634175,17.805485743028374,16.88383561922691,16.92305564880371,411100,0.0,0.0,AEIS,1d
2013-02-26 00:00:00-05:00,17.021102627123504,17.560364904180393,17.011297620435258,17.325050354003906,429500,0.0,0.0,AEIS,1d
2013-02-27 00:00:00-05:00,17.207393655761287,17.589781469745606,17.158370488126515,17.40349006652832,268900,0.0,0.0,AEIS,1d
2013-02-28 00:00:00-05:00,17.39368347460759,17.981970783208297,17.374073461294348,17.687828063964844,345900,0.0,0.0,AEIS,1d
2013-03-01 00:00:00-05:00,17.57016874511623,18.33494238503367,17.501535572966016,18.11923599243164,534200,0.0,0.0,AEIS,1d
2013-03-04 00:00:00-05:00,18.01138332039892,18.47220734905505,17.76626379811328,18.46240234375,511300,0.0,0.0,AEIS,1d
2013-03-05 00:00:00-05:00,18.334941554605287,18.893813782645886,18.325136549011678,18.805570602416992,534400,0.0,0.0,AEIS,1d
2013-03-06 00:00:00-05:00,18.92322464777653,19.10951599136714,18.68791015224209,18.88400650024414,568900,0.0,0.0,AEIS,1d
2013-03-07 00:00:00-05:00,19.040884099152393,19.482099976495245,19.001664078893697,19.433074951171875,563200,0.0,0.0,AEIS,1d
2013-03-08 00:00:00-05:00,19.589956987797343,19.609567003628342,19.138937844368634,19.207571029663086,342400,0.0,0.0,AEIS,1d
2013-03-11 00:00:00-04:00,19.06050003780063,19.19776641117398,18.893818640084096,19.129133224487305,311100,0.0,0.0,AEIS,1d
2013-03-12 00:00:00-04:00,19.08010924583883,19.286010687472597,18.805576483812718,19.060501098632812,349200,0.0,0.0,AEIS,1d
2013-03-13 00:00:00-04:00,18.972251350503356,19.227175877443333,18.972251350503356,19.187955856323242,179200,0.0,0.0,AEIS,1d
2013-03-14 00:00:00-04:00,19.16834591683074,19.58014678955078,19.16834591683074,19.58014678955078,199200,0.0,0.0,AEIS,1d
2013-03-15 00:00:00-04:00,19.550732245783603,19.560537250398895,18.844786874389992,19.001663208007812,559000,0.0,0.0,AEIS,1d
2013-03-18 00:00:00-04:00,18.73693695309726,19.011469622226944,18.73693695309726,18.85459327697754,281900,0.0,0.0,AEIS,1d
2013-03-19 00:00:00-04:00,18.197678828026543,18.629089853529724,17.393686828303,18.580066680908203,479200,0.0,0.0,AEIS,1d
2013-03-20 00:00:00-04:00,18.668304443359375,18.82518079413436,18.26630669062066,18.668304443359375,277900,0.0,0.0,AEIS,1d
2013-03-21 00:00:00-04:00,18.540843291074317,18.805572863591987,18.472210113780218,18.531038284301758,219400,0.0,0.0,AEIS,1d
2013-03-22 00:00:00-04:00,18.58986618693644,18.84479074900799,18.550648030525167,18.638891220092773,202900,0.0,0.0,AEIS,1d
2013-03-25 00:00:00-04:00,18.75654442284526,19.02127394727823,18.570254938345155,18.84478759765625,218900,0.0,0.0,AEIS,1d
2013-03-26 00:00:00-04:00,18.913426105526295,19.17815380845572,18.825182914511878,19.119325637817383,240300,0.0,0.0,AEIS,1d
2013-03-27 00:00:00-04:00,18.903621947232484,18.933035098814962,18.482015986820464,18.79576873779297,574800,0.0,0.0,AEIS,1d
2013-03-28 00:00:00-04:00,17.67802322894233,18.33494372040356,17.668218222190514,17.942750930786133,474000,0.0,0.0,AEIS,1d
2013-04-01 00:00:00-04:00,17.86430984933214,18.178064404158526,17.86430984933214,18.011383056640625,333900,0.0,0.0,AEIS,1d
2013-04-02 00:00:00-04:00,18.119240139807808,18.129045148089812,17.521149595518548,17.61919593811035,291400,0.0,0.0,AEIS,1d
2013-04-03 00:00:00-04:00,17.61919257853349,17.61919257853349,17.276026704667842,17.374073028564453,295400,0.0,0.0,AEIS,1d
2013-04-04 00:00:00-04:00,17.39368440411106,17.59958581467571,17.207393007907594,17.589780807495117,234500,0.0,0.0,AEIS,1d
2013-04-05 00:00:00-04:00,17.246608131873515,17.442704479489805,16.962268614841232,17.432899475097656,247800,0.0,0.0,AEIS,1d
2013-04-08 00:00:00-04:00,17.452511345753592,17.815289105384867,17.354465021092928,17.795679092407227,164300,0.0,0.0,AEIS,1d
2013-04-09 00:00:00-04:00,18.13884487996455,18.285916221184795,17.511339493364282,17.59958267211914,378700,0.0,0.0,AEIS,1d
2013-04-10 00:00:00-04:00,17.815291094398674,18.129043856615226,17.756462919011565,18.021190643310547,365600,0.0,0.0,AEIS,1d
2013-04-11 00:00:00-04:00,17.942747657483583,18.383963530255098,17.923139517670887,18.089820861816406,647600,0.0,0.0,AEIS,1d
2013-04-12 00:00:00-04:00,18.03098908842209,18.236890432509078,17.75645645645717,17.785869598388672,230600,0.0,0.0,AEIS,1d
2013-04-15 00:00:00-04:00,17.687829776149986,17.736852944064744,17.07012738778571,17.23680877685547,333400,0.0,0.0,AEIS,1d
2013-04-16 00:00:00-04:00,17.393683256270673,17.707435984888942,17.14856370327343,17.628997802734375,209000,0.0,0.0,AEIS,1d
2013-04-17 00:00:00-04:00,17.50153761647092,17.50153761647092,16.96227344211426,17.197589874267578,323900,0.0,0.0,AEIS,1d
2013-04-18 00:00:00-04:00,17.285828749895117,17.550558295979403,16.893637868722266,17.050514221191406,626700,0.0,0.0,AEIS,1d
2013-04-19 00:00:00-04:00,17.040709888151458,17.305439444687057,16.668129003856464,17.060319900512695,225600,0.0,0.0,AEIS,1d
2013-04-22 00:00:00-04:00,17.266222183988237,17.45251170072349,16.677934873490113,17.325050354003906,250700,0.0,0.0,AEIS,1d
2013-04-23 00:00:00-04:00,17.3544602839922,17.756456089735583,17.246607112168718,17.50153160095215,333500,0.0,0.0,AEIS,1d
2013-04-24 00:00:00-04:00,17.50153523307242,17.766264780608008,17.38387703301872,17.63880157470703,281200,0.0,0.0,AEIS,1d
2013-04-25 00:00:00-04:00,17.756460783761018,18.17806670858328,17.66821759623479,17.932947158813477,424600,0.0,0.0,AEIS,1d
2013-04-26 00:00:00-04:00,17.94275322689734,18.040801436848803,17.65841547516357,17.864315032958984,315400,0.0,0.0,AEIS,1d
2013-04-29 00:00:00-04:00,18.00158278291149,18.442796910462572,17.87411955242424,18.109434127807617,339800,0.0,0.0,AEIS,1d
2013-04-30 00:00:00-04:00,17.981970476745236,17.981970476745236,15.638627223993058,16.64851951599121,1287500,0.0,0.0,AEIS,1d
2013-05-01 00:00:00-04:00,16.521059397642322,16.893640321318934,16.275939827558947,16.638715744018555,510500,0.0,0.0,AEIS,1d
2013-05-02 00:00:00-04:00,16.76617719554895,17.089734919054553,16.570080812163976,17.060319900512695,277700,0.0,0.0,AEIS,1d
2013-05-03 00:00:00-04:00,17.364267573519125,17.63880213563237,17.33485442515558,17.423097610473633,464000,0.0,0.0,AEIS,1d
2013-05-06 00:00:00-04:00,17.383874095908133,17.63879859452541,17.315240936686816,17.511337280273438,223100,0.0,0.0,AEIS,1d
2013-05-07 00:00:00-04:00,17.58977564275854,17.638798794153352,17.393679296952588,17.570165634155273,205600,0.0,0.0,AEIS,1d
2013-05-08 00:00:00-04:00,17.462317748361603,17.530950929156827,17.28583135768022,17.452512741088867,173400,0.0,0.0,AEIS,1d
2013-05-09 00:00:00-04:00,17.36426802215204,17.54075439734795,17.29563484737891,17.374073028564453,167300,0.0,0.0,AEIS,1d
2013-05-10 00:00:00-04:00,17.43290176229437,17.628996265524894,17.423096756615802,17.55055809020996,250900,0.0,0.0,AEIS,1d
2013-05-13 00:00:00-04:00,17.4721198081843,17.570167994257538,16.423008518461923,16.962270736694336,466800,0.0,0.0,AEIS,1d
2013-05-14 00:00:00-04:00,17.011293636801987,17.481922626945043,16.82500229357785,17.432899475097656,382700,0.0,0.0,AEIS,1d
2013-05-15 00:00:00-04:00,17.31524667648476,18.080020425849977,17.31524667648476,17.736852645874023,831900,0.0,0.0,AEIS,1d
2013-05-16 00:00:00-04:00,17.63880280926792,17.991775564020354,17.53094960751272,17.628997802734375,343300,0.0,0.0,AEIS,1d
2013-05-17 00:00:00-04:00,17.74665499948426,17.93294637277563,17.687826833749916,17.893726348876953,223500,0.0,0.0,AEIS,1d
2013-05-20 00:00:00-04:00,17.7956786024434,18.727133621984358,17.727045429025086,18.403575897216797,508000,0.0,0.0,AEIS,1d
2013-05-21 00:00:00-04:00,18.472208325272977,18.84478919598732,18.423185166270493,18.56045150756836,396000,0.0,0.0,AEIS,1d
2013-05-22 00:00:00-04:00,18.57025760926706,19.11932487697395,17.942750290345437,18.12904167175293,611100,0.0,0.0,AEIS,1d
2013-05-23 00:00:00-04:00,17.88392228069284,18.148651845549683,17.707435904121613,17.795679092407227,243600,0.0,0.0,AEIS,1d
2013-05-24 00:00:00-04:00,17.60938941925618,17.82509584272824,17.39368486589807,17.736852645874023,290200,0.0,0.0,AEIS,1d
2013-05-28 00:00:00-04:00,17.962363311800846,18.48201751745676,17.95255830375669,18.285921096801758,224100,0.0,0.0,AEIS,1d
2013-05-29 00:00:00-04:00,18.09962173348409,18.41337624273048,17.972160425128717,18.168256759643555,183100,0.0,0.0,AEIS,1d
2013-05-30 00:00:00-04:00,18.187870901172566,18.599671843506584,18.187870901172566,18.452600479125977,213700,0.0,0.0,AEIS,1d
2013-05-31 00:00:00-04:00,18.30552573103056,18.413378917693176,18.011383056640625,18.011383056640625,289700,0.0,0.0,AEIS,1d
2013-06-03 00:00:00-04:00,18.030991820849657,18.08982185385439,17.462314592598958,17.825092315673828,407000,0.0,0.0,AEIS,1d
2013-06-04 00:00:00-04:00,17.815285483722924,18.129038147127453,17.717237308880662,17.854503631591797,373200,0.0,0.0,AEIS,1d
2013-06-05 00:00:00-04:00,17.766267087190762,17.785875231317387,17.158369736532087,17.168174743652344,211700,0.0,0.0,AEIS,1d
2013-06-06 00:00:00-04:00,17.22700376924972,17.266223799672716,16.766179632463437,17.23680877685547,209300,0.0,0.0,AEIS,1d
2013-06-07 00:00:00-04:00,17.472125037580856,17.825097865043634,17.472125037580856,17.76626968383789,188300,0.0,0.0,AEIS,1d
2013-06-10 00:00:00-04:00,17.844705939823662,18.07021550166164,17.589781355527442,17.96236228942871,185000,0.0,0.0,AEIS,1d
2013-06-11 00:00:00-04:00,17.834900376668237,18.08001994584136,17.442709440014024,17.589780807495117,261900,0.0,0.0,AEIS,1d
2013-06-12 00:00:00-04:00,17.73685283294989,17.9525573885831,17.18778550126556,17.207393646240234,134100,0.0,0.0,AEIS,1d
2013-06-13 00:00:00-04:00,17.16817196987695,17.727044194640165,17.00149061599024,17.658411026000977,138700,0.0,0.0,AEIS,1d
2013-06-14 00:00:00-04:00,17.638799301577787,17.658409310745185,16.756369460292394,16.991683959960938,256600,0.0,0.0,AEIS,1d
2013-06-17 00:00:00-04:00,17.217193455045784,17.472117963881725,16.86422264059967,16.991683959960938,177100,0.0,0.0,AEIS,1d
2013-06-18 00:00:00-04:00,17.06032004557256,17.550559138089667,17.06032004557256,17.48192596435547,137300,0.0,0.0,AEIS,1d
2013-06-19 00:00:00-04:00,17.50153837186873,17.65841475333274,17.22700376924972,17.23680877685547,112000,0.0,0.0,AEIS,1d
2013-06-20 00:00:00-04:00,16.96227009985871,17.20738962078218,16.67793242804652,16.95246696472168,348800,0.0,0.0,AEIS,1d
2013-06-21 00:00:00-04:00,17.060317121933423,17.207388450462087,16.756369460292394,16.991683959960938,544500,0.0,0.0,AEIS,1d
2013-06-24 00:00:00-04:00,16.746567636293925,16.874028979863237,16.56027625404915,16.61910629272461,223900,0.0,0.0,AEIS,1d
2013-06-25 00:00:00-04:00,16.86422583787718,17.040710343503115,16.67793445569486,16.815200805664062,225800,0.0,0.0,AEIS,1d
2013-06-26 00:00:00-04:00,17.011290182838678,17.011290182838678,16.48183127384377,16.491636276245117,231200,0.0,0.0,AEIS,1d
2013-06-27 00:00:00-04:00,16.589691005656274,17.1681732858329,15.971990570442689,17.11914825439453,262800,0.0,0.0,AEIS,1d
2013-06-28 00:00:00-04:00,17.119144916903966,17.226998094927957,17.001488604617222,17.07012176513672,1587100,0.0,0.0,AEIS,1d
2013-07-01 00:00:00-04:00,17.158369842118532,17.648608980464775,16.98188345309566,17.589780807495117,246800,0.0,0.0,AEIS,1d
2013-07-02 00:00:00-04:00,17.609388468653382,18.050604429106414,17.5603653042092,18.030994415283203,285300,0.0,0.0,AEIS,1d
2013-07-03 00:00:00-04:00,17.98196792602539,18.25650245844818,17.73684840889867,17.98196792602539,121000,0.0,0.0,AEIS,1d
2013-07-05 00:00:00-04:00,18.266309567941434,18.815378752257228,18.1486532213837,18.79576873779297,210200,0.0,0.0,AEIS,1d
2013-07-08 00:00:00-04:00,18.81537573183351,19.040885251629817,18.560451195062793,19.03108024597168,347500,0.0,0.0,AEIS,1d
2013-07-09 00:00:00-04:00,19.207568264525293,19.511515985693027,18.933033692755668,19.138935089111328,330400,0.0,0.0,AEIS,1d
2013-07-10 00:00:00-04:00,18.99186359498285,20.148826302410303,18.99186359498285,20.060583114624023,402700,0.0,0.0,AEIS,1d
2013-07-11 00:00:00-04:00,20.2958976350141,21.237155723421896,20.2958976350141,21.178327560424805,951000,0.0,0.0,AEIS,1d
2013-07-12 00:00:00-04:00,21.246961639870978,21.71759070425237,21.217546622054517,21.63915252685547,882200,0.0,0.0,AEIS,1d
2013-07-15 00:00:00-04:00,21.71759271909012,21.903884108983462,21.08028223484998,21.276378631591797,519900,0.0,0.0,AEIS,1d
2013-07-16 00:00:00-04:00,21.00184060640577,21.737199168436625,20.619454752586055,21.560712814331055,382500,0.0,0.0,AEIS,1d
2013-07-17 00:00:00-04:00,21.63915042543133,21.962708109536365,21.48227408587213,21.580322265625,334000,0.0,0.0,AEIS,1d
2013-07-18 00:00:00-04:00,21.63915252685547,21.76661573394647,21.354814835084337,21.63915252685547,384100,0.0,0.0,AEIS,1d
2013-07-19 00:00:00-04:00,21.52149466348178,21.76661418415873,21.433251486428993,21.560712814331055,375900,0.0,0.0,AEIS,1d
2013-07-22 00:00:00-04:00,21.52149559184326,21.717590094775527,21.374422377002045,21.462665557861328,221700,0.0,0.0,AEIS,1d
2013-07-23 00:00:00-04:00,21.53129779860895,21.619540975661735,21.325398298894804,21.560712814331055,327800,0.0,0.0,AEIS,1d
2013-07-24 00:00:00-04:00,21.61954129146648,21.61954129146648,21.188132275255033,21.286178588867188,168300,0.0,0.0,AEIS,1d
2013-07-25 00:00:00-04:00,21.188134740163683,21.423449286412435,20.93321018086576,21.070476531982422,295100,0.0,0.0,AEIS,1d
2013-07-26 00:00:00-04:00,20.805743171192628,21.08027769346463,20.678281849849498,20.874378204345703,667200,0.0,0.0,AEIS,1d
2013-07-29 00:00:00-04:00,20.75672348236826,21.08028121221633,20.560627095139353,20.590042114257812,733500,0.0,0.0,AEIS,1d
2013-07-30 00:00:00-04:00,22.443137924914943,22.4921629406555,20.442964035528586,20.825349807739258,1308000,0.0,0.0,AEIS,1d
2013-07-31 00:00:00-04:00,20.933211981058243,21.354817947303417,20.599849211009218,21.237159729003906,498900,0.0,0.0,AEIS,1d
2013-08-01 00:00:00-04:00,21.3352049622923,21.482276312106045,20.98223222664837,21.109695434570312,554200,0.0,0.0,AEIS,1d
2013-08-02 00:00:00-04:00,20.923407760761666,21.099894159792818,20.59004497817261,20.688093185424805,389600,0.0,0.0,AEIS,1d
2013-08-05 00:00:00-04:00,20.658672285907315,21.197936337345073,20.442967787400296,21.18813133239746,287300,0.0,0.0,AEIS,1d
2013-08-06 00:00:00-04:00,21.16852461540037,21.21754777765081,20.9430150768663,21.041061401367188,346900,0.0,0.0,AEIS,1d
2013-08-07 00:00:00-04:00,20.923404850478704,20.992038024974697,20.335117558905733,20.590042114257812,557800,0.0,0.0,AEIS,1d
2013-08-08 00:00:00-04:00,20.639062862716425,20.893987388260598,20.295897030362276,20.442968368530273,392600,0.0,0.0,AEIS,1d
2013-08-09 00:00:00-04:00,20.33512030534756,20.727311262660557,20.01156253180008,20.26648712158203,295200,0.0,0.0,AEIS,1d
2013-08-12 00:00:00-04:00,20.011554764452402,20.4821837305566,20.011554764452402,20.374332427978516,188100,0.0,0.0,AEIS,1d
2013-08-13 00:00:00-04:00,20.374340903787324,20.413559065554285,19.942929903666442,20.246877670288086,219100,0.0,0.0,AEIS,1d
2013-08-14 00:00:00-04:00,20.3056979558876,20.452771148165187,20.256674805203954,20.35472297668457,203100,0.0,0.0,AEIS,1d
2013-08-15 00:00:00-04:00,20.089997106649665,20.089997106649665,19.286005321364584,19.374248504638672,258000,0.0,0.0,AEIS,1d
2013-08-16 00:00:00-04:00,19.246781704699806,19.41346303420039,19.070297241210938,19.070297241210938,314300,0.0,0.0,AEIS,1d
2013-08-19 00:00:00-04:00,19.03107755055412,19.305612059758126,18.619276721804788,18.62908172607422,222600,0.0,0.0,AEIS,1d
2013-08-20 00:00:00-04:00,18.629084177947046,19.0506900664556,18.354549632610095,18.972251892089844,186600,0.0,0.0,AEIS,1d
2013-08-21 00:00:00-04:00,18.884009411024355,18.884009411024355,18.472208512835774,18.619279861450195,157000,0.0,0.0,AEIS,1d
2013-08-22 00:00:00-04:00,18.619277707333463,18.952640389685772,18.540839539139593,18.727130889892578,124200,0.0,0.0,AEIS,1d
2013-08-23 00:00:00-04:00,18.727133056487148,19.05069077148434,18.50162353060412,18.619279861450195,198400,0.0,0.0,AEIS,1d
2013-08-26 00:00:00-04:00,18.59966811491687,18.59966811491687,18.3153304501294,18.482011795043945,287700,0.0,0.0,AEIS,1d
2013-08-27 00:00:00-04:00,18.207480905142223,18.364357276410747,17.648608598733865,17.6682186126709,323100,0.0,0.0,AEIS,1d
2013-08-28 00:00:00-04:00,17.648604685179443,18.089820550354307,17.648604685179443,18.001577377319336,293300,0.0,0.0,AEIS,1d
2013-08-29 00:00:00-04:00,18.00157903720357,18.531036254119996,17.952554008711743,18.305526733398438,172200,0.0,0.0,AEIS,1d
2013-08-30 00:00:00-04:00,18.295722817149883,18.501624208849076,17.785873711156743,17.874116897583008,233600,0.0,0.0,AEIS,1d
2013-09-03 00:00:00-04:00,18.119239451730024,18.227092668622216,17.413295713261054,17.80548667907715,307100,0.0,0.0,AEIS,1d
2013-09-04 00:00:00-04:00,17.7760696653885,18.13884743697815,17.589780146301496,17.972166061401367,179200,0.0,0.0,AEIS,1d
2013-09-05 00:00:00-04:00,18.276113217900388,19.227178277533216,18.23689506199831,19.138935089111328,415000,0.0,0.0,AEIS,1d
2013-09-06 00:00:00-04:00,19.236985472316988,19.49190818996334,18.60947807547848,18.83498764038086,228700,0.0,0.0,AEIS,1d
2013-09-09 00:00:00-04:00,18.91342616692432,19.050692522230648,18.629086579373972,18.756547927856445,328600,0.0,0.0,AEIS,1d
2013-09-10 00:00:00-04:00,18.83498096307143,18.854590971358,18.55064332336948,18.736934661865234,378000,0.0,0.0,AEIS,1d
2013-09-11 00:00:00-04:00,18.629083129941844,18.864397639801172,18.354548600049213,18.482011795043945,293500,0.0,0.0,AEIS,1d
2013-09-12 00:00:00-04:00,18.48201744657335,18.64869884245662,17.834901879053387,17.864315032958984,273100,0.0,0.0,AEIS,1d
2013-09-13 00:00:00-04:00,17.903531469943296,18.17806602865784,17.903531469943296,18.11923599243164,241800,0.0,0.0,AEIS,1d
2013-09-16 00:00:00-04:00,18.4820117659437,18.619278095617144,17.8054813823424,17.923139572143555,381000,0.0,0.0,AEIS,1d
2013-09-17 00:00:00-04:00,17.91334057622809,17.942753730959986,17.462319545826535,17.61919593811035,405100,0.0,0.0,AEIS,1d
2013-09-18 00:00:00-04:00,17.58977564275854,17.687823815661517,17.099536648357013,17.570165634155273,429000,0.0,0.0,AEIS,1d
2013-09-19 00:00:00-04:00,17.648605581555323,17.77606691012771,17.236804709847824,17.34465789794922,246000,0.0,0.0,AEIS,1d
2013-09-20 00:00:00-04:00,17.344661810312715,17.344661810312715,17.021104043138493,17.177980422973633,874900,0.0,0.0,AEIS,1d
2013-09-23 00:00:00-04:00,17.18778550126556,17.334856874202472,16.991689090607025,17.207393646240234,291900,0.0,0.0,AEIS,1d
2013-09-24 00:00:00-04:00,17.29563307208508,17.29563307208508,16.962270368735787,17.040708541870117,414200,0.0,0.0,AEIS,1d
2013-09-25 00:00:00-04:00,17.001491878102353,17.89372687687439,16.88383367304821,17.48192596435547,646700,0.0,0.0,AEIS,1d
2013-09-26 00:00:00-04:00,17.57997646219586,17.599586477295354,17.168175495676262,17.40349006652832,311400,0.0,0.0,AEIS,1d
2013-09-27 00:00:00-04:00,17.354464512702943,17.50153586549933,17.20739128979284,17.25641632080078,387400,0.0,0.0,AEIS,1d
2013-09-30 00:00:00-04:00,17.079931549683923,17.305441103108155,16.854421996259692,17.168174743652344,403100,0.0,0.0,AEIS,1d
2013-10-01 00:00:00-04:00,17.217197095016,17.84470443024319,17.148563918533448,17.687828063964844,596500,0.0,0.0,AEIS,1d
2013-10-02 00:00:00-04:00,17.570168148044203,17.785872663202447,17.246610440250027,17.746654510498047,266100,0.0,0.0,AEIS,1d
2013-10-03 00:00:00-04:00,17.75646052940599,17.942750038080607,17.305439591831114,17.48192596435547,577200,0.0,0.0,AEIS,1d
2013-10-04 00:00:00-04:00,17.452513040429565,17.913339039582453,17.35446670624839,17.736852645874023,318800,0.0,0.0,AEIS,1d
2013-10-07 00:00:00-04:00,17.52114557564858,17.7172400859564,17.236806011048763,17.364267349243164,279000,0.0,0.0,AEIS,1d
2013-10-08 00:00:00-04:00,17.38387337525635,17.658407870874072,16.97207256688639,17.13875389099121,260300,0.0,0.0,AEIS,1d
2013-10-09 00:00:00-04:00,17.19758648564515,17.266219652285557,16.58968925090499,16.95246696472168,614600,0.0,0.0,AEIS,1d
2013-10-10 00:00:00-04:00,17.25642045975036,17.776072822277047,17.109349071678924,17.76626968383789,364100,0.0,0.0,AEIS,1d
2013-10-11 00:00:00-04:00,17.65841477777238,18.854597655619497,17.65841477777238,18.83498764038086,435800,0.0,0.0,AEIS,1d
2013-10-14 00:00:00-04:00,18.658499998047546,18.91342454324152,18.491818636578934,18.64869499206543,243400,0.0,0.0,AEIS,1d
2013-10-15 00:00:00-04:00,18.629087066175195,18.785963439228613,18.2565061477018,18.31533432006836,299600,0.0,0.0,AEIS,1d
2013-10-16 00:00:00-04:00,18.472207463633495,18.727131992805422,18.325136123372573,18.491817474365234,366000,0.0,0.0,AEIS,1d
2013-10-17 00:00:00-04:00,18.482015500047645,18.58006369967267,18.30552911474537,18.452600479125977,257200,0.0,0.0,AEIS,1d
2013-10-18 00:00:00-04:00,18.531035581136447,18.884008293004385,18.36435423054476,18.85459327697754,226000,0.0,0.0,AEIS,1d
2013-10-21 00:00:00-04:00,18.85459543205534,19.344834534522388,18.77615725046516,19.30561637878418,279400,0.0,0.0,AEIS,1d
2013-10-22 00:00:00-04:00,19.37425030189668,20.089998970304308,19.28600711043669,19.34483528137207,527800,0.0,0.0,AEIS,1d
2013-10-23 00:00:00-04:00,19.197760861603264,19.364442211136577,18.785959990409996,19.187955856323242,364200,0.0,0.0,AEIS,1d
2013-10-24 00:00:00-04:00,19.286004716149453,19.374247896654374,19.10951835513961,19.19776153564453,184200,0.0,0.0,AEIS,1d
2013-10-25 00:00:00-04:00,19.27620241080703,19.531126982408292,18.874206474466465,19.236984252929688,261700,0.0,0.0,AEIS,1d
2013-10-28 00:00:00-04:00,19.197760861603264,19.413465367423154,18.9918613610634,19.187955856323242,265300,0.0,0.0,AEIS,1d
2013-10-29 00:00:00-04:00,19.746830151564225,21.129304250093202,19.531125622968023,21.1195011138916,865300,0.0,0.0,AEIS,1d
2013-10-30 00:00:00-04:00,21.148916740689756,21.217549922824958,20.139025283362166,20.511606216430664,548900,0.0,0.0,AEIS,1d
2013-10-31 00:00:00-04:00,20.462584175952774,20.6684837336958,20.325315934010032,20.472387313842773,276000,0.0,0.0,AEIS,1d
2013-11-01 00:00:00-04:00,20.442968057043984,20.580234387894137,19.84487583814517,19.991947174072266,299400,0.0,0.0,AEIS,1d
2013-11-04 00:00:00-05:00,20.050783121225177,20.531217291083273,19.952734911636696,20.246877670288086,369800,0.0,0.0,AEIS,1d
2013-11-05 00:00:00-05:00,21.325399450739397,26.031693753891602,21.325399450739397,25.463016510009766,2297700,0.0,0.0,AEIS,1d
2013-11-06 00:00:00-05:00,25.492431527886968,25.54145468662591,23.266745711048024,23.590303421020508,1496600,0.0,0.0,AEIS,1d
2013-11-07 00:00:00-05:00,23.129477206179907,24.12956525982707,23.10006219162083,23.864835739135742,688900,0.0,0.0,AEIS,1d
2013-11-08 00:00:00-05:00,23.776598624899837,24.37469098256058,23.776598624899837,23.982498168945312,417200,0.0,0.0,AEIS,1d
2013-11-11 00:00:00-05:00,23.07065200805664,23.786400623165413,22.658851101946414,23.07065200805664,914600,0.0,0.0,AEIS,1d
2013-11-12 00:00:00-05:00,23.00201261156291,23.35498528430942,22.678454951583056,22.923574447631836,442600,0.0,0.0,AEIS,1d
2013-11-13 00:00:00-05:00,22.600018222050846,23.070649105621076,22.55099506777498,22.60982322692871,420400,0.0,0.0,AEIS,1d
2013-11-14 00:00:00-05:00,22.521584918418696,22.81572951795754,22.080370824281232,22.34510040283203,475800,0.0,0.0,AEIS,1d
2013-11-15 00:00:00-05:00,22.384317531048172,22.874556637615246,22.158807990854623,22.805923461914062,488100,0.0,0.0,AEIS,1d
2013-11-18 00:00:00-05:00,22.903971907888682,23.207919633654516,22.25685642974785,22.305879592895508,466200,0.0,0.0,AEIS,1d
2013-11-19 00:00:00-05:00,22.30587796978594,22.364706135305198,21.47247116612285,21.63915252685547,505100,0.0,0.0,AEIS,1d
2013-11-20 00:00:00-05:00,21.707786365691717,22.69806955459359,21.57052001855548,22.600021362304688,670200,0.0,0.0,AEIS,1d
2013-11-21 00:00:00-05:00,22.796115868706607,23.835422133067453,22.62943451658249,23.71776580810547,599300,0.0,0.0,AEIS,1d
2013-11-22 00:00:00-05:00,23.678543010289008,24.109953848169074,23.433423513557003,23.64912986755371,677600,0.0,0.0,AEIS,1d
2013-11-25 00:00:00-05:00,23.70796187437495,23.93347139917406,22.96279825884803,23.28635597229004,304900,0.0,0.0,AEIS,1d
2013-11-26 00:00:00-05:00,23.296160561166015,23.482451929241556,23.10006418739033,23.168697357177734,485100,0.0,0.0,AEIS,1d
2013-11-27 00:00:00-05:00,23.217727248049354,23.874647806625738,22.99221768005952,23.688356399536133,356900,0.0,0.0,AEIS,1d
2013-11-29 00:00:00-05:00,23.815821783042527,23.94328315513261,23.335385710259303,23.354995727539062,138800,0.0,0.0,AEIS,1d
2013-12-02 00:00:00-05:00,23.28635717824197,23.28635717824197,22.61963170507832,22.884361267089844,474300,0.0,0.0,AEIS,1d
2013-12-03 00:00:00-05:00,22.786316304870624,23.041240896651516,22.551001728637655,22.70787811279297,375300,0.0,0.0,AEIS,1d
2013-12-04 00:00:00-05:00,22.521583557128906,23.188309031647563,22.394122214112695,22.521583557128906,458700,0.0,0.0,AEIS,1d
2013-12-05 00:00:00-05:00,22.394124138179347,22.7961200846873,21.815641801474943,21.933300018310547,455600,0.0,0.0,AEIS,1d
2013-12-06 00:00:00-05:00,22.168612841182444,22.364707360359173,21.41364417356193,21.99212646484375,533100,0.0,0.0,AEIS,1d
2013-12-09 00:00:00-05:00,22.050951484733062,22.433337332120093,21.815636973255387,22.001928329467773,470300,0.0,0.0,AEIS,1d
2013-12-10 00:00:00-05:00,21.874469482921704,22.266660413364256,21.57052174559296,21.590131759643555,400200,0.0,0.0,AEIS,1d
2013-12-11 00:00:00-05:00,21.697984461030302,21.697984461030302,20.884187527898995,21.021455764770508,336500,0.0,0.0,AEIS,1d
2013-12-12 00:00:00-05:00,20.98222979122347,21.16852114342518,20.73711027994723,20.96261978149414,403200,0.0,0.0,AEIS,1d
2013-12-13 00:00:00-05:00,21.08028286580616,21.23715923984956,20.658676909271815,20.893991470336914,271600,0.0,0.0,AEIS,1d
2013-12-16 00:00:00-05:00,20.94301429668281,21.423448375272013,20.76652792697378,21.364620208740234,392400,0.0,0.0,AEIS,1d
2013-12-17 00:00:00-05:00,21.305791696053728,21.845055849860845,21.178330347765545,21.44305992126465,325100,0.0,0.0,AEIS,1d
2013-12-18 00:00:00-05:00,21.443060007788187,21.472473158219774,20.776334503002627,21.276378631591797,321200,0.0,0.0,AEIS,1d
2013-12-19 00:00:00-05:00,21.21754777765081,21.51169236149477,20.982233232643903,21.041061401367188,307500,0.0,0.0,AEIS,1d
2013-12-20 00:00:00-05:00,21.139109500653337,21.82544498974706,20.795941756106473,21.766616821289062,527900,0.0,0.0,AEIS,1d
2013-12-23 00:00:00-05:00,21.874467288941652,22.21763501995232,21.648957760319725,21.89407730102539,349100,0.0,0.0,AEIS,1d
2013-12-24 00:00:00-05:00,21.835246052440258,21.884269205615393,21.619539690197445,21.737197875976562,89200,0.0,0.0,AEIS,1d
2013-12-26 00:00:00-05:00,21.77642177249177,22.05095636503224,21.501889050065216,21.933300018310547,405400,0.0,0.0,AEIS,1d
2013-12-27 00:00:00-05:00,22.031348445182886,22.031348445182886,21.550914265144964,21.79603385925293,295200,0.0,0.0,AEIS,1d
2013-12-30 00:00:00-05:00,21.815638496799263,22.119586194920604,21.776418473757214,22.080368041992188,476100,0.0,0.0,AEIS,1d
2013-12-31 00:00:00-05:00,22.060757896556627,22.54119195522356,21.923491556969964,22.41373062133789,347600,0.0,0.0,AEIS,1d
2014-01-02 00:00:00-05:00,22.286270613600074,22.649048396111343,21.864664658559423,22.43334197998047,361300,0.0,0.0,AEIS,1d
2014-01-03 00:00:00-05:00,22.698067881075634,23.286355121321204,22.433338342448092,22.854944229125977,412000,0.0,0.0,AEIS,1d
2014-01-06 00:00:00-05:00,23.051041534799438,23.051041534799438,22.374511087553568,22.560802459716797,346700,0.0,0.0,AEIS,1d
2014-01-07 00:00:00-05:00,22.678456042878995,23.49225273411661,22.462751549217092,23.05103874206543,532500,0.0,0.0,AEIS,1d
2014-01-08 00:00:00-05:00,23.09026033428325,24.482539421270676,22.98240900642528,24.080543518066406,794400,0.0,0.0,AEIS,1d
2014-01-09 00:00:00-05:00,24.257031202933778,24.453127597117923,23.325578005843614,23.51186752319336,335500,0.0,0.0,AEIS,1d
2014-01-10 00:00:00-05:00,23.580503675870474,23.845233280392538,23.256945893714857,23.4432373046875,365100,0.0,0.0,AEIS,1d
2014-01-13 00:00:00-05:00,23.44323368089734,23.629525063073576,22.89416641092469,23.305967330932617,685900,0.0,0.0,AEIS,1d
2014-01-14 00:00:00-05:00,23.53147244022894,24.67863179649464,23.266742926449147,24.413902282714844,370200,0.0,0.0,AEIS,1d
2014-01-15 00:00:00-05:00,24.560973307682673,26.20817665734485,24.364878828507365,25.051212310791016,805700,0.0,0.0,AEIS,1d
2014-01-16 00:00:00-05:00,25.36497518811248,27.198468615647272,25.247316965810004,26.629791259765625,1038200,0.0,0.0,AEIS,1d
2014-01-17 00:00:00-05:00,26.492518248982538,26.561151415567885,25.345358817176454,25.610088348388672,551000,0.0,0.0,AEIS,1d
2014-01-21 00:00:00-05:00,25.678720527056495,26.198372694132527,25.40418600116353,25.512039184570312,468000,0.0,0.0,AEIS,1d
2014-01-22 00:00:00-05:00,25.512038206889837,26.267006721578245,25.276723709476578,26.139543533325195,387300,0.0,0.0,AEIS,1d
2014-01-23 00:00:00-05:00,25.95325487750223,26.178766263906454,25.168873138181038,25.815988540649414,736600,0.0,0.0,AEIS,1d
2014-01-24 00:00:00-05:00,25.5610638898865,25.5610638898865,24.57078077974231,24.6688289642334,530100,0.0,0.0,AEIS,1d
2014-01-27 00:00:00-05:00,24.688440205812384,24.78648839519093,23.864838407214442,24.46293067932129,570100,0.0,0.0,AEIS,1d
2014-01-28 00:00:00-05:00,24.737463116767092,25.257117206169916,24.335467227458476,24.96297264099121,555800,0.0,0.0,AEIS,1d
2014-01-29 00:00:00-05:00,24.68843643671034,24.97277408537421,24.178587425869786,24.492340087890625,445100,0.0,0.0,AEIS,1d
2014-01-30 00:00:00-05:00,24.796291145853772,25.374771483334232,24.541366624701052,25.29633331298828,417100,0.0,0.0,AEIS,1d
2014-01-31 00:00:00-05:00,24.923755445947357,27.227879546255924,24.610002727118122,26.767053604125977,903600,0.0,0.0,AEIS,1d
2014-02-03 00:00:00-05:00,26.71802664959628,26.943536150472063,25.68852545334529,26.04149627685547,1187800,0.0,0.0,AEIS,1d
2014-02-04 00:00:00-05:00,26.669009764628623,27.9044107424907,25.65911647053907,26.159160614013672,1641300,0.0,0.0,AEIS,1d
2014-02-05 00:00:00-05:00,26.051298181135845,27.100409262195438,25.79637369609403,26.943532943725586,790700,0.0,0.0,AEIS,1d
2014-02-06 00:00:00-05:00,26.933733169089372,26.933733169089372,25.933646912211277,26.237594604492188,711100,0.0,0.0,AEIS,1d
2014-02-07 00:00:00-05:00,26.335643843797595,27.061197454140743,26.080719299064,26.36505699157715,516700,0.0,0.0,AEIS,1d
2014-02-10 00:00:00-05:00,26.276811156765056,26.492517525990603,25.815987143615576,26.325836181640625,588900,0.0,0.0,AEIS,1d
2014-02-11 00:00:00-05:00,26.335641380399647,26.698417216580857,26.217983189946,26.38466453552246,486600,0.0,0.0,AEIS,1d
2014-02-12 00:00:00-05:00,26.384668727771555,27.50241329916844,26.061110990255944,26.306230545043945,883200,0.0,0.0,AEIS,1d
2014-02-13 00:00:00-05:00,26.051305950548127,27.100417344489497,25.992477781105617,27.061199188232422,353600,0.0,0.0,AEIS,1d
2014-02-14 00:00:00-05:00,26.884709585808285,27.110219100056554,26.52193186583682,26.678808212280273,322800,0.0,0.0,AEIS,1d
2014-02-18 00:00:00-05:00,26.482715028581758,27.355339982744784,26.44349500496768,27.257291793823242,385300,0.0,0.0,AEIS,1d
2014-02-19 00:00:00-05:00,27.04158314241349,27.68869847225924,26.669002325577267,26.972949981689453,449000,0.0,0.0,AEIS,1d
2014-02-20 00:00:00-05:00,26.914127528086265,28.433868000771657,26.70822613217324,28.31620979309082,534200,0.0,0.0,AEIS,1d
2014-02-21 00:00:00-05:00,28.50249611781546,28.58093428564466,27.708309434780652,27.963233947753906,516000,0.0,0.0,AEIS,1d
2014-02-24 00:00:00-05:00,28.100502268080636,28.394644950785622,27.894602764209857,27.99264907836914,266600,0.0,0.0,AEIS,1d
2014-02-25 00:00:00-05:00,28.002457786420358,28.208359187629924,27.237685962220343,27.37495231628418,283200,0.0,0.0,AEIS,1d
2014-02-26 00:00:00-05:00,27.316122467936502,28.4338669854811,27.12983109164117,27.825969696044922,312200,0.0,0.0,AEIS,1d
2014-02-27 00:00:00-05:00,27.80635821458334,28.061282733080112,26.972951494519567,27.414165496826172,391600,0.0,0.0,AEIS,1d
2014-02-28 00:00:00-05:00,27.443585864814803,27.914214973787757,26.767055351845034,26.90432357788086,390800,0.0,0.0,AEIS,1d
2014-03-03 00:00:00-05:00,26.62978505530928,26.776856396335823,25.717940122785734,26.678808212280273,437100,0.0,0.0,AEIS,1d
2014-03-04 00:00:00-05:00,26.963153545240832,27.845583650880464,26.953348537719794,27.463197708129883,617300,0.0,0.0,AEIS,1d
2014-03-05 00:00:00-05:00,27.472995986580255,27.57104416766132,26.48271291087718,26.806270599365234,565900,0.0,0.0,AEIS,1d
2014-03-06 00:00:00-05:00,26.835687713050977,27.25729174547251,26.698419500758853,26.865100860595703,297500,0.0,0.0,AEIS,1d
2014-03-07 00:00:00-05:00,27.051393692014837,27.169050028770297,25.63950456015304,25.7669677734375,600300,0.0,0.0,AEIS,1d
2014-03-10 00:00:00-04:00,25.72774636023557,25.73755136612202,24.972777738002048,25.551259994506836,572600,0.0,0.0,AEIS,1d
2014-03-11 00:00:00-04:00,25.521845296311703,25.570868452651748,24.433514020518142,24.91394805908203,479600,0.0,0.0,AEIS,1d
2014-03-12 00:00:00-04:00,24.796294521198057,25.482628137622505,24.61000313997533,25.178680419921875,305800,0.0,0.0,AEIS,1d
2014-03-13 00:00:00-04:00,25.384580864398337,25.629700422749387,23.953083541282837,24.29625129699707,448200,0.0,0.0,AEIS,1d
2014-03-14 00:00:00-04:00,24.51195424916793,24.55117427362117,23.806010640032824,24.02171516418457,377300,0.0,0.0,AEIS,1d
2014-03-17 00:00:00-04:00,24.11976306592034,24.8159016605929,23.806010354512214,24.688440322875977,352100,0.0,0.0,AEIS,1d
2014-03-18 00:00:00-04:00,24.71785157592854,25.257115643671817,24.649218409333503,25.247310638427734,451300,0.0,0.0,AEIS,1d
2014-03-19 00:00:00-04:00,25.286537212824385,25.933652765736085,25.286537212824385,25.708141326904297,475300,0.0,0.0,AEIS,1d
2014-03-20 00:00:00-04:00,25.71793871227508,26.257202759947667,25.68852556775109,26.070911407470703,283700,0.0,0.0,AEIS,1d
2014-03-21 00:00:00-04:00,26.31603862579211,26.865105969025407,26.07091904237014,26.26701545715332,909600,0.0,0.0,AEIS,1d
2014-03-24 00:00:00-04:00,26.267007015992334,26.59056468732634,25.482623479042978,25.865009307861328,525400,0.0,0.0,AEIS,1d
2014-03-25 00:00:00-04:00,25.92384710026733,26.63959581940306,25.84540891008963,26.09052848815918,255600,0.0,0.0,AEIS,1d
2014-03-26 00:00:00-04:00,26.36505655852097,26.433689729030828,24.737462997436523,24.737462997436523,554200,0.0,0.0,AEIS,1d
2014-03-27 00:00:00-04:00,24.649224824811654,24.649224824811654,23.404018756538836,23.52167510986328,712500,0.0,0.0,AEIS,1d
2014-03-28 00:00:00-04:00,23.55108601352579,24.12956828150175,23.384404650378247,23.433427810668945,454900,0.0,0.0,AEIS,1d
2014-03-31 00:00:00-04:00,23.70796244901341,24.394296045921894,23.649134282447243,24.02171516418457,359600,0.0,0.0,AEIS,1d
2014-04-01 00:00:00-04:00,24.149175304419057,24.815900726111572,23.97269081348304,24.786487579345703,404900,0.0,0.0,AEIS,1d
2014-04-02 00:00:00-04:00,24.8257086946513,25.394385998063346,24.619809162261994,25.306142807006836,441400,0.0,0.0,AEIS,1d
2014-04-03 00:00:00-04:00,25.34536238229413,25.835601492705567,25.11985284033218,25.355167388916016,369500,0.0,0.0,AEIS,1d
2014-04-04 00:00:00-04:00,25.590477320885714,25.590477320885714,23.776592565571963,23.864835739135742,434300,0.0,0.0,AEIS,1d
2014-04-07 00:00:00-04:00,23.776593333832956,23.776593333832956,22.688262071456233,22.982406616210938,458800,0.0,0.0,AEIS,1d
2014-04-08 00:00:00-04:00,23.08045792237132,23.247137422482737,22.511778766215215,22.776508331298828,410800,0.0,0.0,AEIS,1d
2014-04-09 00:00:00-04:00,22.884361775172504,23.25694267544643,22.619632207283406,23.227529525756836,351800,0.0,0.0,AEIS,1d
2014-04-10 00:00:00-04:00,23.158894038195285,23.77659443150396,22.384315425040214,22.550996780395508,674300,0.0,0.0,AEIS,1d
2014-04-11 00:00:00-04:00,22.31568601582033,22.619633760876308,22.129394617831345,22.354904174804688,410400,0.0,0.0,AEIS,1d
2014-04-14 00:00:00-04:00,22.717681884765625,23.580501950683985,22.55100050190352,22.717681884765625,430600,0.0,0.0,AEIS,1d
2014-04-15 00:00:00-04:00,22.894162961488515,23.6393265078068,22.364703914059675,23.031429290771484,523400,0.0,0.0,AEIS,1d
2014-04-16 00:00:00-04:00,23.16869709008612,23.776594345691937,22.747093070521846,23.080455780029297,307700,0.0,0.0,AEIS,1d
2014-04-17 00:00:00-04:00,23.031433133961848,23.62952544583415,22.864751761970247,23.227529525756836,245700,0.0,0.0,AEIS,1d
2014-04-21 00:00:00-04:00,23.051044083406023,23.247138613051803,22.747096346881055,23.12948226928711,271100,0.0,0.0,AEIS,1d
2014-04-22 00:00:00-04:00,23.217724923706506,24.080544948388084,23.080458569126527,23.933473587036133,334900,0.0,0.0,AEIS,1d
2014-04-23 00:00:00-04:00,23.93347648189989,24.01191467544931,23.374604119096013,23.4432373046875,235600,0.0,0.0,AEIS,1d
2014-04-24 00:00:00-04:00,23.668738596982813,24.158977602687433,23.266742761914095,23.82561492919922,235700,0.0,0.0,AEIS,1d
2014-04-25 00:00:00-04:00,23.609916370438963,23.65893953527806,22.90397269814111,22.933385848999023,236400,0.0,0.0,AEIS,1d
2014-04-28 00:00:00-04:00,23.02162480708936,23.30596434717212,21.717589039033207,22.256853103637695,333000,0.0,0.0,AEIS,1d
2014-04-29 00:00:00-04:00,22.354903394976855,22.511779765669658,21.148915593983233,21.335206985473633,434600,0.0,0.0,AEIS,1d
2014-04-30 00:00:00-04:00,21.256765381765483,21.864660752914226,20.707698172637752,21.45285987854004,341700,0.0,0.0,AEIS,1d
2014-05-01 00:00:00-04:00,21.354817066630986,21.570521609484846,20.80574789736212,20.972429275512695,402200,0.0,0.0,AEIS,1d
2014-05-02 00:00:00-04:00,21.031254058421386,21.305786704294984,20.83515770841448,20.92340087890625,804000,0.0,0.0,AEIS,1d
2014-05-05 00:00:00-04:00,20.854772932179266,21.158720667590128,20.746919725695406,20.972429275512695,586400,0.0,0.0,AEIS,1d
2014-05-06 00:00:00-04:00,18.550650240965485,18.84479299449748,16.481840348099848,16.54067039489746,2864300,0.0,0.0,AEIS,1d
2014-05-07 00:00:00-04:00,16.962273501724056,17.315246281080565,16.42301119558619,16.638715744018555,1097400,0.0,0.0,AEIS,1d
2014-05-08 00:00:00-04:00,16.726954803941265,17.246608837300144,16.677931650088716,16.913246154785156,961100,0.0,0.0,AEIS,1d
2014-05-09 00:00:00-04:00,16.91324543534548,17.15836493440846,16.81519726169762,17.07012176513672,590100,0.0,0.0,AEIS,1d
2014-05-12 00:00:00-04:00,17.23680954755983,18.46240750136845,17.23680954755983,18.285921096801758,1242200,0.0,0.0,AEIS,1d
2014-05-13 00:00:00-04:00,18.178064658877016,18.285915976937375,17.825091948572286,17.90353012084961,689900,0.0,0.0,AEIS,1d
2014-05-14 00:00:00-04:00,17.92314230664812,18.06040865726407,17.746655930076894,17.795679092407227,607500,0.0,0.0,AEIS,1d
2014-05-15 00:00:00-04:00,17.75645677470005,17.815284929730705,17.20738776070284,17.511337280273438,526000,0.0,0.0,AEIS,1d
2014-05-16 00:00:00-04:00,17.521149103299955,17.972168250916997,17.40349087733539,17.864315032958984,659900,0.0,0.0,AEIS,1d
2014-05-19 00:00:00-04:00,17.727047720104654,18.266310041041375,17.648609530329967,17.96236228942871,563700,0.0,0.0,AEIS,1d
2014-05-20 00:00:00-04:00,17.883920926863315,18.001579125708556,17.579973229174087,17.77606773376465,519100,0.0,0.0,AEIS,1d
2014-05-21 00:00:00-04:00,17.864314929239992,18.344749098087323,17.717243550223717,18.227092742919922,637600,0.0,0.0,AEIS,1d
2014-05-22 00:00:00-04:00,18.246697950559177,18.57025564717863,18.138844761648176,18.491817474365234,394100,0.0,0.0,AEIS,1d
2014-05-23 00:00:00-04:00,18.51142483125683,18.982055718325444,18.393768512074782,18.81537437438965,384200,0.0,0.0,AEIS,1d
2014-05-27 00:00:00-04:00,19.031084627412184,19.393862439829487,18.962451442117732,19.207571029663086,403500,0.0,0.0,AEIS,1d
2014-05-28 00:00:00-04:00,19.217372408641552,19.36444375937355,19.001666015461847,19.266395568847656,333100,0.0,0.0,AEIS,1d
2014-05-29 00:00:00-04:00,19.295808869920126,19.413465191990102,19.148737532275895,19.32522201538086,388100,0.0,0.0,AEIS,1d
2014-05-30 00:00:00-04:00,19.384052221696624,19.57034171167644,19.129127694756644,19.187955856323242,432200,0.0,0.0,AEIS,1d
2014-06-02 00:00:00-04:00,19.138930727404507,19.16834387009945,18.44279038518174,18.62908172607422,424800,0.0,0.0,AEIS,1d
2014-06-03 00:00:00-04:00,16.91324600447518,17.77606584736082,16.197497491953598,17.41329002380371,2185700,0.0,0.0,AEIS,1d
2014-06-04 00:00:00-04:00,17.226998513191244,18.305524709277122,17.15836535100537,18.27610969543457,903500,0.0,0.0,AEIS,1d
2014-06-05 00:00:00-04:00,18.35454969567891,19.011470109542014,17.932945675835253,18.805570602416992,783500,0.0,0.0,AEIS,1d
2014-06-06 00:00:00-04:00,18.913420996217706,19.246781786522757,18.67810463700553,18.736934661865234,606600,0.0,0.0,AEIS,1d
2014-06-09 00:00:00-04:00,18.736942962094275,19.011475719267487,18.717332945120717,18.746747970581055,480200,0.0,0.0,AEIS,1d
2014-06-10 00:00:00-04:00,18.707522595996313,18.91342397520949,18.482013075521476,18.668304443359375,366500,0.0,0.0,AEIS,1d
2014-06-11 00:00:00-04:00,18.58006016936934,18.89381285246377,18.423183827822122,18.54084014892578,401800,0.0,0.0,AEIS,1d
2014-06-12 00:00:00-04:00,18.531036254119996,18.648694452386767,18.178065399546917,18.305526733398438,339800,0.0,0.0,AEIS,1d
2014-06-13 00:00:00-04:00,18.38396384370853,18.58006020608682,18.001577994195713,18.178064346313477,436900,0.0,0.0,AEIS,1d
2014-06-16 00:00:00-04:00,18.138845901677485,18.766351323623464,18.08982274188058,18.64869499206543,371300,0.0,0.0,AEIS,1d
2014-06-17 00:00:00-04:00,18.619277838058093,18.727131021374433,18.138843820733364,18.589862823486328,667700,0.0,0.0,AEIS,1d
2014-06-18 00:00:00-04:00,18.589869819341178,18.67811302615124,18.42319028438235,18.580066680908203,623200,0.0,0.0,AEIS,1d
2014-06-19 00:00:00-04:00,18.678109743379423,18.9330343104582,18.58006341536852,18.756547927856445,485700,0.0,0.0,AEIS,1d
2014-06-20 00:00:00-04:00,18.8742048979785,18.8742048979785,18.158456277947387,18.57025718688965,744100,0.0,0.0,AEIS,1d
2014-06-23 00:00:00-04:00,18.599675621593743,18.70752885010051,18.315337842049875,18.42319107055664,254000,0.0,0.0,AEIS,1d
2014-06-24 00:00:00-04:00,18.325141058696637,18.462407430560248,17.84470688705994,17.864315032958984,584900,0.0,0.0,AEIS,1d
2014-06-25 00:00:00-04:00,17.79567569002003,18.315329713891305,17.74665253706252,18.27610969543457,488600,0.0,0.0,AEIS,1d
2014-06-26 00:00:00-04:00,18.33494517582144,18.36435832829787,18.040800560259328,18.1878719329834,232400,0.0,0.0,AEIS,1d
2014-06-27 00:00:00-04:00,18.080014577779558,18.707519890116313,18.080014577779558,18.62908172607422,507500,0.0,0.0,AEIS,1d
2014-06-30 00:00:00-04:00,18.58006005717499,19.119322244223063,18.570255052123308,18.874202728271484,330400,0.0,0.0,AEIS,1d
2014-07-01 00:00:00-04:00,18.97224872404625,19.550730864689623,18.805567397587765,19.511510848999023,373900,0.0,0.0,AEIS,1d
2014-07-02 00:00:00-04:00,19.403661395617338,19.511512708820224,18.521229659599005,18.589862823486328,371100,0.0,0.0,AEIS,1d
2014-07-03 00:00:00-04:00,18.629083212319905,18.874202728271484,18.51142502181321,18.874202728271484,329600,0.0,0.0,AEIS,1d
2014-07-07 00:00:00-04:00,18.834984190164093,18.854594201810546,18.50162334274265,18.56045150756836,321900,0.0,0.0,AEIS,1d
2014-07-08 00:00:00-04:00,18.50162627039515,18.53103942240545,17.776070685575473,18.099628448486328,652900,0.0,0.0,AEIS,1d
2014-07-09 00:00:00-04:00,17.648604023518075,18.1584530330247,17.403484523191437,17.991771697998047,579900,0.0,0.0,AEIS,1d
2014-07-10 00:00:00-04:00,17.5603609771784,18.29571948332528,17.403484645476137,17.854503631591797,424500,0.0,0.0,AEIS,1d
2014-07-11 00:00:00-04:00,17.82509158467337,18.13884426737741,17.472118881574566,17.98196792602539,428900,0.0,0.0,AEIS,1d
2014-07-14 00:00:00-04:00,18.19767883949888,18.246703882265468,17.707439632517985,17.76626968383789,294900,0.0,0.0,AEIS,1d
2014-07-15 00:00:00-04:00,17.72704445219696,17.854505785791115,17.3936817395801,17.55055809020996,268000,0.0,0.0,AEIS,1d
2014-07-16 00:00:00-04:00,17.717244150816263,17.805487355240174,17.31524816182472,17.61919593811035,209800,0.0,0.0,AEIS,1d
2014-07-17 00:00:00-04:00,17.44270766110202,17.70743534752391,16.97207671500083,17.060319900512695,359100,0.0,0.0,AEIS,1d
2014-07-18 00:00:00-04:00,17.0505138518318,17.28582837543797,16.962270671715284,17.128952026367188,414000,0.0,0.0,AEIS,1d
2014-07-21 00:00:00-04:00,17.04070787221931,17.4721187425617,16.972074707188053,17.393680572509766,280000,0.0,0.0,AEIS,1d
2014-07-22 00:00:00-04:00,17.501535643879244,18.070212905574234,17.481925631724387,17.95255470275879,471000,0.0,0.0,AEIS,1d
2014-07-23 00:00:00-04:00,17.99177465416891,18.40357555718389,17.99177465416891,18.11923599243164,524800,0.0,0.0,AEIS,1d
2014-07-24 00:00:00-04:00,18.158453603195813,18.266304915048945,17.18778057583702,17.24660873413086,557100,0.0,0.0,AEIS,1d
2014-07-25 00:00:00-04:00,17.070127982244035,17.334857586476367,16.76618021633694,17.02110481262207,406400,0.0,0.0,AEIS,1d
2014-07-28 00:00:00-04:00,17.05051796634963,17.24661438506559,16.403402402746632,17.02110481262207,437500,0.0,0.0,AEIS,1d
2014-07-29 00:00:00-04:00,17.021102282137786,17.25641682754489,16.638714509501693,16.64851951599121,341900,0.0,0.0,AEIS,1d
2014-07-30 00:00:00-04:00,16.815199267391264,16.834809278482563,16.560274733545118,16.73676109313965,294700,0.0,0.0,AEIS,1d
2014-07-31 00:00:00-04:00,16.511246281047814,16.726950723538526,16.393588122344617,16.491636276245117,402400,0.0,0.0,AEIS,1d
2014-08-01 00:00:00-04:00,16.511248701144414,16.658320018495292,15.942571569304615,16.27593421936035,386100,0.0,0.0,AEIS,1d
2014-08-04 00:00:00-04:00,16.432817179215853,16.61910858718026,16.11906441008465,16.54067039489746,312500,0.0,0.0,AEIS,1d
2014-08-05 00:00:00-04:00,16.177887626316238,17.403485173764437,15.687648607336957,16.913246154785156,871600,0.0,0.0,AEIS,1d
2014-08-06 00:00:00-04:00,16.70734763285087,17.354463025802207,16.70734763285087,17.011295318603516,458400,0.0,0.0,AEIS,1d
2014-08-07 00:00:00-04:00,17.099541828971407,17.099541828971407,16.432816295370674,16.472034454345703,321100,0.0,0.0,AEIS,1d
2014-08-08 00:00:00-04:00,16.49163806748111,17.197583356150425,16.383784899464807,17.158363342285156,409900,0.0,0.0,AEIS,1d
2014-08-11 00:00:00-04:00,17.256415149588364,17.962358717166065,17.06031877909332,17.658411026000977,365500,0.0,0.0,AEIS,1d
2014-08-12 00:00:00-04:00,17.589778409196054,17.70743473909338,17.18778252017185,17.442707061767578,213100,0.0,0.0,AEIS,1d
2014-08-13 00:00:00-04:00,17.668220000256536,18.285920526873653,17.579976800723518,18.109434127807617,460700,0.0,0.0,AEIS,1d
2014-08-14 00:00:00-04:00,18.060410289101284,18.217286666869338,17.736852526190425,18.099628448486328,352500,0.0,0.0,AEIS,1d
2014-08-15 00:00:00-04:00,18.334943065964108,18.50162443456792,17.707435747042485,18.12904167175293,375800,0.0,0.0,AEIS,1d
2014-08-18 00:00:00-04:00,18.295724305908212,18.325139327148435,17.99177656688145,18.31533432006836,274600,0.0,0.0,AEIS,1d
2014-08-19 00:00:00-04:00,18.315331739096802,18.37415990317338,17.854505821841702,18.305526733398438,391600,0.0,0.0,AEIS,1d
2014-08-20 00:00:00-04:00,18.227092051858804,18.668308042293443,18.187872021547292,18.609477996826172,289300,0.0,0.0,AEIS,1d
2014-08-21 00:00:00-04:00,18.570256513391584,18.736937872159128,18.315331972328657,18.56045150756836,280300,0.0,0.0,AEIS,1d
2014-08-22 00:00:00-04:00,18.560453887317884,18.85459661927391,18.33494433481067,18.7075252532959,303300,0.0,0.0,AEIS,1d
2014-08-25 00:00:00-04:00,18.80557448763689,18.96245086931802,18.687916266319046,18.83498764038086,260900,0.0,0.0,AEIS,1d
2014-08-26 00:00:00-04:00,18.8349836962363,19.29580960727499,18.648694200821197,19.168346405029297,286500,0.0,0.0,AEIS,1d
2014-08-27 00:00:00-04:00,19.178152837126245,19.18795784342167,18.531037382537985,18.82518196105957,383300,0.0,0.0,AEIS,1d
2014-08-28 00:00:00-04:00,18.766351323623464,18.85459450734883,18.53103679039372,18.64869499206543,262800,0.0,0.0,AEIS,1d
2014-08-29 00:00:00-04:00,18.717326387671555,18.913422748478215,18.59966819716486,18.874202728271484,176400,0.0,0.0,AEIS,1d
2014-09-02 00:00:00-04:00,18.96244590362313,19.315418605029723,18.8055695630232,18.874202728271484,396600,0.0,0.0,AEIS,1d
2014-09-03 00:00:00-04:00,19.011469371177807,19.011469371177807,18.4722071752682,18.599668502807617,443000,0.0,0.0,AEIS,1d
2014-09-04 00:00:00-04:00,18.678104877308023,19.03107755055412,18.540838557762694,18.62908172607422,375800,0.0,0.0,AEIS,1d
2014-09-05 00:00:00-04:00,18.7859602858459,18.92322662169785,18.43298757066823,18.717327117919922,503300,0.0,0.0,AEIS,1d
2014-09-08 00:00:00-04:00,18.766347804181766,19.099710464600136,18.511423306796345,18.736934661865234,425900,0.0,0.0,AEIS,1d
2014-09-09 00:00:00-04:00,18.668302399548278,18.795763719305846,18.256501556319613,18.27610969543457,365400,0.0,0.0,AEIS,1d
2014-09-10 00:00:00-04:00,18.305530242367855,18.717331210068856,18.119238838616123,18.609477996826172,306700,0.0,0.0,AEIS,1d
2014-09-11 00:00:00-04:00,18.49181540652889,18.972249395050888,18.49181540652889,18.62908172607422,443300,0.0,0.0,AEIS,1d
2014-09-12 00:00:00-04:00,18.62908535384891,18.854594885620845,18.354550791182835,18.57025718688965,439900,0.0,0.0,AEIS,1d
2014-09-15 00:00:00-04:00,18.531035945570487,18.609474119737765,17.89372554669714,18.217283248901367,502500,0.0,0.0,AEIS,1d
2014-09-16 00:00:00-04:00,18.168256376573503,18.580057174281418,18.07020821138339,18.413375854492188,252000,0.0,0.0,AEIS,1d
2014-09-17 00:00:00-04:00,18.374163425299024,18.70752620249098,18.374163425299024,18.609477996826172,550300,0.0,0.0,AEIS,1d
2014-09-18 00:00:00-04:00,18.756542720299663,19.15854040801203,18.521228232201192,19.070297241210938,292800,0.0,0.0,AEIS,1d
2014-09-19 00:00:00-04:00,19.187959171142882,19.462493756070185,18.393772307396507,18.452600479125977,1168500,0.0,0.0,AEIS,1d
2014-09-22 00:00:00-04:00,18.383969024699248,18.45260220983988,18.040801228882057,18.393774032592773,396700,0.0,0.0,AEIS,1d
2014-09-23 00:00:00-04:00,18.256502770353265,18.63888862516754,18.050601399990054,18.07021141052246,483300,0.0,0.0,AEIS,1d
2014-09-24 00:00:00-04:00,18.109429274614183,18.61927831969939,18.109429274614183,18.54084014892578,362700,0.0,0.0,AEIS,1d
2014-09-25 00:00:00-04:00,18.46240519269575,18.531038370308394,18.168262468609043,18.364356994628906,318600,0.0,0.0,AEIS,1d
2014-09-26 00:00:00-04:00,18.482014297567037,18.74674385829656,18.37416109798529,18.65850067138672,206000,0.0,0.0,AEIS,1d
2014-09-29 00:00:00-04:00,18.36435645545118,18.795767392210777,18.256505123846615,18.77615737915039,228900,0.0,0.0,AEIS,1d
2014-09-30 00:00:00-04:00,18.77616204274509,18.77616204274509,18.34475099883227,18.42319107055664,339900,0.0,0.0,AEIS,1d
2014-10-01 00:00:00-04:00,18.452599058197386,18.98205817333361,18.36435587234135,18.403575897216797,558300,0.0,0.0,AEIS,1d
2014-10-02 00:00:00-04:00,18.44279368115194,18.87420459553895,18.25650417708042,18.67810821533203,338600,0.0,0.0,AEIS,1d
2014-10-03 00:00:00-04:00,18.90361623527822,19.021272546284692,18.589861708996498,18.62908172607422,343400,0.0,0.0,AEIS,1d
2014-10-06 00:00:00-04:00,18.658500073402283,18.85459458349552,18.521231859211973,18.67810821533203,425000,0.0,0.0,AEIS,1d
2014-10-07 00:00:00-04:00,18.540838557762694,18.825178071236127,18.383962229678506,18.62908172607422,670800,0.0,0.0,AEIS,1d
2014-10-08 00:00:00-04:00,18.58006005717499,18.90361774342653,18.070211015168468,18.874202728271484,771800,0.0,0.0,AEIS,1d
2014-10-09 00:00:00-04:00,18.795765031796755,18.795765031796755,17.854505094355318,17.90353012084961,588900,0.0,0.0,AEIS,1d
2014-10-10 00:00:00-04:00,17.805485226557845,17.91333843465169,16.923055157929177,16.972078323364258,718500,0.0,0.0,AEIS,1d
2014-10-13 00:00:00-04:00,16.99168037996111,17.511334292730115,16.609294632329263,16.717145919799805,439800,0.0,0.0,AEIS,1d
2014-10-14 00:00:00-04:00,16.87402875309168,17.256416518888198,16.550471025180002,16.56027603149414,570300,0.0,0.0,AEIS,1d
2014-10-15 00:00:00-04:00,16.24652185075056,16.78578592891302,16.05042735242077,16.677932739257812,549200,0.0,0.0,AEIS,1d
2014-10-16 00:00:00-04:00,16.403399045010634,16.893638121335737,16.315155861663023,16.746566772460938,434700,0.0,0.0,AEIS,1d
2014-10-17 00:00:00-04:00,17.040706235424096,17.06031624358187,16.246519606167336,16.393590927124023,419900,0.0,0.0,AEIS,1d
2014-10-20 00:00:00-04:00,16.315157172196546,16.785788144558996,16.217110845146774,16.766178131103516,562300,0.0,0.0,AEIS,1d
2014-10-21 00:00:00-04:00,16.932861226708418,17.09954261779785,16.579888429080437,17.09954261779785,482400,0.0,0.0,AEIS,1d
2014-10-22 00:00:00-04:00,17.138755906405223,17.315242255047966,16.746565059484382,16.80539321899414,454500,0.0,0.0,AEIS,1d
2014-10-23 00:00:00-04:00,17.05051827615521,17.609390648502067,16.87403187012692,17.53095245361328,330400,0.0,0.0,AEIS,1d
2014-10-24 00:00:00-04:00,17.48192596435547,17.746655523142,17.393682778093293,17.48192596435547,302100,0.0,0.0,AEIS,1d
2014-10-27 00:00:00-04:00,17.40348796931013,17.589779350078256,17.04071021414207,17.540754318237305,209100,0.0,0.0,AEIS,1d
2014-10-28 00:00:00-04:00,17.69762859447832,18.62908351844603,17.69762859447832,18.599668502807617,352000,0.0,0.0,AEIS,1d
2014-10-29 00:00:00-04:00,18.60947496813697,18.727133169808678,18.334942281092438,18.64869499206543,244900,0.0,0.0,AEIS,1d
2014-10-30 00:00:00-04:00,18.5212303312187,18.658498534084448,18.129039473274123,18.599668502807617,315800,0.0,0.0,AEIS,1d
2014-10-31 00:00:00-04:00,19.109520281849495,19.452688032844655,18.99186394272268,19.39385986328125,468900,0.0,0.0,AEIS,1d
2014-11-03 00:00:00-05:00,19.413464885377078,19.73702257112958,19.070299059664947,19.599756240844727,730400,0.0,0.0,AEIS,1d
2014-11-04 00:00:00-05:00,20.56062813675282,20.90379589673161,19.903707637403876,20.12921905517578,959400,0.0,0.0,AEIS,1d
2014-11-05 00:00:00-05:00,20.276290498685395,20.63906640373319,19.83507453836905,20.550823211669922,551700,0.0,0.0,AEIS,1d
2014-11-06 00:00:00-05:00,20.49199328259529,20.737112823942397,19.972341051812187,20.021364212036133,387700,0.0,0.0,AEIS,1d
2014-11-07 00:00:00-05:00,19.962535374140195,20.30570122438998,19.73702398240139,20.011558532714844,410600,0.0,0.0,AEIS,1d
2014-11-10 00:00:00-05:00,20.011561044994757,20.482190158803874,19.825269652819284,20.384143829345703,413000,0.0,0.0,AEIS,1d
2014-11-11 00:00:00-05:00,20.315510855965805,20.609655484731245,20.119416306902895,20.246877670288086,430500,0.0,0.0,AEIS,1d
2014-11-12 00:00:00-05:00,20.139023308216878,20.393945996827675,20.099803282206743,20.286094665527344,233400,0.0,0.0,AEIS,1d
2014-11-13 00:00:00-05:00,20.246875397382667,20.472384945040734,20.050780870333245,20.12921905517578,275700,0.0,0.0,AEIS,1d
2014-11-14 00:00:00-05:00,20.10960684113931,20.423359546180134,19.85468230076523,20.23706817626953,247700,0.0,0.0,AEIS,1d
2014-11-17 00:00:00-05:00,20.139022374948016,20.158630516930646,19.7860496376691,19.825267791748047,229300,0.0,0.0,AEIS,1d
2014-11-18 00:00:00-05:00,19.952732671751612,20.315508575355658,19.786051295196987,20.12921905517578,250600,0.0,0.0,AEIS,1d
2014-11-19 00:00:00-05:00,19.952733690014213,19.952733690014213,18.79576900195717,19.080106735229492,972100,0.0,0.0,AEIS,1d
2014-11-20 00:00:00-05:00,18.668307477244525,19.619370742144383,18.668307477244525,19.60956573486328,369600,0.0,0.0,AEIS,1d
2014-11-21 00:00:00-05:00,19.97234575085042,20.158635299622052,19.688006118334563,19.697811126708984,393000,0.0,0.0,AEIS,1d
2014-11-24 00:00:00-05:00,19.737025232735462,20.237069336351723,19.609563890298567,20.197851181030273,265900,0.0,0.0,AEIS,1d
2014-11-25 00:00:00-05:00,20.237069490196582,20.472384034255406,20.03116996543777,20.060583114624023,129600,0.0,0.0,AEIS,1d
2014-11-26 00:00:00-05:00,20.109608022672113,20.590042114257812,20.109608022672113,20.590042114257812,340000,0.0,0.0,AEIS,1d
2014-11-28 00:00:00-05:00,20.560627146003274,20.560627146003274,19.99194986576912,20.031169891357422,181100,0.0,0.0,AEIS,1d
2014-12-01 00:00:00-05:00,19.91350892156067,20.207653462316983,19.433074895450197,19.599756240844727,437300,0.0,0.0,AEIS,1d
2014-12-02 00:00:00-05:00,19.599757204113118,21.217545712385004,19.393857698566507,21.178327560424805,704800,0.0,0.0,AEIS,1d
2014-12-03 00:00:00-05:00,21.178331367675128,21.8156418800354,21.060673150415823,21.57052230834961,375500,0.0,0.0,AEIS,1d
2014-12-04 00:00:00-05:00,21.48227672908612,21.707786261185344,21.42344856204148,21.619543075561523,358700,0.0,0.0,AEIS,1d
2014-12-05 00:00:00-05:00,21.629352350966048,22.207834739741667,21.541109147924743,22.158811569213867,228500,0.0,0.0,AEIS,1d
2014-12-08 00:00:00-05:00,22.119587396721172,22.619631496993865,21.59993515397574,21.874467849731445,448000,0.0,0.0,AEIS,1d
2014-12-09 00:00:00-05:00,21.492079530072512,22.364704420467778,21.237155005550783,22.256853103637695,322500,0.0,0.0,AEIS,1d
2014-12-10 00:00:00-05:00,22.099974191271432,22.38431182818026,21.335200706627745,21.35481071472168,184100,0.0,0.0,AEIS,1d
2014-12-11 00:00:00-05:00,21.6293471275768,22.482363927605014,21.58032396888787,22.080368041992188,273000,0.0,0.0,AEIS,1d
2014-12-12 00:00:00-05:00,21.707783864540612,22.148999743947336,21.433251201899548,22.031341552734375,371400,0.0,0.0,AEIS,1d
2014-12-15 00:00:00-05:00,22.090175197795016,22.53138927927974,21.71759242308652,21.77642059326172,270800,0.0,0.0,AEIS,1d
2014-12-16 00:00:00-05:00,21.629347262897863,22.266657680409327,21.57051909808037,21.747005462646484,282400,0.0,0.0,AEIS,1d
2014-12-17 00:00:00-05:00,21.707782650053403,22.04114532470703,21.30578681357933,22.04114532470703,267600,0.0,0.0,AEIS,1d
2014-12-18 00:00:00-05:00,22.207831797985214,22.50197639253044,21.952907230758218,22.423538208007812,279300,0.0,0.0,AEIS,1d
2014-12-19 00:00:00-05:00,22.433337586663335,22.56080078398096,22.158804921881103,22.256853103637695,985100,0.0,0.0,AEIS,1d
2014-12-22 00:00:00-05:00,22.256858129026686,22.619634052289882,21.94310350254005,22.443147659301758,213400,0.0,0.0,AEIS,1d
2014-12-23 00:00:00-05:00,23.727570813537895,24.12956668569955,23.100063556657563,23.71776580810547,513800,0.0,0.0,AEIS,1d
2014-12-24 00:00:00-05:00,23.8060083102079,23.9922977977881,22.962796568122826,23.70796012878418,189700,0.0,0.0,AEIS,1d
2014-12-26 00:00:00-05:00,23.707960802673043,23.904055300980872,23.46284127720308,23.71776580810547,169600,0.0,0.0,AEIS,1d
2014-12-29 00:00:00-05:00,23.71777113654775,23.74718428933943,23.217726967835308,23.600112915039062,268900,0.0,0.0,AEIS,1d
2014-12-30 00:00:00-05:00,23.433427363110074,23.541280557826134,23.168697814323554,23.482452392578125,241400,0.0,0.0,AEIS,1d
2014-12-31 00:00:00-05:00,23.54127714116613,23.54127714116613,23.198109465149976,23.237329483032227,251000,0.0,0.0,AEIS,1d
2015-01-02 00:00:00-05:00,23.36479316883405,23.83542221043678,22.85494410537431,23.74717903137207,391300,0.0,0.0,AEIS,1d
2015-01-05 00:00:00-05:00,23.649132006852046,23.737373313153586,22.570605749645168,22.982406616210938,411700,0.0,0.0,AEIS,1d
2015-01-06 00:00:00-05:00,22.952996061351627,22.952996061351627,21.43325549683891,22.011737823486328,616600,0.0,0.0,AEIS,1d
2015-01-07 00:00:00-05:00,22.109782995936797,22.31568439350622,21.541105706151118,21.854860305786133,368100,0.0,0.0,AEIS,1d
2015-01-08 00:00:00-05:00,22.109783975155413,22.541194932410725,21.658764874021934,22.34510040283203,524100,0.0,0.0,AEIS,1d
2015-01-09 00:00:00-05:00,23.521673859542048,24.610005355568784,22.913778369413073,23.33538246154785,593200,0.0,0.0,AEIS,1d
2015-01-12 00:00:00-05:00,23.394211182773923,23.580500700123668,22.629437489592327,23.51186752319336,342600,0.0,0.0,AEIS,1d
2015-01-13 00:00:00-05:00,23.65893553719853,23.737373709754284,22.84513879564003,23.10006332397461,387300,0.0,0.0,AEIS,1d
2015-01-14 00:00:00-05:00,22.7372892807239,23.2863565321663,22.678459244055514,23.07065200805664,184600,0.0,0.0,AEIS,1d
2015-01-15 00:00:00-05:00,23.060852055466007,23.266751618584795,22.60002601781406,22.864755630493164,322300,0.0,0.0,AEIS,1d
2015-01-16 00:00:00-05:00,22.796118983080778,24.090349955160058,22.629437608184883,23.933473587036133,915900,0.0,0.0,AEIS,1d
2015-01-20 00:00:00-05:00,24.051126986552372,24.45312283321145,23.688349289021442,24.198198318481445,279200,0.0,0.0,AEIS,1d
2015-01-21 00:00:00-05:00,24.08053998696974,24.45312268708459,23.83542047851492,23.972688674926758,351200,0.0,0.0,AEIS,1d
2015-01-22 00:00:00-05:00,24.208007356589643,24.502150069454924,23.6589382164076,24.453126907348633,281800,0.0,0.0,AEIS,1d
2015-01-23 00:00:00-05:00,24.374689760709423,24.688442499782735,24.266836555360282,24.580589294433594,192400,0.0,0.0,AEIS,1d
2015-01-26 00:00:00-05:00,24.42370969080255,24.698244236195805,24.01190880776947,24.560976028442383,255600,0.0,0.0,AEIS,1d
2015-01-27 00:00:00-05:00,24.198203368062522,24.54137112758349,23.658939211639908,24.188398361206055,210200,0.0,0.0,AEIS,1d
2015-01-28 00:00:00-05:00,24.36488270723763,24.49234404548692,23.60991407343749,23.962886810302734,281000,0.0,0.0,AEIS,1d
2015-01-29 00:00:00-05:00,23.933473527787438,24.335469453874055,23.78640216679957,24.29625129699707,454800,0.0,0.0,AEIS,1d
2015-01-30 00:00:00-05:00,24.0119110716361,24.345273811717107,23.38440561741951,23.531476974487305,422900,0.0,0.0,AEIS,1d
2015-02-02 00:00:00-05:00,23.68835299038702,24.01191071923308,23.188308887604247,24.002105712890625,278800,0.0,0.0,AEIS,1d
2015-02-03 00:00:00-05:00,24.7080435539907,25.855202759071265,24.24721774922961,24.923748016357422,1734100,0.0,0.0,AEIS,1d
2015-02-04 00:00:00-05:00,25.080628983049966,25.835597546597615,25.00219081216927,25.159067153930664,646400,0.0,0.0,AEIS,1d
2015-02-05 00:00:00-05:00,25.286534411770603,25.914039879601503,25.168876201495404,25.80618667602539,300700,0.0,0.0,AEIS,1d
2015-02-06 00:00:00-05:00,26.32583681610788,27.62987258741035,25.894425937373022,26.69841766357422,1168500,0.0,0.0,AEIS,1d
2015-02-09 00:00:00-05:00,26.48271315926355,26.923927173096306,25.982669114162277,26.69841766357422,534900,0.0,0.0,AEIS,1d
2015-02-10 00:00:00-05:00,26.96315182856663,27.365147760765243,25.70813899748691,26.34545135498047,520800,0.0,0.0,AEIS,1d
2015-02-11 00:00:00-05:00,26.247402375526686,26.737641485102692,26.110134153168026,26.306230545043945,496900,0.0,0.0,AEIS,1d
2015-02-12 00:00:00-05:00,26.443493004534197,26.47290802001953,25.99247398777354,26.47290802001953,233400,0.0,0.0,AEIS,1d
2015-02-13 00:00:00-05:00,26.47291336204937,26.54154654191794,26.04150239844334,26.159160614013672,236300,0.0,0.0,AEIS,1d
2015-02-17 00:00:00-05:00,26.031695308292793,26.37486305028987,25.904233965895234,26.100330352783203,280700,0.0,0.0,AEIS,1d
2015-02-18 00:00:00-05:00,26.0120825067423,26.10032567802552,25.472818474443354,25.865009307861328,377000,0.0,0.0,AEIS,1d
2015-02-19 00:00:00-05:00,25.914040466684867,26.15916002937373,25.855212295271418,25.98267364501953,158200,0.0,0.0,AEIS,1d
2015-02-20 00:00:00-05:00,25.972866843311465,26.09052504812175,25.521847776785094,26.012086868286133,301000,0.0,0.0,AEIS,1d
2015-02-23 00:00:00-05:00,25.88462373358992,25.98267192620211,25.570871013321902,25.84540557861328,236200,0.0,0.0,AEIS,1d
2015-02-24 00:00:00-05:00,25.88462399818707,26.16896357265761,25.43360492571983,25.737552642822266,543500,0.0,0.0,AEIS,1d
2015-02-25 00:00:00-05:00,25.786574797415234,26.47291025579616,25.786574797415234,26.002281188964844,415600,0.0,0.0,AEIS,1d
2015-02-26 00:00:00-05:00,25.943449502542048,26.267009069282086,25.727744994828914,25.894426345825195,358300,0.0,0.0,AEIS,1d
2015-02-27 00:00:00-05:00,25.904233965895234,26.257206714248085,25.80618577245125,26.100330352783203,455900,0.0,0.0,AEIS,1d
2015-03-02 00:00:00-05:00,25.992480075385238,26.884715182825694,25.825798688824168,26.816082000732422,350400,0.0,0.0,AEIS,1d
2015-03-03 00:00:00-05:00,26.629789809239004,26.982762586805983,26.01208931861068,26.188573837280273,700400,0.0,0.0,AEIS,1d
2015-03-04 00:00:00-05:00,26.012080198293038,26.276807818535964,25.60027939222119,26.110126495361328,363600,0.0,0.0,AEIS,1d
2015-03-05 00:00:00-05:00,26.061110858977724,26.17876906753335,25.76696814275933,25.884624481201172,202700,0.0,0.0,AEIS,1d
2015-03-06 00:00:00-05:00,25.698330526717207,25.83559873465588,25.090435141965923,25.119850158691406,371900,0.0,0.0,AEIS,1d
2015-03-09 00:00:00-04:00,25.227703959524703,25.52184854535145,25.002194419470513,25.100242614746094,377000,0.0,0.0,AEIS,1d
2015-03-10 00:00:00-04:00,24.806094975390728,25.0904345196775,24.315855929473017,24.384490966796875,431100,0.0,0.0,AEIS,1d
2015-03-11 00:00:00-04:00,24.511955070330636,24.74726961459216,24.413906876026562,24.649221420288086,295600,0.0,0.0,AEIS,1d
2015-03-12 00:00:00-04:00,24.708048558317596,24.9531680802449,24.502147187439622,24.91394805908203,252200,0.0,0.0,AEIS,1d
2015-03-13 00:00:00-04:00,24.825706293027153,25.100240846435074,24.276639056324953,24.766878128051758,227900,0.0,0.0,AEIS,1d
2015-03-16 00:00:00-04:00,24.864927958066136,25.119852516608486,24.81590292558851,25.07082748413086,255200,0.0,0.0,AEIS,1d
2015-03-17 00:00:00-04:00,25.070824966758934,25.24731132572978,24.845315450346664,24.894338607788086,334300,0.0,0.0,AEIS,1d
2015-03-18 00:00:00-04:00,24.757069656971364,25.129650476483818,24.58058331663422,25.051212310791016,366000,0.0,0.0,AEIS,1d
2015-03-19 00:00:00-04:00,24.894340216893344,25.561065673828125,24.825707043993653,25.561065673828125,365100,0.0,0.0,AEIS,1d
2015-03-20 00:00:00-04:00,26.002281862042466,26.139548209226366,25.178680038711622,26.012086868286133,789300,0.0,0.0,AEIS,1d
2015-03-23 00:00:00-04:00,25.90423488855788,26.306230812894228,25.757163528210356,26.19837760925293,288900,0.0,0.0,AEIS,1d
2015-03-24 00:00:00-04:00,26.217988858782157,26.3062320531739,26.041502469998665,26.188573837280273,332600,0.0,0.0,AEIS,1d
2015-03-25 00:00:00-04:00,26.227788083718337,26.227788083718337,25.247310024513915,25.43360137939453,565800,0.0,0.0,AEIS,1d
2015-03-26 00:00:00-04:00,25.13945855645194,25.13945855645194,24.502148148466965,25.01199722290039,421900,0.0,0.0,AEIS,1d
2015-03-27 00:00:00-04:00,25.002195089363116,25.23750964226111,24.560979133858236,25.110048294067383,271000,0.0,0.0,AEIS,1d
2015-03-30 00:00:00-04:00,25.23750576523383,25.551258454231952,24.904143065644945,25.472820281982422,208100,0.0,0.0,AEIS,1d
2015-03-31 00:00:00-04:00,25.25711533505991,25.40418667169703,24.9139476361643,25.159067153930664,184000,0.0,0.0,AEIS,1d
2015-04-01 00:00:00-04:00,25.051214829055418,25.355164388018647,24.62961081489589,25.22770118713379,226000,0.0,0.0,AEIS,1d
2015-04-02 00:00:00-04:00,25.237509936113838,25.639505869092776,25.159071750901216,25.198291778564453,257600,0.0,0.0,AEIS,1d
2015-04-06 00:00:00-04:00,24.9433644737383,25.463016692492783,24.89433944453547,25.32575035095215,209300,0.0,0.0,AEIS,1d
2015-04-07 00:00:00-04:00,25.325748558792288,25.619891232739878,24.95316771378444,24.992385864257812,270200,0.0,0.0,AEIS,1d
2015-04-08 00:00:00-04:00,24.96297264099121,25.178679029478324,24.82570629930934,24.96297264099121,333500,0.0,0.0,AEIS,1d
2015-04-09 00:00:00-04:00,25.011997465257867,25.55125969182881,25.011997465257867,25.463016510009766,240900,0.0,0.0,AEIS,1d
2015-04-10 00:00:00-04:00,25.64930885901736,25.69833201962751,25.36497116127382,25.561065673828125,238000,0.0,0.0,AEIS,1d
2015-04-13 00:00:00-04:00,25.492434316952934,26.002283452119315,25.492434316952934,25.72774887084961,157500,0.0,0.0,AEIS,1d
2015-04-14 00:00:00-04:00,25.835599621150887,25.835599621150887,25.080630996980585,25.18848419189453,180300,0.0,0.0,AEIS,1d
2015-04-15 00:00:00-04:00,25.28653640146006,25.678727349714205,25.16887818192684,25.44341278076172,229800,0.0,0.0,AEIS,1d
2015-04-16 00:00:00-04:00,25.296341952304743,25.374780149439246,24.757079580769283,24.806102752685547,218900,0.0,0.0,AEIS,1d
2015-04-17 00:00:00-04:00,24.57077920375045,24.57077920375045,23.94327385543797,24.031517028808594,274800,0.0,0.0,AEIS,1d
2015-04-20 00:00:00-04:00,24.27663857228363,25.129653492816736,24.27663857228363,24.61980628967285,326700,0.0,0.0,AEIS,1d
2015-04-21 00:00:00-04:00,24.757075614750672,25.119853387203047,24.74727060791533,24.94336700439453,227200,0.0,0.0,AEIS,1d
2015-04-22 00:00:00-04:00,25.011997825713042,25.36497055807602,24.61980693981732,25.18848419189453,156100,0.0,0.0,AEIS,1d
2015-04-23 00:00:00-04:00,25.041413289350793,25.217897788561217,24.757073723192228,25.13945960998535,179800,0.0,0.0,AEIS,1d
2015-04-24 00:00:00-04:00,25.070826206140417,25.070826206140417,24.50214894918478,24.688440322875977,131800,0.0,0.0,AEIS,1d
2015-04-27 00:00:00-04:00,24.668830684451653,25.2865329807399,24.541369344804547,24.610002517700195,261300,0.0,0.0,AEIS,1d
2015-04-28 00:00:00-04:00,24.570781067163907,25.266921502091648,24.45312474048915,25.119850158691406,203900,0.0,0.0,AEIS,1d
2015-04-29 00:00:00-04:00,24.90414092432132,25.070822259784066,24.47273007898598,24.492340087890625,123600,0.0,0.0,AEIS,1d
2015-04-30 00:00:00-04:00,24.325665945801706,24.492347330554015,23.65894040679247,23.982498168945312,297500,0.0,0.0,AEIS,1d
2015-05-01 00:00:00-04:00,24.11976151735356,25.070824596512313,24.11976151735356,24.972776412963867,245100,0.0,0.0,AEIS,1d
2015-05-04 00:00:00-04:00,25.090435867284093,25.149264032322083,24.30605409973205,24.40410041809082,307700,0.0,0.0,AEIS,1d
2015-05-05 00:00:00-04:00,24.59039914716486,25.335562984365517,23.20792469936662,24.090354919433594,526700,0.0,0.0,AEIS,1d
2015-05-06 00:00:00-04:00,24.100155913520997,24.364885496475583,23.55108860340747,23.835426330566406,230200,0.0,0.0,AEIS,1d
2015-05-07 00:00:00-04:00,23.796203999613624,24.521757571144864,23.796203999613624,24.472732543945312,193100,0.0,0.0,AEIS,1d
2015-05-08 00:00:00-04:00,24.864925640012775,25.070825146882342,24.717852426404686,24.75707244873047,201000,0.0,0.0,AEIS,1d
2015-05-11 00:00:00-04:00,24.786487815142557,25.45321137306409,24.786487815142557,25.041412353515625,201900,0.0,0.0,AEIS,1d
2015-05-12 00:00:00-04:00,24.80608984681265,25.188477495248282,24.570775377836274,24.923748016357422,217700,0.0,0.0,AEIS,1d
2015-05-13 00:00:00-04:00,25.031608037332624,26.55134843360138,24.727658461987936,26.002281188964844,545200,0.0,0.0,AEIS,1d
2015-05-14 00:00:00-04:00,26.129745860201194,26.463108625931735,26.05130767238894,26.443498611450195,260700,0.0,0.0,AEIS,1d
2015-05-15 00:00:00-04:00,26.276818720415715,27.30632209777832,26.276818720415715,27.30632209777832,384100,0.0,0.0,AEIS,1d
2015-05-18 00:00:00-04:00,27.30631981459129,27.874997128495163,26.95334704385307,27.776948928833008,321300,0.0,0.0,AEIS,1d
2015-05-19 00:00:00-04:00,27.943630894188903,27.943630894188903,27.404368589890467,27.56124496459961,291700,0.0,0.0,AEIS,1d
2015-05-20 00:00:00-04:00,27.924015848378048,28.482888066344113,27.443581803633297,28.159330368041992,387800,0.0,0.0,AEIS,1d
2015-05-21 00:00:00-04:00,28.208354949951172,28.25737810614824,27.40436321959264,28.208354949951172,255000,0.0,0.0,AEIS,1d
2015-05-22 00:00:00-04:00,28.03187130927176,28.18874766842608,27.737728603385847,28.080894470214844,191300,0.0,0.0,AEIS,1d
2015-05-26 00:00:00-04:00,28.03186704455592,28.139720226358573,27.41416483801235,27.76713752746582,285300,0.0,0.0,AEIS,1d
2015-05-27 00:00:00-04:00,27.845578640641754,28.306404560644488,27.688702288759778,28.25737953186035,292600,0.0,0.0,AEIS,1d
2015-05-28 00:00:00-04:00,28.257376558626806,28.424057898727447,27.806357561950627,28.129915237426758,160200,0.0,0.0,AEIS,1d
2015-05-29 00:00:00-04:00,28.080890264440985,28.218158460727157,27.639676271694285,27.963233947753906,223200,0.0,0.0,AEIS,1d
2015-06-01 00:00:00-04:00,28.12011250726899,28.884884236556672,27.727921637106896,28.6103515625,320500,0.0,0.0,AEIS,1d
2015-06-02 00:00:00-04:00,28.453480236718665,28.669184785853123,28.12992247796002,28.60055160522461,407900,0.0,0.0,AEIS,1d
2015-06-03 00:00:00-04:00,28.62996814901215,28.835867701843828,28.33582352624888,28.678991317749023,180300,0.0,0.0,AEIS,1d
2015-06-04 00:00:00-04:00,28.49269473862133,28.777034302003816,28.08089383759014,28.26718521118164,382700,0.0,0.0,AEIS,1d
2015-06-05 00:00:00-04:00,28.247580121068808,28.86528251530111,27.953437370557996,28.81625747680664,218100,0.0,0.0,AEIS,1d
2015-06-08 00:00:00-04:00,28.894688622297664,28.924103638221478,28.404449577582046,28.43386459350586,214600,0.0,0.0,AEIS,1d
2015-06-09 00:00:00-04:00,28.433865463524533,28.649569976558652,27.845578217842686,27.943626403808594,266000,0.0,0.0,AEIS,1d
2015-06-10 00:00:00-04:00,28.129921179229505,28.8750848647186,27.8063634354092,28.777036666870117,218200,0.0,0.0,AEIS,1d
2015-06-11 00:00:00-04:00,28.884885410975773,28.9143004287265,28.482889518950838,28.767229080200195,150000,0.0,0.0,AEIS,1d
2015-06-12 00:00:00-04:00,28.61035106410569,28.75742240409028,28.36523154076018,28.463279724121094,165600,0.0,0.0,AEIS,1d
2015-06-15 00:00:00-04:00,28.14952842310933,28.44367300725454,27.472999806814265,28.31620979309082,252900,0.0,0.0,AEIS,1d
2015-06-16 00:00:00-04:00,28.247576831335024,28.590744580374732,28.080895460093668,28.571134567260742,218600,0.0,0.0,AEIS,1d
2015-06-17 00:00:00-04:00,28.580937241381132,28.757423604776765,28.25737953186035,28.25737953186035,251600,0.0,0.0,AEIS,1d
2015-06-18 00:00:00-04:00,28.306403264729756,28.551522787087567,28.110306898798093,28.43386459350586,184300,0.0,0.0,AEIS,1d
2015-06-19 00:00:00-04:00,28.531912891439667,28.531912891439667,28.100502006719783,28.463279724121094,275900,0.0,0.0,AEIS,1d
2015-06-22 00:00:00-04:00,28.698599605676407,28.777037793001945,28.39464999344027,28.737817764282227,133100,0.0,0.0,AEIS,1d
2015-06-23 00:00:00-04:00,28.757425734251747,28.757425734251747,28.061287104990914,28.31620979309082,248300,0.0,0.0,AEIS,1d
2015-06-24 00:00:00-04:00,28.28679522316257,28.502499744611796,28.002455659780086,28.26718521118164,190500,0.0,0.0,AEIS,1d
2015-06-25 00:00:00-04:00,28.306403264729756,28.482887749932004,28.159330055224235,28.43386459350586,214000,0.0,0.0,AEIS,1d
2015-06-26 00:00:00-04:00,28.404452574511023,28.502500767821836,27.678898936193004,28.002456665039062,800600,0.0,0.0,AEIS,1d
2015-06-29 00:00:00-04:00,27.874994723998444,27.973042915202964,26.81607837323976,26.874906539916992,295900,0.0,0.0,AEIS,1d
2015-06-30 00:00:00-04:00,27.276905922991563,27.306320945142225,26.374865814957925,26.95334815979004,618700,0.0,0.0,AEIS,1d
2015-07-01 00:00:00-04:00,27.3847556764076,28.041676127249275,27.051392947913993,27.071002960205078,390200,0.0,0.0,AEIS,1d
2015-07-02 00:00:00-04:00,27.149439608363075,27.531825475908853,26.865100056516706,27.188657760620117,163000,0.0,0.0,AEIS,1d
2015-07-06 00:00:00-04:00,26.943538917704128,27.414167977462554,26.35525165794927,26.639591217041016,291800,0.0,0.0,AEIS,1d
2015-07-07 00:00:00-04:00,26.570960888594012,26.659204080502434,25.85521221654912,26.541545867919922,376400,0.0,0.0,AEIS,1d
2015-07-08 00:00:00-04:00,26.26700776482682,26.49251726670693,25.874815050114588,26.070911407470703,239600,0.0,0.0,AEIS,1d
2015-07-09 00:00:00-04:00,26.463107377533156,26.688616923090713,25.96306325252695,26.061111450195312,255500,0.0,0.0,AEIS,1d
2015-07-10 00:00:00-04:00,26.502322725976107,26.62978405136352,26.11013000453962,26.38466453552246,210700,0.0,0.0,AEIS,1d
2015-07-13 00:00:00-04:00,26.56115619386852,27.002372158596117,26.502328021942795,26.825885772705078,169200,0.0,0.0,AEIS,1d
2015-07-14 00:00:00-04:00,26.914124340652563,27.28670519230864,26.84548930340081,27.149438858032227,149000,0.0,0.0,AEIS,1d
2015-07-15 00:00:00-04:00,27.051391543222916,27.051391543222916,26.58076249335737,26.65920066833496,145200,0.0,0.0,AEIS,1d
2015-07-16 00:00:00-04:00,26.776858733144742,26.776858733144742,25.345361479393482,25.84540557861328,444500,0.0,0.0,AEIS,1d
2015-07-17 00:00:00-04:00,25.914039694610487,25.914039694610487,25.315947381032593,25.747358322143555,189900,0.0,0.0,AEIS,1d
2015-07-20 00:00:00-04:00,25.786575995889113,25.90423420312214,25.49243328297719,25.60028648376465,147400,0.0,0.0,AEIS,1d
2015-07-21 00:00:00-04:00,25.502237544417973,26.080719817010635,25.502237544417973,25.953256607055664,209100,0.0,0.0,AEIS,1d
2015-07-22 00:00:00-04:00,25.786575464909227,26.051305023147084,25.413994578218475,26.012086868286133,154200,0.0,0.0,AEIS,1d
2015-07-23 00:00:00-04:00,26.159160685892292,26.61998480207171,25.87482108838247,26.188573837280273,448300,0.0,0.0,AEIS,1d
2015-07-24 00:00:00-04:00,26.11993541290512,26.394469948127057,25.45321002030437,25.580673217773438,121700,0.0,0.0,AEIS,1d
2015-07-27 00:00:00-04:00,25.384583021658365,25.717945798955096,25.21790163301,25.53165626525879,219000,0.0,0.0,AEIS,1d
2015-07-28 00:00:00-04:00,25.590478960375073,25.68852714507347,24.894338532118688,25.423797607421875,225900,0.0,0.0,AEIS,1d
2015-07-29 00:00:00-04:00,25.472822600304035,25.727747150844475,25.080631703362478,25.59048080444336,163700,0.0,0.0,AEIS,1d
2015-07-30 00:00:00-04:00,25.413995387206228,26.070915865533507,25.413995387206228,25.884624481201172,185100,0.0,0.0,AEIS,1d
2015-07-31 00:00:00-04:00,25.982668143993966,26.02188816337521,25.56106228621289,25.678720474243164,199800,0.0,0.0,AEIS,1d
2015-08-03 00:00:00-04:00,25.63950069516087,25.933645232936605,25.149261668981453,25.20808982849121,291800,0.0,0.0,AEIS,1d
2015-08-04 00:00:00-04:00,24.96297289193592,25.93364790965851,23.874643413163664,24.46293067932129,485300,0.0,0.0,AEIS,1d
2015-08-05 00:00:00-04:00,25.335557196421817,27.92401908264429,25.335557196421817,27.031784057617188,592100,0.0,0.0,AEIS,1d
2015-08-06 00:00:00-04:00,27.129833580015983,27.404368166573175,26.08072213906159,26.46310806274414,295400,0.0,0.0,AEIS,1d
2015-08-07 00:00:00-04:00,26.335641802387496,26.521931290929984,26.012084111097327,26.502323150634766,193900,0.0,0.0,AEIS,1d
2015-08-10 00:00:00-04:00,26.502329040830187,27.159249574616794,26.29642762600343,26.95334815979004,321600,0.0,0.0,AEIS,1d
2015-08-11 00:00:00-04:00,26.570954380306194,26.91412205699305,26.05130036303105,26.139543533325195,265500,0.0,0.0,AEIS,1d
2015-08-12 00:00:00-04:00,25.9924737978298,26.42388467122782,25.32574841260926,26.414079666137695,230500,0.0,0.0,AEIS,1d
2015-08-13 00:00:00-04:00,26.47290980741978,26.590568007191646,26.080718925036287,26.247400283813477,154000,0.0,0.0,AEIS,1d
2015-08-14 00:00:00-04:00,26.149356734114853,26.20818490937903,25.649312569084444,26.11994171142578,109000,0.0,0.0,AEIS,1d
2015-08-17 00:00:00-04:00,25.884620609884934,26.11013011659931,25.482624751789388,26.051301956176758,281700,0.0,0.0,AEIS,1d
2015-08-18 00:00:00-04:00,26.08071737935693,26.325836900083754,25.570868327417887,25.610088348388672,180000,0.0,0.0,AEIS,1d
2015-08-19 00:00:00-04:00,25.4728181060269,25.50223311940034,25.002189112732093,25.217893600463867,197100,0.0,0.0,AEIS,1d
2015-08-20 00:00:00-04:00,24.806096281330806,25.22770218223404,24.62961178640462,24.766878128051758,272500,0.0,0.0,AEIS,1d
2015-08-21 00:00:00-04:00,24.335465289083597,25.06101883321725,24.32566028401393,24.57077980041504,251000,0.0,0.0,AEIS,1d
2015-08-24 00:00:00-04:00,23.149086123480124,23.99229592980124,20.707696133689613,23.011817932128906,408200,0.0,0.0,AEIS,1d
2015-08-25 00:00:00-04:00,23.80600727505224,23.96288361046334,23.031428732610685,23.05103874206543,222000,0.0,0.0,AEIS,1d
2015-08-26 00:00:00-04:00,23.61971799175942,23.717766177497165,22.91377442065211,23.639328002929688,187700,0.0,0.0,AEIS,1d
2015-08-27 00:00:00-04:00,23.962883503954345,24.364879345422693,23.649130834526698,24.109954833984375,219800,0.0,0.0,AEIS,1d
2015-08-28 00:00:00-04:00,23.96288737154141,24.443321457908272,23.796206005241583,23.94327735900879,237600,0.0,0.0,AEIS,1d
2015-08-31 00:00:00-04:00,23.835421764290615,24.11976130709104,23.531474081042276,23.79620361328125,195200,0.0,0.0,AEIS,1d
2015-09-01 00:00:00-04:00,23.335380941440402,23.923668248811545,23.031433216175596,23.060848236083984,234000,0.0,0.0,AEIS,1d
2015-09-02 00:00:00-04:00,23.45304033109313,23.825621251444925,23.100067554886454,23.806013107299805,178500,0.0,0.0,AEIS,1d
2015-09-03 00:00:00-04:00,23.9530823652751,24.286445097874758,23.884449191524652,23.94327735900879,162500,0.0,0.0,AEIS,1d
2015-09-04 00:00:00-04:00,23.58050078532342,23.835425350638364,23.305968076610267,23.345186233520508,149800,0.0,0.0,AEIS,1d
2015-09-08 00:00:00-04:00,23.85503571693893,24.345274841306857,23.668744326047236,24.21781349182129,327600,0.0,0.0,AEIS,1d
2015-09-09 00:00:00-04:00,24.315855929473017,24.766876824176354,24.09034641717812,24.384490966796875,339400,0.0,0.0,AEIS,1d
2015-09-10 00:00:00-04:00,24.37469213820017,24.570786684191,24.090352521859543,24.335472106933594,181800,0.0,0.0,AEIS,1d
2015-09-11 00:00:00-04:00,24.217811915991735,24.727659150872594,24.158981878413627,24.698246002197266,178100,0.0,0.0,AEIS,1d
2015-09-14 00:00:00-04:00,24.708051651365825,24.83551299587416,24.482540241676034,24.51195526123047,213800,0.0,0.0,AEIS,1d
2015-09-15 00:00:00-04:00,24.45313152466847,24.82571248932403,24.33547329523749,24.717859268188477,167200,0.0,0.0,AEIS,1d
2015-09-16 00:00:00-04:00,24.79629173582051,24.943363074954185,24.502147187439622,24.91394805908203,137200,0.0,0.0,AEIS,1d
2015-09-17 00:00:00-04:00,25.1198523886145,25.806186008780244,24.83551281203438,25.60028648376465,613200,0.0,0.0,AEIS,1d
2015-09-18 00:00:00-04:00,25.139456866857888,25.570867737007973,24.54136652177104,24.70804786682129,782700,0.0,0.0,AEIS,1d
2015-09-21 00:00:00-04:00,25.03160903153026,25.345361755212668,24.67863628233067,24.98258399963379,759100,0.0,0.0,AEIS,1d
2015-09-22 00:00:00-04:00,24.610003515721814,24.825708049300527,23.884449862651113,23.953083038330078,1242600,0.0,0.0,AEIS,1d
2015-09-23 00:00:00-04:00,23.953079553182487,24.38449042768387,23.72757004587335,24.237417221069336,458600,0.0,0.0,AEIS,1d
2015-09-24 00:00:00-04:00,23.874644749746516,24.943366146564607,23.796206567875178,24.874732971191406,412600,0.0,0.0,AEIS,1d
2015-09-25 00:00:00-04:00,25.19828841591855,25.276726590663806,24.394294787137678,24.590391159057617,491900,0.0,0.0,AEIS,1d
2015-09-28 00:00:00-04:00,24.51195113573385,24.698242487997195,24.35507479807423,24.423707962036133,363000,0.0,0.0,AEIS,1d
2015-09-29 00:00:00-04:00,24.51195181263728,25.100239030163277,24.306052315065614,24.79629135131836,278200,0.0,0.0,AEIS,1d
2015-09-30 00:00:00-04:00,25.119848011584747,25.835596526370967,25.119848011584747,25.786571502685547,447700,0.0,0.0,AEIS,1d
2015-10-01 00:00:00-04:00,25.77677485231961,25.77677485231961,25.276730705620697,25.629701614379883,360700,0.0,0.0,AEIS,1d
2015-10-02 00:00:00-04:00,25.42379653646294,26.227788250917776,25.14926200489472,26.21798324584961,251700,0.0,0.0,AEIS,1d
2015-10-05 00:00:00-04:00,26.316032822982258,27.012171388744086,26.18856962044523,26.992563247680664,270100,0.0,0.0,AEIS,1d
2015-10-06 00:00:00-04:00,26.93373816957361,27.22788278100653,26.472914042810153,26.757253646850586,291600,0.0,0.0,AEIS,1d
2015-10-07 00:00:00-04:00,27.00236203030186,27.639672285771635,27.00236203030186,27.208261489868164,488500,0.0,0.0,AEIS,1d
2015-10-08 00:00:00-04:00,27.129829833545724,27.4729975518243,26.600370747610732,27.44358253479004,478400,0.0,0.0,AEIS,1d
2015-10-09 00:00:00-04:00,27.355338744820607,27.453386929305125,26.99256289337553,27.2670955657959,191200,0.0,0.0,AEIS,1d
2015-10-12 00:00:00-04:00,27.443587393177776,27.492612430247203,27.120029628975363,27.178857803344727,181800,0.0,0.0,AEIS,1d
2015-10-13 00:00:00-04:00,27.30631546816765,27.30631546816765,26.659200071560015,26.678808212280273,207400,0.0,0.0,AEIS,1d
2015-10-14 00:00:00-04:00,26.67880656434907,27.404361959474947,26.67880656434907,26.933731079101562,204100,0.0,0.0,AEIS,1d
2015-10-15 00:00:00-04:00,26.91412514311655,27.669091874260257,26.91412514311655,27.580848693847656,348900,0.0,0.0,AEIS,1d
2015-10-16 00:00:00-04:00,27.669089236891544,27.73772426964753,26.923925712275928,27.012168884277344,341500,0.0,0.0,AEIS,1d
2015-10-19 00:00:00-04:00,26.933735441472248,27.502412721838198,26.933735441472248,27.472999572753906,341400,0.0,0.0,AEIS,1d
2015-10-20 00:00:00-04:00,27.531828323723055,27.92401923742861,27.080809240490115,27.8455810546875,203900,0.0,0.0,AEIS,1d
2015-10-21 00:00:00-04:00,27.992649742161973,28.22796613804233,27.639678888568664,27.806360244750977,375900,0.0,0.0,AEIS,1d
2015-10-22 00:00:00-04:00,27.512213610888505,27.512213610888505,25.482624342805984,26.29642105102539,638900,0.0,0.0,AEIS,1d
2015-10-23 00:00:00-04:00,26.639595511057184,27.002373305251208,25.541458991166085,26.982763290405273,445600,0.0,0.0,AEIS,1d
2015-10-26 00:00:00-04:00,26.963148166280583,27.306315880601417,26.531737271988288,27.159244537353516,255200,0.0,0.0,AEIS,1d
2015-10-27 00:00:00-04:00,27.021976329557024,27.443582218284316,26.94353815515057,27.159244537353516,313500,0.0,0.0,AEIS,1d
2015-10-28 00:00:00-04:00,27.247491535133715,27.747533798217773,27.110223308103755,27.747533798217773,297500,0.0,0.0,AEIS,1d
2015-10-29 00:00:00-04:00,27.64948670870019,27.914214408313587,27.07100440601356,27.316123962402344,172700,0.0,0.0,AEIS,1d
2015-10-30 00:00:00-04:00,27.276903399574497,27.963238892018094,27.276903399574497,27.727924346923828,277000,0.0,0.0,AEIS,1d
2015-11-02 00:00:00-05:00,27.855383223450637,28.071087736484753,27.580848676768813,27.943626403808594,368600,0.0,0.0,AEIS,1d
2015-11-03 00:00:00-05:00,27.688702740817877,29.414344509806853,27.227878683405155,28.767229080200195,932300,0.0,0.0,AEIS,1d
2015-11-04 00:00:00-05:00,28.777033853304086,28.845667024053526,28.08089339974483,28.512304306030273,356000,0.0,0.0,AEIS,1d
2015-11-05 00:00:00-05:00,28.728007272289812,28.728007272289812,28.178940065840113,28.43386459350586,304000,0.0,0.0,AEIS,1d
2015-11-06 00:00:00-05:00,28.257382515459057,28.561330245558967,28.090701140220947,28.384845733642578,325100,0.0,0.0,AEIS,1d
2015-11-09 00:00:00-05:00,28.561326098945838,29.13980832489751,28.2279652669817,28.296598434448242,390600,0.0,0.0,AEIS,1d
2015-11-10 00:00:00-05:00,28.237775060632746,28.698601071050106,27.982852341393606,28.198556900024414,262900,0.0,0.0,AEIS,1d
2015-11-11 00:00:00-05:00,28.32601262567041,28.62996219297164,28.1005031042123,28.22796630859375,179000,0.0,0.0,AEIS,1d
2015-11-12 00:00:00-05:00,27.95343415408063,28.433868255361006,27.433780026517553,27.620071411132812,248000,0.0,0.0,AEIS,1d
2015-11-13 00:00:00-05:00,27.65928557405568,28.208354642060193,26.482713007146398,27.757333755493164,232100,0.0,0.0,AEIS,1d
2015-11-16 00:00:00-05:00,27.678902607936212,28.257384968083432,27.463198050129147,28.16914176940918,259000,0.0,0.0,AEIS,1d
2015-11-17 00:00:00-05:00,28.247576974999916,28.571134712571226,27.825971041473775,27.8455810546875,182800,0.0,0.0,AEIS,1d
2015-11-18 00:00:00-05:00,27.835773260068688,28.227966004606277,27.4828024081439,28.13972282409668,192900,0.0,0.0,AEIS,1d
2015-11-19 00:00:00-05:00,28.17893970426708,28.384841072864695,28.041673371944352,28.149524688720703,149200,0.0,0.0,AEIS,1d
2015-11-20 00:00:00-05:00,28.32601121341632,28.58093573935579,28.110306708443012,28.375036239624023,138300,0.0,0.0,AEIS,1d
2015-11-23 00:00:00-05:00,28.286796835964015,28.620159578192183,28.159333620934184,28.178943634033203,125600,0.0,0.0,AEIS,1d
2015-11-24 00:00:00-05:00,28.05148154247234,28.38484427582741,27.610265610057183,28.335819244384766,185200,0.0,0.0,AEIS,1d
2015-11-25 00:00:00-05:00,28.267186630790167,28.47308802670319,28.10050526080868,28.31620979309082,118000,0.0,0.0,AEIS,1d
2015-11-27 00:00:00-05:00,28.257382503040112,28.865279833086593,28.237772489464525,28.58094024658203,122900,0.0,0.0,AEIS,1d
2015-11-30 00:00:00-05:00,28.76723298822839,28.98293753736285,28.551528439093932,28.60055160522461,252100,0.0,0.0,AEIS,1d
2015-12-01 00:00:00-05:00,28.620158662664902,28.953521394229163,28.414257271939345,28.66918182373047,360900,0.0,0.0,AEIS,1d
2015-12-02 00:00:00-05:00,28.835862251504892,29.208444995892762,28.620157731673892,28.767229080200195,314700,0.0,0.0,AEIS,1d
2015-12-03 00:00:00-05:00,28.894688133465333,29.208442687670694,28.4632791278958,28.482887268066406,244700,0.0,0.0,AEIS,1d
2015-12-04 00:00:00-05:00,28.443669381123577,29.45356247874953,28.43386437589068,29.29668426513672,209200,0.0,0.0,AEIS,1d
2015-12-07 00:00:00-05:00,29.326105422134955,29.326105422134955,28.355432142167928,28.629966735839844,365200,0.0,0.0,AEIS,1d
2015-12-08 00:00:00-05:00,28.688788387613677,29.08097923933534,28.296597535892015,28.95351791381836,267700,0.0,0.0,AEIS,1d
2015-12-09 00:00:00-05:00,28.875084569368283,29.031960936275706,28.610354998919338,28.688793182373047,284100,0.0,0.0,AEIS,1d
2015-12-10 00:00:00-05:00,28.571130197040432,29.130002394507986,28.36523070117912,28.95351791381836,292300,0.0,0.0,AEIS,1d
2015-12-11 00:00:00-05:00,28.433864769381334,28.747617460721855,28.27698842371107,28.296598434448242,424200,0.0,0.0,AEIS,1d
2015-12-14 00:00:00-05:00,28.276992208889446,28.98293585890374,27.82597125212829,28.100505828857422,243000,0.0,0.0,AEIS,1d
2015-12-15 00:00:00-05:00,28.326015692889957,28.52211208850438,27.62987704167503,28.384845733642578,341800,0.0,0.0,AEIS,1d
2015-12-16 00:00:00-05:00,28.67898296032702,28.924102472808446,28.54171663177373,28.835859298706055,280000,0.0,0.0,AEIS,1d
2015-12-17 00:00:00-05:00,28.894689807768092,29.306490697028824,28.590742111206055,28.590742111206055,182600,0.0,0.0,AEIS,1d
2015-12-18 00:00:00-05:00,28.433870029077198,28.443675036259513,27.649488155630973,27.95343589782715,932700,0.0,0.0,AEIS,1d
2015-12-21 00:00:00-05:00,28.159332462149923,28.345623838696948,27.806361591461616,28.022066116333008,380500,0.0,0.0,AEIS,1d
2015-12-22 00:00:00-05:00,28.237766914095914,28.276986933503345,27.71811474774162,28.051477432250977,409000,0.0,0.0,AEIS,1d
2015-12-23 00:00:00-05:00,28.276990217172106,28.35542839498216,28.02206567176102,28.26718521118164,266600,0.0,0.0,AEIS,1d
2015-12-24 00:00:00-05:00,28.178943442557983,29.110398487180493,28.02206707905938,28.31620979309082,155400,0.0,0.0,AEIS,1d
2015-12-28 00:00:00-05:00,28.286792080706864,28.286792080706864,27.747528031821584,28.276987075805664,261200,0.0,0.0,AEIS,1d
2015-12-29 00:00:00-05:00,28.433871527119788,28.904500675982685,28.433871527119788,28.81625747680664,172600,0.0,0.0,AEIS,1d
2015-12-30 00:00:00-05:00,28.88488393786755,28.88488393786755,28.09069720023754,28.159330368041992,200300,0.0,0.0,AEIS,1d
2015-12-31 00:00:00-05:00,28.002453644259482,28.11030683227803,27.453386439109092,27.678895950317383,298400,0.0,0.0,AEIS,1d
2016-01-04 00:00:00-05:00,26.992566834353394,27.30631957442163,26.1983781071776,26.541545867919922,481100,0.0,0.0,AEIS,1d
2016-01-05 00:00:00-05:00,26.110131225366466,26.57095713356705,25.51204085042665,25.815988540649414,664300,0.0,0.0,AEIS,1d
2016-01-06 00:00:00-05:00,25.423801979370346,26.25720888745133,25.04141605041538,26.188573837280273,389300,0.0,0.0,AEIS,1d
2016-01-07 00:00:00-05:00,25.659111940727456,26.14935099051582,25.149262880120304,25.92384147644043,443200,0.0,0.0,AEIS,1d
2016-01-08 00:00:00-05:00,26.09052533138886,26.149353499375845,24.87473259567996,24.953170776367188,435100,0.0,0.0,AEIS,1d
2016-01-11 00:00:00-05:00,25.051215823533457,25.159069017777014,24.384492256711752,24.96297264099121,432200,0.0,0.0,AEIS,1d
2016-01-12 00:00:00-05:00,25.33555814913004,26.07091683719663,25.30614312836639,25.98267364501953,529700,0.0,0.0,AEIS,1d
2016-01-13 00:00:00-05:00,26.17876582011438,26.325837159979695,25.276725900129932,25.502235412597656,502500,0.0,0.0,AEIS,1d
2016-01-14 00:00:00-05:00,25.76696363313992,26.521930304666565,24.560974219438325,26.404273986816406,626200,0.0,0.0,AEIS,1d
2016-01-15 00:00:00-05:00,25.619890381219875,25.639500390861546,24.659022350139395,25.482624053955078,506600,0.0,0.0,AEIS,1d
2016-01-19 00:00:00-05:00,25.747360913847018,25.933652318324032,24.904148960006406,25.16887855529785,295500,0.0,0.0,AEIS,1d
2016-01-20 00:00:00-05:00,24.766875999917364,25.776769074138777,24.551171500133247,25.43360137939453,412100,0.0,0.0,AEIS,1d
2016-01-21 00:00:00-05:00,25.47282003070169,25.914035914073814,25.22770051107574,25.580673217773438,391100,0.0,0.0,AEIS,1d
2016-01-22 00:00:00-05:00,26.031694336820756,26.38466707200108,25.923843011159626,26.002281188964844,257400,0.0,0.0,AEIS,1d
2016-01-25 00:00:00-05:00,25.7963839894888,25.982675393299083,25.443413067144125,25.53165626525879,240300,0.0,0.0,AEIS,1d
2016-01-26 00:00:00-05:00,25.727748436065216,26.316035745922097,25.727748436065216,26.168964385986328,171700,0.0,0.0,AEIS,1d
2016-01-27 00:00:00-05:00,26.00228318101045,26.30623090952703,23.776597143870326,25.835601806640625,209800,0.0,0.0,AEIS,1d
2016-01-28 00:00:00-05:00,26.1199399365823,26.6984222526952,25.894430388297973,26.34545135498047,280000,0.0,0.0,AEIS,1d
2016-01-29 00:00:00-05:00,26.34545202118197,27.62007302817294,26.34545202118197,27.531829833984375,664500,0.0,0.0,AEIS,1d
2016-02-01 00:00:00-05:00,27.325929323694112,27.325929323694112,26.541545611002377,27.041589736938477,272400,0.0,0.0,AEIS,1d
2016-02-02 00:00:00-05:00,27.04158568626656,27.943625605167746,26.98275752441379,27.34553337097168,652200,0.0,0.0,AEIS,1d
2016-02-03 00:00:00-05:00,27.698510633637408,28.120116581438424,27.38475789204982,27.747533798217773,339500,0.0,0.0,AEIS,1d
2016-02-04 00:00:00-05:00,27.698506015360227,28.08089187164922,27.629872848345645,27.87499237060547,233500,0.0,0.0,AEIS,1d
2016-02-05 00:00:00-05:00,27.74753399356059,27.74753399356059,27.090613484944157,27.218076705932617,264300,0.0,0.0,AEIS,1d
2016-02-08 00:00:00-05:00,26.816074773773092,27.423970111439914,26.502322100123962,27.2965087890625,352900,0.0,0.0,AEIS,1d
2016-02-09 00:00:00-05:00,26.835691230765303,27.67890127625289,26.757253043507998,27.169052124023438,193200,0.0,0.0,AEIS,1d
2016-02-10 00:00:00-05:00,27.404364131830093,27.512215453076507,26.884710056320653,26.992563247680664,246800,0.0,0.0,AEIS,1d
2016-02-11 00:00:00-05:00,26.44349300397178,26.98275706717697,25.894425805718544,26.83568572998047,242200,0.0,0.0,AEIS,1d
2016-02-12 00:00:00-05:00,26.99256153453008,27.2965092080287,26.345446167668005,27.051389694213867,203900,0.0,0.0,AEIS,1d
2016-02-16 00:00:00-05:00,27.335724565034013,28.32600752408759,27.06119193448157,28.237764358520508,392600,0.0,0.0,AEIS,1d
2016-02-17 00:00:00-05:00,28.3848405703198,28.87507960006547,27.9436246955033,28.365230560302734,597200,0.0,0.0,AEIS,1d
2016-02-18 00:00:00-05:00,28.424060889499156,28.708400446106257,28.2279663847035,28.25737953186035,337200,0.0,0.0,AEIS,1d
2016-02-19 00:00:00-05:00,28.316206183209456,29.43395246828374,28.316206183209456,29.29668426513672,506800,0.0,0.0,AEIS,1d
2016-02-22 00:00:00-05:00,29.29668921934839,29.502590623831072,28.855475129937805,29.06137466430664,314100,0.0,0.0,AEIS,1d
2016-02-23 00:00:00-05:00,28.85547414707226,29.05156866787082,28.54172141770354,28.571134567260742,271700,0.0,0.0,AEIS,1d
2016-02-24 00:00:00-05:00,28.33581920050064,28.914301479831845,28.276991032974305,28.894691467285156,295200,0.0,0.0,AEIS,1d
2016-02-25 00:00:00-05:00,28.98293125233217,29.375122106671633,28.85546992596441,29.012346267700195,126400,0.0,0.0,AEIS,1d
2016-02-26 00:00:00-05:00,29.208446127600563,29.453565674679666,29.031959754485413,29.286884307861328,252500,0.0,0.0,AEIS,1d
2016-02-29 00:00:00-05:00,29.218252290684347,29.394738682082824,29.130009094985112,29.24766731262207,374500,0.0,0.0,AEIS,1d
2016-03-01 00:00:00-05:00,29.188837151024515,30.953697204589844,29.188837151024515,30.953697204589844,708900,0.0,0.0,AEIS,1d
2016-03-02 00:00:00-05:00,30.865452029768317,31.022328385768347,30.247751611782398,30.365407943725586,337900,0.0,0.0,AEIS,1d
2016-03-03 00:00:00-05:00,30.473259645955693,30.600720977664878,30.2281401179573,30.483064651489258,201100,0.0,0.0,AEIS,1d
2016-03-04 00:00:00-05:00,30.286968658720696,30.73798956832099,30.188922342389578,30.60072135925293,220400,0.0,0.0,AEIS,1d
2016-03-07 00:00:00-05:00,30.355604556218513,30.532090933656907,29.757514118371894,30.081071853637695,359700,0.0,0.0,AEIS,1d
2016-03-08 00:00:00-05:00,29.806536802437858,30.100681383484336,29.600637278807696,29.93400001525879,441300,0.0,0.0,AEIS,1d
2016-03-09 00:00:00-05:00,30.100680597203663,31.090961904195783,30.090875591080195,30.845842361450195,395700,0.0,0.0,AEIS,1d
2016-03-10 00:00:00-05:00,30.904673429298878,31.247841174614937,30.02224341999598,30.18892478942871,297000,0.0,0.0,AEIS,1d
2016-03-11 00:00:00-05:00,30.38501762592816,31.071353078563465,30.110483070851306,30.639942169189453,323100,0.0,0.0,AEIS,1d
2016-03-14 00:00:00-04:00,30.64974814606859,31.179205391066066,30.42423861338658,30.934085845947266,314200,0.0,0.0,AEIS,1d
2016-03-15 00:00:00-04:00,30.698769894686677,31.022327604553006,30.483065378147,30.885061264038086,232400,0.0,0.0,AEIS,1d
2016-03-16 00:00:00-04:00,30.78701102553896,31.69885780001688,30.64974469416832,31.58119773864746,433500,0.0,0.0,AEIS,1d
2016-03-17 00:00:00-04:00,31.50275810739883,32.15967654957187,31.336074908194558,32.06163024902344,274400,0.0,0.0,AEIS,1d
2016-03-18 00:00:00-04:00,32.257740941329644,32.3361772686182,31.385112021232047,32.159690856933594,771900,0.0,0.0,AEIS,1d
2016-03-21 00:00:00-04:00,31.98319760450259,32.23812402917894,31.1595976429875,32.0028076171875,197000,0.0,0.0,AEIS,1d
2016-03-22 00:00:00-04:00,31.90475821224318,33.228402148687515,31.139984622426418,33.13035583496094,562700,0.0,0.0,AEIS,1d
2016-03-23 00:00:00-04:00,32.96367140074571,33.091134596083066,32.60089556502998,32.61069869995117,250800,0.0,0.0,AEIS,1d
2016-03-24 00:00:00-04:00,32.35577688644182,32.90484596190561,32.02241418709363,32.84601593017578,317600,0.0,0.0,AEIS,1d
2016-03-28 00:00:00-04:00,32.8460223451237,33.20879826107471,32.60090277538397,32.659732818603516,267000,0.0,0.0,AEIS,1d
2016-03-29 00:00:00-04:00,32.85581906704243,34.23829302083433,32.80679591071193,34.13044357299805,644900,0.0,0.0,AEIS,1d
2016-03-30 00:00:00-04:00,34.18927427803487,34.79717346373417,34.120641102266816,34.30693435668945,299700,0.0,0.0,AEIS,1d
2016-03-31 00:00:00-04:00,34.21868539815645,34.54224120933248,34.00297903055448,34.11083221435547,282500,0.0,0.0,AEIS,1d
2016-04-01 00:00:00-04:00,33.669612043096954,34.44419050032776,33.669612043096954,34.32653045654297,437100,0.0,0.0,AEIS,1d
2016-04-04 00:00:00-04:00,34.56186195564755,34.56186195564755,34.00298959345533,34.04220962524414,326000,0.0,0.0,AEIS,1d
2016-04-05 00:00:00-04:00,33.708841243173374,34.40497986090842,33.60098804376111,34.071617126464844,321100,0.0,0.0,AEIS,1d
2016-04-06 00:00:00-04:00,34.01278353233994,34.34614623192883,33.23820868525357,33.96376037597656,405600,0.0,0.0,AEIS,1d
2016-04-07 00:00:00-04:00,33.83630831140391,34.02260160320421,33.31665595054688,33.6794319152832,348100,0.0,0.0,AEIS,1d
2016-04-08 00:00:00-04:00,33.89513248132876,34.35595845132446,33.65981979809139,33.81669616699219,283400,0.0,0.0,AEIS,1d
2016-04-11 00:00:00-04:00,34.00298151186028,34.50302370752269,34.00298151186028,34.48341369628906,424800,0.0,0.0,AEIS,1d
2016-04-12 00:00:00-04:00,34.56184799986386,34.56184799986386,34.01277899721424,34.287315368652344,389300,0.0,0.0,AEIS,1d
2016-04-13 00:00:00-04:00,34.3167308791142,34.69911671047375,33.875515019765935,34.601070404052734,266000,0.0,0.0,AEIS,1d
2016-04-14 00:00:00-04:00,34.43439259198886,34.699122149090584,34.208883059693484,34.51283264160156,284700,0.0,0.0,AEIS,1d
2016-04-15 00:00:00-04:00,34.365751983395974,35.09130732442426,33.92453615035354,34.571651458740234,261100,0.0,0.0,AEIS,1d
2016-04-18 00:00:00-04:00,33.6598179688399,34.37556659681649,33.581377918538514,34.23829650878906,244900,0.0,0.0,AEIS,1d
2016-04-19 00:00:00-04:00,33.77747811596196,34.159864053766064,33.60099172309424,33.84611129760742,255100,0.0,0.0,AEIS,1d
2016-04-20 00:00:00-04:00,33.169575286919,33.53235112974989,31.77729446650326,31.865537643432617,630500,0.0,0.0,AEIS,1d
2016-04-21 00:00:00-04:00,31.76748996200176,32.453821597170176,31.591003615750772,32.208702087402344,619700,0.0,0.0,AEIS,1d
2016-04-22 00:00:00-04:00,32.20870417524545,32.71855323743937,32.198901039919114,32.63031005859375,376500,0.0,0.0,AEIS,1d
2016-04-25 00:00:00-04:00,32.64991904550296,32.72835908656219,32.33616636172005,32.50284957885742,242500,0.0,0.0,AEIS,1d
2016-04-26 00:00:00-04:00,32.69894199369084,33.23820792198577,32.69894199369084,33.002891540527344,248800,0.0,0.0,AEIS,1d
2016-04-27 00:00:00-04:00,32.8852381375424,33.58137672826949,32.777384942314505,33.493133544921875,252000,0.0,0.0,AEIS,1d
2016-04-28 00:00:00-04:00,33.238207020608755,33.277423299599164,32.120458914276846,32.208702087402344,204200,0.0,0.0,AEIS,1d
2016-04-29 00:00:00-04:00,32.24792682868402,32.522459522951216,31.35569183208821,31.718467712402344,216800,0.0,0.0,AEIS,1d
2016-05-02 00:00:00-04:00,31.80671333191211,32.649925231933594,31.610620672562888,32.649925231933594,461000,0.0,0.0,AEIS,1d
2016-05-03 00:00:00-04:00,33.61078816843347,34.306930464021484,32.67933696291855,33.74805450439453,500800,0.0,0.0,AEIS,1d
2016-05-04 00:00:00-04:00,33.69903623022374,34.28732542130514,33.650013066023874,33.87552261352539,568200,0.0,0.0,AEIS,1d
2016-05-05 00:00:00-04:00,33.90493950422745,34.26771540757966,33.59118302484743,33.87552261352539,355600,0.0,0.0,AEIS,1d
2016-05-06 00:00:00-04:00,33.68922522068902,34.03239103012183,33.10093616708403,33.2578125,452600,0.0,0.0,AEIS,1d
2016-05-09 00:00:00-04:00,33.0126953043127,34.12063658687692,33.0126953043127,33.738250732421875,461700,0.0,0.0,AEIS,1d
2016-05-10 00:00:00-04:00,33.826495760618634,34.306931693933215,33.5323530672674,34.10102844238281,366400,0.0,0.0,AEIS,1d
2016-05-11 00:00:00-04:00,34.08141984918656,34.58146581489896,34.071616713098685,34.51283264160156,371000,0.0,0.0,AEIS,1d
2016-05-12 00:00:00-04:00,34.65010094935489,34.787367303718824,33.29703993877341,33.75786590576172,273000,0.0,0.0,AEIS,1d
2016-05-13 00:00:00-04:00,33.68922793536985,34.36575647429217,33.68922793536985,34.02259063720703,311300,0.0,0.0,AEIS,1d
2016-05-16 00:00:00-04:00,34.10103515835015,34.53244801777458,33.826502422518615,34.1990852355957,372100,0.0,0.0,AEIS,1d
2016-05-17 00:00:00-04:00,34.120638755882325,34.699121012023525,32.59109524083104,32.875431060791016,360300,0.0,0.0,AEIS,1d
2016-05-18 00:00:00-04:00,32.76757759243477,34.06181217622728,32.51265492213197,33.54215621948242,345300,0.0,0.0,AEIS,1d
2016-05-19 00:00:00-04:00,33.40489669661171,34.07162226607252,32.67934482058131,33.08134078979492,206800,0.0,0.0,AEIS,1d
2016-05-20 00:00:00-04:00,33.36567108285852,34.865805233265434,33.36567108285852,34.846195220947266,449400,0.0,0.0,AEIS,1d
2016-05-23 00:00:00-04:00,34.826577037818986,35.60115551163618,34.826577037818986,35.228572845458984,270400,0.0,0.0,AEIS,1d
2016-05-24 00:00:00-04:00,35.287407596052546,36.44436828456343,35.24818757536349,36.414955139160156,336100,0.0,0.0,AEIS,1d
2016-05-25 00:00:00-04:00,36.32672111327803,36.542427541176394,35.75804563094779,36.10121154785156,267400,0.0,0.0,AEIS,1d
2016-05-26 00:00:00-04:00,36.66988786188787,36.66988786188787,35.90511228737472,36.39535140991211,183700,0.0,0.0,AEIS,1d
2016-05-27 00:00:00-04:00,36.307104362831815,37.287582503790624,36.307104362831815,37.12090301513672,203400,0.0,0.0,AEIS,1d
2016-05-31 00:00:00-04:00,37.258174765711416,37.47388118491212,36.95422515140386,37.42485427856445,318200,0.0,0.0,AEIS,1d
2016-06-01 00:00:00-04:00,37.31699323702191,38.268054333547546,37.14050690153743,37.36601638793945,406100,0.0,0.0,AEIS,1d
2016-06-02 00:00:00-04:00,37.14052311609467,37.620955441147785,37.09149994377492,37.49349594116211,207100,0.0,0.0,AEIS,1d
2016-06-03 00:00:00-04:00,37.562117436371146,37.74840692928063,36.80714884895828,37.434654235839844,197800,0.0,0.0,AEIS,1d
2016-06-06 00:00:00-04:00,37.62094276148655,37.66996591728367,37.20914376451836,37.53269958496094,182300,0.0,0.0,AEIS,1d
2016-06-07 00:00:00-04:00,37.503281990253235,37.66996144823448,36.885579827856205,37.522891998291016,215900,0.0,0.0,AEIS,1d
2016-06-08 00:00:00-04:00,37.591537778688426,38.08177692356426,37.38563823549526,37.875877380371094,186200,0.0,0.0,AEIS,1d
2016-06-09 00:00:00-04:00,37.807236008010555,38.26805816099741,37.64055278994778,38.09157180786133,275200,0.0,0.0,AEIS,1d
2016-06-10 00:00:00-04:00,37.591525633223235,38.042544603134374,37.25816297280486,37.47386932373047,233800,0.0,0.0,AEIS,1d
2016-06-13 00:00:00-04:00,37.14052129462388,37.63076047423528,37.03266807667287,37.130714416503906,153300,0.0,0.0,AEIS,1d
2016-06-14 00:00:00-04:00,37.20914030091463,37.62093925955062,36.91499765328511,37.25816345214844,268000,0.0,0.0,AEIS,1d
2016-06-15 00:00:00-04:00,37.41504238008975,38.09157089067021,37.405239245252474,37.6307487487793,277500,0.0,0.0,AEIS,1d
2016-06-16 00:00:00-04:00,37.35621902138557,37.44446221158714,36.76793358019352,37.16992950439453,189500,0.0,0.0,AEIS,1d
2016-06-17 00:00:00-04:00,37.25817385652748,37.29739388455743,36.53261829888437,36.738521575927734,637100,0.0,0.0,AEIS,1d
2016-06-20 00:00:00-04:00,37.16991980562862,37.90527828535504,37.13069978905549,37.47386932373047,155800,0.0,0.0,AEIS,1d
2016-06-21 00:00:00-04:00,37.415047931155925,37.55231428060493,37.00324888280891,37.20914840698242,124400,0.0,0.0,AEIS,1d
2016-06-22 00:00:00-04:00,37.25817044556646,37.650363209505485,37.111097224032484,37.24836730957031,166300,0.0,0.0,AEIS,1d
2016-06-23 00:00:00-04:00,37.49349117482936,38.00333659041494,37.49349117482936,37.98373031616211,294500,0.0,0.0,AEIS,1d
2016-06-24 00:00:00-04:00,36.59144798311005,37.0522739573863,35.70901606220398,36.061988830566406,768600,0.0,0.0,AEIS,1d
2016-06-27 00:00:00-04:00,35.8364753788984,36.13061807375535,34.72853403003567,34.885414123535156,253300,0.0,0.0,AEIS,1d
2016-06-28 00:00:00-04:00,35.51292215494057,35.51292215494057,34.767756616787196,35.09131622314453,260600,0.0,0.0,AEIS,1d
2016-06-29 00:00:00-04:00,35.3462401866748,35.777653010691736,35.33643704986883,35.6697998046875,179600,0.0,0.0,AEIS,1d
2016-06-30 00:00:00-04:00,35.86589860995673,37.218955993652344,35.83648171710912,37.218955993652344,259800,0.0,0.0,AEIS,1d
2016-07-01 00:00:00-04:00,37.05227133956398,37.20914769883833,36.57183538540835,36.807151794433594,123400,0.0,0.0,AEIS,1d
2016-07-05 00:00:00-04:00,36.748313101655015,36.748313101655015,36.130610946152416,36.51300048828125,125800,0.0,0.0,AEIS,1d
2016-07-06 00:00:00-04:00,36.316910144856294,36.78753918951329,35.983547437362525,36.60124969482422,149600,0.0,0.0,AEIS,1d
2016-07-07 00:00:00-04:00,36.74831856017673,37.14051129435726,36.493395901118355,36.98363494873047,131400,0.0,0.0,AEIS,1d
2016-07-08 00:00:00-04:00,37.75820836014027,37.83664840007314,36.99343667192967,37.6895751953125,313800,0.0,0.0,AEIS,1d
2016-07-11 00:00:00-04:00,37.777824093537106,38.27787007329964,37.59153458081378,38.05236053466797,273100,0.0,0.0,AEIS,1d
2016-07-12 00:00:00-04:00,37.92489306939489,38.552398452678126,37.92489306939489,38.493568420410156,264500,0.0,0.0,AEIS,1d
2016-07-13 00:00:00-04:00,38.75830645242656,39.3662056984533,38.49357685952355,39.12108612060547,214500,0.0,0.0,AEIS,1d
2016-07-14 00:00:00-04:00,38.3366881226155,38.65044078191363,37.25816382380653,38.2680549621582,257200,0.0,0.0,AEIS,1d
2016-07-15 00:00:00-04:00,38.5524038892553,38.59162391629801,37.758215172664926,38.405330657958984,212700,0.0,0.0,AEIS,1d
2016-07-18 00:00:00-04:00,38.78772014100666,39.26815237937396,38.395527352756616,38.73869323730469,134400,0.0,0.0,AEIS,1d
2016-07-19 00:00:00-04:00,38.856350842179054,39.18971356888306,38.53279125145426,38.75830078125,98500,0.0,0.0,AEIS,1d
2016-07-20 00:00:00-04:00,39.02303506433236,39.35639783143415,38.88576870262477,39.21913146972656,149800,0.0,0.0,AEIS,1d
2016-07-21 00:00:00-04:00,39.258349836262425,39.45444623335196,38.63084435775807,38.91518020629883,195300,0.0,0.0,AEIS,1d
2016-07-22 00:00:00-04:00,38.73868913661494,39.23873507571268,38.40532642395884,39.01322555541992,151800,0.0,0.0,AEIS,1d
2016-07-25 00:00:00-04:00,39.140688091007085,39.317174466866994,38.81713222874893,39.17010498046875,186700,0.0,0.0,AEIS,1d
2016-07-26 00:00:00-04:00,39.37600374814345,39.73877962922061,39.24854053686811,39.71916961669922,190900,0.0,0.0,AEIS,1d
2016-07-27 00:00:00-04:00,40.062347062261914,40.17020028211352,39.55249785765408,39.9446907043457,177200,0.0,0.0,AEIS,1d
2016-07-28 00:00:00-04:00,40.09175527767194,41.08204041046969,38.983813801452385,40.20941162109375,302200,0.0,0.0,AEIS,1d
2016-07-29 00:00:00-04:00,40.327071463837676,40.5918010401261,39.70936911916469,39.92507553100586,232400,0.0,0.0,AEIS,1d
2016-08-01 00:00:00-04:00,40.11136783111321,40.29765736501094,39.56229862666966,40.1898078918457,364600,0.0,0.0,AEIS,1d
2016-08-02 00:00:00-04:00,42.69002310624679,42.69002310624679,38.483770594562294,39.13088607788086,406200,0.0,0.0,AEIS,1d
2016-08-03 00:00:00-04:00,39.24853699363502,39.94467928450292,39.03283435582753,39.77799606323242,342100,0.0,0.0,AEIS,1d
2016-08-04 00:00:00-04:00,39.895654237777656,40.39570018455297,39.82702106707944,40.14077377319336,195500,0.0,0.0,AEIS,1d
2016-08-05 00:00:00-04:00,40.19961237398398,40.827117919921875,39.96429592414324,40.827117919921875,283600,0.0,0.0,AEIS,1d
2016-08-08 00:00:00-04:00,40.93496308244939,41.37617900144342,40.63101350709187,41.26832580566406,257500,0.0,0.0,AEIS,1d
2016-08-09 00:00:00-04:00,41.346757562030604,41.729147143218015,41.278124397767286,41.42519760131836,155600,0.0,0.0,AEIS,1d
2016-08-10 00:00:00-04:00,41.42520393659178,41.44481394941273,40.52316578819295,40.84672164916992,238900,0.0,0.0,AEIS,1d
2016-08-11 00:00:00-04:00,40.73886428681844,40.974180676402064,40.552574794392285,40.5623779296875,181700,0.0,0.0,AEIS,1d
2016-08-12 00:00:00-04:00,40.51334953305505,40.885932209947356,40.20940001503414,40.87612533569336,238800,0.0,0.0,AEIS,1d
2016-08-15 00:00:00-04:00,40.807496599641226,41.15066617141841,40.67023026702117,41.052616119384766,108200,0.0,0.0,AEIS,1d
2016-08-16 00:00:00-04:00,40.94475745333054,41.131050657152535,40.42510533788297,40.74866485595703,178700,0.0,0.0,AEIS,1d
2016-08-17 00:00:00-04:00,40.787886817434526,41.395785922763054,40.34667467160929,41.111446380615234,183900,0.0,0.0,AEIS,1d
2016-08-18 00:00:00-04:00,40.9839836943411,41.49383275345642,40.83691422397119,41.454612731933594,232900,0.0,0.0,AEIS,1d
2016-08-19 00:00:00-04:00,41.55266971650084,43.14104345083604,41.454619646339566,42.78807067871094,342600,0.0,0.0,AEIS,1d
2016-08-22 00:00:00-04:00,46.54329511660218,46.54329511660218,42.35665331455722,42.94493865966797,443400,0.0,0.0,AEIS,1d
2016-08-23 00:00:00-04:00,43.23907685133908,43.42537005882588,42.62137842505325,42.76844787597656,187500,0.0,0.0,AEIS,1d
2016-08-24 00:00:00-04:00,42.876307957517994,43.062597454786605,42.6606015731448,42.925331115722656,240200,0.0,0.0,AEIS,1d
2016-08-25 00:00:00-04:00,42.93514064486478,43.24889336503703,42.66060420954348,43.1312370300293,202600,0.0,0.0,AEIS,1d
2016-08-26 00:00:00-04:00,43.02338127661781,43.20967077433786,42.4547021674294,42.75865173339844,173100,0.0,0.0,AEIS,1d
2016-08-29 00:00:00-04:00,42.89591965394492,43.35674558767149,42.80767646961914,43.22928237915039,192900,0.0,0.0,AEIS,1d
2016-08-30 00:00:00-04:00,43.415571883737094,43.53323195632305,42.88611651800978,43.22928237915039,121400,0.0,0.0,AEIS,1d
2016-08-31 00:00:00-04:00,43.19006827584067,43.297921487049614,42.44490641511294,43.09202194213867,234100,0.0,0.0,AEIS,1d
2016-09-01 00:00:00-04:00,42.93513950595128,44.33722357337829,42.92533262982809,44.121517181396484,510400,0.0,0.0,AEIS,1d
2016-09-02 00:00:00-04:00,44.454883086557935,44.533319400019714,43.62147808735991,44.50390625,313900,0.0,0.0,AEIS,1d
2016-09-06 00:00:00-04:00,44.70979127339219,44.94510761787856,44.04306599427828,44.905887603759766,382100,0.0,0.0,AEIS,1d
2016-09-07 00:00:00-04:00,45.09218335224855,45.10198648621975,44.17053166943728,44.719600677490234,443000,0.0,0.0,AEIS,1d
2016-09-08 00:00:00-04:00,44.70001199837922,44.70001199837922,43.95485003352773,44.64118194580078,233800,0.0,0.0,AEIS,1d
2016-09-09 00:00:00-04:00,44.25878894176782,44.40586217979582,43.48421020324559,43.64108657836914,315000,0.0,0.0,AEIS,1d
2016-09-12 00:00:00-04:00,43.40576044053136,44.12150891408826,43.15083407227859,44.1117057800293,200000,0.0,0.0,AEIS,1d
2016-09-13 00:00:00-04:00,44.268596008523225,44.55293186824477,43.190067652234255,43.30772399902344,337000,0.0,0.0,AEIS,1d
2016-09-14 00:00:00-04:00,43.494003052067676,43.837168843145,42.66059453909522,42.70962142944336,299700,0.0,0.0,AEIS,1d
2016-09-15 00:00:00-04:00,42.92533976676516,44.07250134913132,42.484127513775384,43.83718490600586,366000,0.0,0.0,AEIS,1d
2016-09-16 00:00:00-04:00,44.0136631567821,44.474489079984814,43.22928139192547,43.886199951171875,417600,0.0,0.0,AEIS,1d
2016-09-19 00:00:00-04:00,44.19995816329464,44.65097722857868,44.19995816329464,44.58234405517578,221100,0.0,0.0,AEIS,1d
2016-09-20 00:00:00-04:00,44.96473326889409,45.48438554597113,44.7098068286553,45.0235595703125,432600,0.0,0.0,AEIS,1d
2016-09-21 00:00:00-04:00,45.01374868695356,45.43535456229288,44.749019155445595,45.35691452026367,493000,0.0,0.0,AEIS,1d
2016-09-22 00:00:00-04:00,45.572629546163846,46.24915820606188,45.356923129865436,46.04325866699219,494500,0.0,0.0,AEIS,1d
2016-09-23 00:00:00-04:00,45.76871959681165,46.121692323507084,45.03336099627191,45.278480529785156,255000,0.0,0.0,AEIS,1d
2016-09-26 00:00:00-04:00,45.36672310225771,45.739305835458296,44.68038766959153,45.101993560791016,432900,0.0,0.0,AEIS,1d
2016-09-27 00:00:00-04:00,45.170621431827364,46.3373889123469,44.837258760217956,46.30797576904297,556900,0.0,0.0,AEIS,1d
2016-09-28 00:00:00-04:00,47.33748449107979,47.33748449107979,45.6804777428508,45.856964111328125,247500,0.0,0.0,AEIS,1d
2016-09-29 00:00:00-04:00,45.602031593602014,46.67075279741102,45.29808579762062,46.10207748413086,432100,0.0,0.0,AEIS,1d
2016-09-30 00:00:00-04:00,46.131495430727455,46.60212448595568,46.1118854192312,46.39622497558594,266100,0.0,0.0,AEIS,1d
2016-10-03 00:00:00-04:00,46.12169545531301,46.95510042975793,46.023645391113455,46.38642501831055,324100,0.0,0.0,AEIS,1d
2016-10-04 00:00:00-04:00,46.48446405150085,46.48446405150085,45.41574283082639,45.9452018737793,228700,0.0,0.0,AEIS,1d
2016-10-05 00:00:00-04:00,45.974618222480686,46.47466415575109,45.856961895922375,46.32759094238281,194000,0.0,0.0,AEIS,1d
2016-10-06 00:00:00-04:00,46.25895334198338,47.64142720234249,46.18051330497418,47.60220718383789,463700,0.0,0.0,AEIS,1d
2016-10-07 00:00:00-04:00,47.386511593055964,47.386511593055964,46.523689759075616,46.86685562133789,192200,0.0,0.0,AEIS,1d
2016-10-10 00:00:00-04:00,47.06295394897461,47.298270364419594,46.95510074773847,47.06295394897461,106400,0.0,0.0,AEIS,1d
2016-10-11 00:00:00-04:00,47.09236465582302,47.09236465582302,45.96481702008018,46.52368927001953,272100,0.0,0.0,AEIS,1d
2016-10-12 00:00:00-04:00,46.209937044942286,46.91587878162859,46.01384066355211,46.86685562133789,173000,0.0,0.0,AEIS,1d
2016-10-13 00:00:00-04:00,46.27857695586275,46.92569249051549,44.61176308168816,44.83727264404297,438800,0.0,0.0,AEIS,1d
2016-10-14 00:00:00-04:00,44.58235433433345,46.053071943882394,44.58235433433345,45.23927307128906,202600,0.0,0.0,AEIS,1d
2016-10-17 00:00:00-04:00,45.11180188484211,46.396229717414265,45.11180188484211,45.90599060058594,404300,0.0,0.0,AEIS,1d
2016-10-18 00:00:00-04:00,46.36680957971941,46.7982185910323,45.88637367193001,45.91579055786133,329300,0.0,0.0,AEIS,1d
2016-10-19 00:00:00-04:00,45.78833961743445,46.16092243708306,45.60204633749611,45.98443603515625,303100,0.0,0.0,AEIS,1d
2016-10-20 00:00:00-04:00,45.88637367193001,46.10208004769999,45.53340096257079,45.91579055786133,188100,0.0,0.0,AEIS,1d
2016-10-21 00:00:00-04:00,45.50399297216816,45.866768857786546,45.27848343569038,45.76872253417969,150100,0.0,0.0,AEIS,1d
2016-10-24 00:00:00-04:00,45.905986505944746,46.78841833361719,45.905986505944746,46.57271194458008,240100,0.0,0.0,AEIS,1d
2016-10-25 00:00:00-04:00,46.73939810390569,46.984517675435036,46.41584221440544,46.6707649230957,192300,0.0,0.0,AEIS,1d
2016-10-26 00:00:00-04:00,46.65115801409549,47.21983346738839,46.40603844590095,46.66096115112305,357700,0.0,0.0,AEIS,1d
2016-10-27 00:00:00-04:00,47.12177728827587,47.25904361934124,46.347198717004716,46.406028747558594,346800,0.0,0.0,AEIS,1d
2016-10-28 00:00:00-04:00,46.40603764718078,47.249245805465755,46.24915753561775,46.42564392089844,246900,0.0,0.0,AEIS,1d
2016-10-31 00:00:00-04:00,46.356999926503754,46.95509212149799,45.9648109597822,46.768802642822266,317400,0.0,0.0,AEIS,1d
2016-11-01 00:00:00-04:00,47.67084689034118,49.79848643346184,46.53349237916003,47.08256149291992,757700,0.0,0.0,AEIS,1d
2016-11-02 00:00:00-04:00,47.23943937313066,48.26894072196371,47.20021934797594,48.112064361572266,455600,0.0,0.0,AEIS,1d
2016-11-03 00:00:00-04:00,47.964981776247726,48.043421811248386,45.484373642866025,45.631446838378906,535200,0.0,0.0,AEIS,1d
2016-11-04 00:00:00-04:00,45.52360256964696,47.02373300046653,45.52360256964696,46.209938049316406,473500,0.0,0.0,AEIS,1d
2016-11-07 00:00:00-05:00,46.89627396987815,48.631717087614206,46.75900388047175,48.455230712890625,428000,0.0,0.0,AEIS,1d
2016-11-08 00:00:00-05:00,48.47484251302174,48.876838439108354,47.91597021919956,48.59250259399414,242000,0.0,0.0,AEIS,1d
2016-11-09 00:00:00-05:00,47.86694139363812,48.87683265771671,46.96490332091301,48.78858947753906,360900,0.0,0.0,AEIS,1d
2016-11-10 00:00:00-05:00,49.52395270267804,49.93575549547438,48.288551804744095,48.631717681884766,417900,0.0,0.0,AEIS,1d
2016-11-11 00:00:00-05:00,48.778793210240615,50.32795064921183,48.239530917770935,50.28873062133789,382000,0.0,0.0,AEIS,1d
2016-11-14 00:00:00-05:00,50.84759918211157,51.18096191402784,49.876924134987696,50.51423645019531,464600,0.0,0.0,AEIS,1d
2016-11-15 00:00:00-05:00,50.48481366557753,51.47509479595228,50.288717318309516,51.37704849243164,254100,0.0,0.0,AEIS,1d
2016-11-16 00:00:00-05:00,51.377054193584854,52.141825918545095,51.18095782455662,52.13201904296875,286900,0.0,0.0,AEIS,1d
2016-11-17 00:00:00-05:00,52.435964780998404,53.1713233060988,51.965335773761375,53.024253845214844,262800,0.0,0.0,AEIS,1d
2016-11-18 00:00:00-05:00,53.25957242239702,53.32820559318092,52.57323697433075,53.27918243408203,351800,0.0,0.0,AEIS,1d
2016-11-21 00:00:00-05:00,53.92630009129202,53.92630009129202,52.44577967994026,53.367427825927734,313200,0.0,0.0,AEIS,1d
2016-11-22 00:00:00-05:00,53.416451900602006,54.318493789747095,53.14191920140579,54.22044372558594,274300,0.0,0.0,AEIS,1d
2016-11-23 00:00:00-05:00,54.09298051229019,54.57341647611108,53.740011501992555,54.22044372558594,192300,0.0,0.0,AEIS,1d
2016-11-25 00:00:00-05:00,54.3479121943372,54.66166494953784,54.22044896871572,54.46556854248047,102200,0.0,0.0,AEIS,1d
2016-11-28 00:00:00-05:00,54.632249414715325,54.95580529305406,54.37732297459127,54.71068572998047,315300,0.0,0.0,AEIS,1d
2016-11-29 00:00:00-05:00,54.7106834682172,55.36760581501538,54.47537079192199,55.181312561035156,243800,0.0,0.0,AEIS,1d
2016-11-30 00:00:00-05:00,55.46564923021496,55.58330556218997,53.99493198973149,54.132198333740234,248200,0.0,0.0,AEIS,1d
2016-12-01 00:00:00-05:00,53.93610384188486,54.6910725005911,50.651503385905144,51.08291244506836,737400,0.0,0.0,AEIS,1d
2016-12-02 00:00:00-05:00,51.09270956614101,52.60264659525322,50.55344741009429,52.445770263671875,271900,0.0,0.0,AEIS,1d
2016-12-05 00:00:00-05:00,52.739922915773306,53.13211194896062,52.30851011697153,52.7595329284668,348900,0.0,0.0,AEIS,1d
2016-12-06 00:00:00-05:00,53.09288521522424,53.592927349704674,51.396654983213416,51.994747161865234,393600,0.0,0.0,AEIS,1d
2016-12-07 00:00:00-05:00,51.80845742319937,53.16151810402747,51.70060424527606,52.994834899902344,636700,0.0,0.0,AEIS,1d
2016-12-08 00:00:00-05:00,53.07327661396554,54.27926413755738,52.83796024194006,54.19102096557617,355400,0.0,0.0,AEIS,1d
2016-12-09 00:00:00-05:00,54.416534031662984,54.651850419121445,52.279091494804725,52.4555778503418,367900,0.0,0.0,AEIS,1d
2016-12-12 00:00:00-05:00,52.47519295789661,52.622262441644295,51.475104759457004,51.69081115722656,233500,0.0,0.0,AEIS,1d
2016-12-13 00:00:00-05:00,51.671200095602686,52.857577778793356,51.10252096402062,51.396663665771484,303800,0.0,0.0,AEIS,1d
2016-12-14 00:00:00-05:00,51.10252444298457,52.641874969163325,51.10252444298457,51.67120361328125,276400,0.0,0.0,AEIS,1d
2016-12-15 00:00:00-05:00,51.70061121639038,53.47527797372073,51.661391193634216,53.04386520385742,385400,0.0,0.0,AEIS,1d
2016-12-16 00:00:00-05:00,53.28898161581449,53.33800851150291,52.15162720406552,52.3281135559082,797200,0.0,0.0,AEIS,1d
2016-12-19 00:00:00-05:00,52.82815998579427,53.7694180447283,52.6712836426386,53.39683532714844,273600,0.0,0.0,AEIS,1d
2016-12-20 00:00:00-05:00,53.789033621983556,54.72048864221952,53.200744469095206,54.65185546875,446800,0.0,0.0,AEIS,1d
2016-12-21 00:00:00-05:00,54.39693414303911,55.61272884738956,54.25966778324086,55.06365966796875,339900,0.0,0.0,AEIS,1d
2016-12-22 00:00:00-05:00,55.24994228480812,55.867644566889275,54.700876914271376,54.906776428222656,362800,0.0,0.0,AEIS,1d
2016-12-23 00:00:00-05:00,54.74989428954719,55.044036955577404,54.23024212155291,54.877357482910156,135600,0.0,0.0,AEIS,1d
2016-12-27 00:00:00-05:00,55.10286887621951,55.87744745752627,54.94599253293699,55.799007415771484,211400,0.0,0.0,AEIS,1d
2016-12-28 00:00:00-05:00,55.897053815442135,56.17159022178759,54.20082718221754,54.347900390625,253700,0.0,0.0,AEIS,1d
2016-12-29 00:00:00-05:00,54.25966370940996,54.681269634409055,53.61254824735538,54.38712692260742,193200,0.0,0.0,AEIS,1d
2016-12-30 00:00:00-05:00,54.56361476061908,54.7499042770349,53.426260168326074,53.681182861328125,308100,0.0,0.0,AEIS,1d
2017-01-03 00:00:00-05:00,53.965518122231146,54.56361039048931,52.73992043817009,53.730201721191406,280800,0.0,0.0,AEIS,1d
2017-01-04 00:00:00-05:00,53.612554949540595,55.11268558542172,53.43606855235129,54.93619918823242,421200,0.0,0.0,AEIS,1d
2017-01-05 00:00:00-05:00,56.55398372090081,56.84812643725379,54.593027291577556,54.84794998168945,259300,0.0,0.0,AEIS,1d
2017-01-06 00:00:00-05:00,54.69106747872159,54.955797015795724,53.87727259680674,54.5341911315918,239500,0.0,0.0,AEIS,1d
2017-01-09 00:00:00-05:00,54.79893282158029,55.21073566176466,54.37732684387561,54.93619918823242,216300,0.0,0.0,AEIS,1d
2017-01-10 00:00:00-05:00,54.82833427117928,55.49505968708579,54.4263383945498,55.210723876953125,233100,0.0,0.0,AEIS,1d
2017-01-11 00:00:00-05:00,55.4362457630795,56.338284032789346,54.985226628224574,56.28926086425781,262100,0.0,0.0,AEIS,1d
2017-01-12 00:00:00-05:00,56.750073980500616,56.750073980500616,55.279356817407056,56.26963806152344,279200,0.0,0.0,AEIS,1d
2017-01-13 00:00:00-05:00,56.43632752562272,57.17168618848505,56.34808433647014,56.80890655517578,393800,0.0,0.0,AEIS,1d
2017-01-17 00:00:00-05:00,56.201010919839646,56.36769416111596,54.671463559719726,55.01463317871094,359000,0.0,0.0,AEIS,1d
2017-01-18 00:00:00-05:00,55.39701470783643,56.534369196476725,55.21072520839809,55.789207458496094,312600,0.0,0.0,AEIS,1d
2017-01-19 00:00:00-05:00,56.15198309343124,56.642222159649194,55.39701448262833,55.730377197265625,297100,0.0,0.0,AEIS,1d
2017-01-20 00:00:00-05:00,55.73037546670159,56.09315131717417,55.44603591947007,55.593109130859375,165300,0.0,0.0,AEIS,1d
2017-01-23 00:00:00-05:00,55.66174071819932,56.38729239854157,55.43623120997256,55.51466751098633,235300,0.0,0.0,AEIS,1d
2017-01-24 00:00:00-05:00,55.740183204160175,57.054024118911514,55.58330684449856,56.77949142456055,301300,0.0,0.0,AEIS,1d
2017-01-25 00:00:00-05:00,57.436403981060934,57.84820295253281,57.25991763893676,57.642303466796875,338600,0.0,0.0,AEIS,1d
2017-01-26 00:00:00-05:00,57.72074916335293,57.98547871965205,57.387386433964494,57.61289596557617,200100,0.0,0.0,AEIS,1d
2017-01-27 00:00:00-05:00,57.877620575468995,58.377666496929834,57.49523471801488,58.21098327636719,332700,0.0,0.0,AEIS,1d
2017-01-30 00:00:00-05:00,58.24040860446993,58.652207667502736,56.887347594082236,58.44630813598633,786000,0.0,0.0,AEIS,1d
2017-01-31 00:00:00-05:00,62.260369976361716,62.50548954319779,54.9754161507755,57.691341400146484,1549600,0.0,0.0,AEIS,1d
2017-02-01 00:00:00-05:00,58.40708552719738,59.80916963927061,57.720750045586485,58.63259506225586,640600,0.0,0.0,AEIS,1d
2017-02-02 00:00:00-05:00,58.41688845323081,60.740620561040615,57.7207461422606,60.08369827270508,597000,0.0,0.0,AEIS,1d
2017-02-03 00:00:00-05:00,60.17194288781602,61.525003779146964,60.16213975203729,60.49550247192383,446600,0.0,0.0,AEIS,1d
2017-02-06 00:00:00-05:00,60.760228333142145,61.27988052310541,59.40716752392839,59.995452880859375,632000,0.0,0.0,AEIS,1d
2017-02-07 00:00:00-05:00,60.03466740166265,61.0739754265947,59.995447384066715,60.41705322265625,453800,0.0,0.0,AEIS,1d
2017-02-08 00:00:00-05:00,60.78963935665968,60.81905250141124,59.70130811812833,60.299400329589844,411700,0.0,0.0,AEIS,1d
2017-02-09 00:00:00-05:00,60.36804402731791,61.31910910265005,60.36804402731791,60.789649963378906,320000,0.0,0.0,AEIS,1d
2017-02-10 00:00:00-05:00,61.05437889472375,61.75051752969458,60.27980020724645,60.77984619140625,260700,0.0,0.0,AEIS,1d
2017-02-13 00:00:00-05:00,61.279882228579915,61.71129125298733,60.740620013013846,61.024959564208984,303600,0.0,0.0,AEIS,1d
2017-02-14 00:00:00-05:00,60.83866908349382,61.62305086349398,60.25038368355054,60.73081588745117,215900,0.0,0.0,AEIS,1d
2017-02-15 00:00:00-05:00,60.72101027831512,61.397538834716855,60.299404387444895,61.309295654296875,372500,0.0,0.0,AEIS,1d
2017-02-16 00:00:00-05:00,61.30929190435951,61.43675509944268,59.97584114411805,60.583740234375,397300,0.0,0.0,AEIS,1d
2017-02-17 00:00:00-05:00,60.5739370485339,60.593547059758514,59.65228896234036,60.35823440551758,348100,0.0,0.0,AEIS,1d
2017-02-21 00:00:00-05:00,60.48569228078071,62.03484946482492,60.39744910269937,61.5642204284668,426100,0.0,0.0,AEIS,1d
2017-02-22 00:00:00-05:00,61.98584130169719,62.06427762328268,60.60336700417246,61.054386138916016,292300,0.0,0.0,AEIS,1d
2017-02-23 00:00:00-05:00,60.88769645783674,61.083792851466576,60.162144663702264,60.4562873840332,289200,0.0,0.0,AEIS,1d
2017-02-24 00:00:00-05:00,59.809170475809175,61.260277769673635,59.662097249039945,61.1622314453125,331300,0.0,0.0,AEIS,1d
2017-02-27 00:00:00-05:00,61.49559007245111,62.25055868827767,61.22105365018773,61.82895278930664,427700,0.0,0.0,AEIS,1d
2017-02-28 00:00:00-05:00,61.81914261344132,62.55450117840746,60.80925138109382,60.88768768310547,265700,0.0,0.0,AEIS,1d
2017-03-01 00:00:00-05:00,61.72109237093881,62.26035453619911,61.46616599012184,61.94660186767578,398900,0.0,0.0,AEIS,1d
2017-03-02 00:00:00-05:00,61.976021334294224,62.2995809105959,61.103396402174745,61.20144271850586,199700,0.0,0.0,AEIS,1d
2017-03-03 00:00:00-05:00,61.191642423321966,61.48578512619588,60.515113832689224,60.90730285644531,214100,0.0,0.0,AEIS,1d
2017-03-06 00:00:00-05:00,61.26027642135922,61.51520284345139,60.57394094525467,61.14262008666992,360100,0.0,0.0,AEIS,1d
2017-03-07 00:00:00-05:00,61.18183973684806,61.72110198611694,61.12300969975007,61.417152404785156,320700,0.0,0.0,AEIS,1d
2017-03-08 00:00:00-05:00,61.779926060449625,62.0838756308468,61.26027384224127,61.32890701293945,386000,0.0,0.0,AEIS,1d
2017-03-09 00:00:00-05:00,61.1426173439891,62.07407232404667,61.064177297563205,61.82895278930664,256700,0.0,0.0,AEIS,1d
2017-03-10 00:00:00-05:00,62.338796296620025,63.48595382132578,61.877970415638934,63.36829376220703,475800,0.0,0.0,AEIS,1d
2017-03-13 00:00:00-04:00,63.73108612309089,66.04501538691954,63.73108612309089,65.84892272949219,733400,0.0,0.0,AEIS,1d
2017-03-14 00:00:00-04:00,65.73125387132187,65.73125387132187,63.94678399732891,65.1625747680664,361000,0.0,0.0,AEIS,1d
2017-03-15 00:00:00-04:00,65.48614693023542,67.02549757084579,65.29004678083727,66.85881805419922,393200,0.0,0.0,AEIS,1d
2017-03-16 00:00:00-04:00,67.03529582359286,68.62366568684944,66.91763574909224,66.95685577392578,605500,0.0,0.0,AEIS,1d
2017-03-17 00:00:00-04:00,66.88824078030952,68.12364571674787,66.61370801231362,67.28043365478516,871900,0.0,0.0,AEIS,1d
2017-03-20 00:00:00-04:00,67.63337719821385,68.78053468778424,66.88821180752592,68.41775512695312,440400,0.0,0.0,AEIS,1d
2017-03-21 00:00:00-04:00,68.63345663056118,69.26096192131864,63.98599323324721,64.22130584716797,1094900,0.0,0.0,AEIS,1d
2017-03-22 00:00:00-04:00,63.91737172154898,64.90764924743463,62.83883979362681,64.11346435546875,1082300,0.0,0.0,AEIS,1d
2017-03-23 00:00:00-04:00,63.90756915823311,65.36847957674549,63.829129107190234,64.62332153320312,341100,0.0,0.0,AEIS,1d
2017-03-24 00:00:00-04:00,65.16257024171672,66.24109459957282,64.73115750639275,65.15276336669922,354500,0.0,0.0,AEIS,1d
2017-03-27 00:00:00-04:00,64.47625200823516,65.5645834674413,63.387920549029026,65.01551055908203,373100,0.0,0.0,AEIS,1d
2017-03-28 00:00:00-04:00,64.89784931803074,65.71164047451035,64.43702340361135,65.44691467285156,362000,0.0,0.0,AEIS,1d
2017-03-29 00:00:00-04:00,65.44694475884604,65.5057710794895,64.61353946774632,65.4959716796875,306100,0.0,0.0,AEIS,1d
2017-03-30 00:00:00-04:00,65.8195044385219,67.24120243700912,65.8195044385219,67.0058822631836,462500,0.0,0.0,AEIS,1d
2017-03-31 00:00:00-04:00,66.91762707349056,67.87849885620193,66.43719492236183,67.22157287597656,512300,0.0,0.0,AEIS,1d
2017-04-03 00:00:00-04:00,67.9667471019111,68.19226037459023,66.47642356051094,66.95685577392578,520000,0.0,0.0,AEIS,1d
2017-04-04 00:00:00-04:00,66.6921240920259,67.45690337412435,65.95676543960647,66.47642517089844,369300,0.0,0.0,AEIS,1d
2017-04-05 00:00:00-04:00,66.34895862597777,67.270610536437,65.38809416994822,65.47633361816406,369800,0.0,0.0,AEIS,1d
2017-04-06 00:00:00-04:00,65.37827936611099,65.7508583474939,64.21150804480713,65.35867309570312,371200,0.0,0.0,AEIS,1d
2017-04-07 00:00:00-04:00,64.96649496668765,65.65282679205,64.93708181423723,65.40770721435547,276200,0.0,0.0,AEIS,1d
2017-04-10 00:00:00-04:00,65.69203292541475,66.32934518869247,65.08413380836528,65.42730712890625,221800,0.0,0.0,AEIS,1d
2017-04-11 00:00:00-04:00,65.23120793704867,65.49594121773333,63.98600401966939,65.1625747680664,345600,0.0,0.0,AEIS,1d
2017-04-12 00:00:00-04:00,65.08414062291004,65.27043387580022,63.92717604058351,64.07424926757812,249800,0.0,0.0,AEIS,1d
2017-04-13 00:00:00-04:00,63.887964355759784,64.65273616988773,63.01533185862477,63.19181823730469,337800,0.0,0.0,AEIS,1d
2017-04-17 00:00:00-04:00,63.32907255526505,64.5938901153779,63.309466286006426,64.4664306640625,297600,0.0,0.0,AEIS,1d
2017-04-18 00:00:00-04:00,64.21150428097795,64.65272388406126,63.809512177319355,64.4664306640625,206400,0.0,0.0,AEIS,1d
2017-04-19 00:00:00-04:00,65.08413627683733,66.6431004101504,64.92726366418547,65.79988861083984,446900,0.0,0.0,AEIS,1d
2017-04-20 00:00:00-04:00,66.28032798129706,67.65299902277783,66.23130855723494,67.58436584472656,406300,0.0,0.0,AEIS,1d
2017-04-21 00:00:00-04:00,67.44709745415803,67.6529969821011,66.3587660347052,67.16275787353516,308900,0.0,0.0,AEIS,1d
2017-04-24 00:00:00-04:00,68.2903058041516,69.76102305414574,68.14323258306123,69.74140930175781,493100,0.0,0.0,AEIS,1d
2017-04-25 00:00:00-04:00,70.36891648494365,71.01603568169811,69.14331874604954,70.82974243164062,416900,0.0,0.0,AEIS,1d
2017-04-26 00:00:00-04:00,70.81992999028158,71.27094897746012,69.68257190747636,71.08465576171875,296900,0.0,0.0,AEIS,1d
2017-04-27 00:00:00-04:00,71.82003898982506,74.251628584226,71.82003898982506,73.5750961303711,617900,0.0,0.0,AEIS,1d
2017-04-28 00:00:00-04:00,73.61429416072508,73.8888268192376,72.23181651263202,72.35928344726562,353700,0.0,0.0,AEIS,1d
2017-05-01 00:00:00-04:00,72.9671771149258,73.27113040725371,70.43754186639987,72.61420440673828,954900,0.0,0.0,AEIS,1d
2017-05-02 00:00:00-04:00,69.51589930775415,72.88873891035583,66.83919078326765,72.58479309082031,1064800,0.0,0.0,AEIS,1d
2017-05-03 00:00:00-04:00,72.59460520566608,72.9867979730051,71.1827142354276,71.87885284423828,565200,0.0,0.0,AEIS,1d
2017-05-04 00:00:00-04:00,72.02593811915469,72.88875636731208,71.32979939385903,72.83973693847656,470700,0.0,0.0,AEIS,1d
2017-05-05 00:00:00-04:00,72.98678183558243,73.19268130980856,71.60430431948141,73.09463500976562,233900,0.0,0.0,AEIS,1d
2017-05-08 00:00:00-04:00,73.03582849718886,74.10455376365333,72.93778216056195,73.27114868164062,411500,0.0,0.0,AEIS,1d
2017-05-09 00:00:00-04:00,73.29073837578377,75.065401352743,73.28093150020295,74.20258331298828,396100,0.0,0.0,AEIS,1d
2017-05-10 00:00:00-04:00,74.7222358672716,76.7910452778585,74.31043685637057,76.722412109375,659400,0.0,0.0,AEIS,1d
2017-05-11 00:00:00-04:00,76.65379041647031,77.37934223198074,75.90862484676869,77.11461639404297,346800,0.0,0.0,AEIS,1d
2017-05-12 00:00:00-04:00,76.86949457545603,77.00676092894705,75.8105762938494,76.07530212402344,346100,0.0,0.0,AEIS,1d
2017-05-15 00:00:00-04:00,76.18315043077125,77.68328830685155,76.11451725843723,77.06558227539062,328700,0.0,0.0,AEIS,1d
2017-05-16 00:00:00-04:00,77.4577693730275,77.93820154423177,76.53611757155247,77.65386199951172,381900,0.0,0.0,AEIS,1d
2017-05-17 00:00:00-04:00,76.45768774973696,76.61456036045634,73.20250066242426,73.22210693359375,644800,0.0,0.0,AEIS,1d
2017-05-18 00:00:00-04:00,72.95737926223306,75.2516944334962,71.87884736416481,74.70262908935547,493300,0.0,0.0,AEIS,1d
2017-05-19 00:00:00-04:00,75.24189068433795,75.87920297409921,74.59477899906291,74.69282531738281,375900,0.0,0.0,AEIS,1d
2017-05-22 00:00:00-04:00,74.9673613600642,76.3008122942382,74.69282866428513,76.0851058959961,293100,0.0,0.0,AEIS,1d
2017-05-23 00:00:00-04:00,76.30079539357726,76.30079539357726,74.30061943535614,75.61446380615234,328400,0.0,0.0,AEIS,1d
2017-05-24 00:00:00-04:00,75.9772500475775,76.35963592914398,75.21247828444454,76.21257019042969,265900,0.0,0.0,AEIS,1d
2017-05-25 00:00:00-04:00,76.51652185802241,76.66359508840428,74.94775818834476,75.29092407226562,359000,0.0,0.0,AEIS,1d
2017-05-26 00:00:00-04:00,74.94774586288598,76.01646336569249,74.51633311950147,75.94783020019531,341700,0.0,0.0,AEIS,1d
2017-05-30 00:00:00-04:00,75.95762776595411,76.17333411120917,74.90851666167516,75.64387512207031,339600,0.0,0.0,AEIS,1d
2017-05-31 00:00:00-04:00,76.0949330421466,76.1341530777701,74.6340222473416,75.42820739746094,280600,0.0,0.0,AEIS,1d
2017-06-01 00:00:00-04:00,75.4575927458126,76.61455718873258,75.04579374421078,76.58514404296875,356300,0.0,0.0,AEIS,1d
2017-06-02 00:00:00-04:00,76.61455586326196,78.59512575557486,76.61455586326196,77.84996032714844,333800,0.0,0.0,AEIS,1d
2017-06-05 00:00:00-04:00,77.96762989759718,79.2520615370936,77.79114350715638,77.98724365234375,210200,0.0,0.0,AEIS,1d
2017-06-06 00:00:00-04:00,77.57542774633593,79.43833009869422,76.87928921289974,78.63433837890625,235700,0.0,0.0,AEIS,1d
2017-06-07 00:00:00-04:00,79.02652926910446,80.58549325716206,78.72258346759894,80.44822692871094,309700,0.0,0.0,AEIS,1d
2017-06-08 00:00:00-04:00,80.62472824468338,83.54654918466629,80.1540954022971,83.46810913085938,447100,0.0,0.0,AEIS,1d
2017-06-09 00:00:00-04:00,83.76225665027057,84.56624851080728,77.60485447731305,79.11479187011719,968900,0.0,0.0,AEIS,1d
2017-06-12 00:00:00-04:00,77.81074439068175,77.83035066172944,71.23173708715223,76.6243667602539,1433500,0.0,0.0,AEIS,1d
2017-06-13 00:00:00-04:00,77.38912669847254,79.02652311786989,75.99684977229468,76.73220825195312,468600,0.0,0.0,AEIS,1d
2017-06-14 00:00:00-04:00,76.89890387969051,76.89890387969051,72.41811890079117,73.7809829711914,506300,0.0,0.0,AEIS,1d
2017-06-15 00:00:00-04:00,71.74158570501228,72.14358534421785,70.05516206040748,70.69247436523438,1017400,0.0,0.0,AEIS,1d
2017-06-16 00:00:00-04:00,70.39831940799236,72.05532204750601,69.87865981382153,70.45714569091797,587300,0.0,0.0,AEIS,1d
2017-06-19 00:00:00-04:00,71.08467370981566,72.26124462731318,70.39834192135135,71.12389373779297,402700,0.0,0.0,AEIS,1d
2017-06-20 00:00:00-04:00,71.17290598348744,71.85924518317883,68.4471778978693,69.17273712158203,679800,0.0,0.0,AEIS,1d
2017-06-21 00:00:00-04:00,68.70208780144283,69.45705251114971,68.26087572804246,68.65306091308594,552800,0.0,0.0,AEIS,1d
2017-06-22 00:00:00-04:00,68.60406667068435,68.87859939310067,66.13325720802615,67.17256927490234,707900,0.0,0.0,AEIS,1d
2017-06-23 00:00:00-04:00,66.93724704620445,68.61387144176784,66.58428175711552,67.7020263671875,623500,0.0,0.0,AEIS,1d
2017-06-26 00:00:00-04:00,67.96675427183206,68.54524034858359,65.91755825117703,67.0058822631836,519900,0.0,0.0,AEIS,1d
2017-06-27 00:00:00-04:00,66.56466691746144,66.77056644959526,64.47625096542811,64.49585723876953,508700,0.0,0.0,AEIS,1d
2017-06-28 00:00:00-04:00,64.75076192119292,67.50590244804378,63.73106399954585,67.46668243408203,669200,0.0,0.0,AEIS,1d
2017-06-29 00:00:00-04:00,66.97646723700186,67.38827378944288,62.56431882764146,63.89776611328125,825300,0.0,0.0,AEIS,1d
2017-06-30 00:00:00-04:00,64.11347105309804,65.06453613591657,63.397726132111394,63.42713928222656,341900,0.0,0.0,AEIS,1d
2017-07-03 00:00:00-04:00,63.672255688702954,64.53507379801148,63.025136496380384,63.27025604248047,296600,0.0,0.0,AEIS,1d
2017-07-05 00:00:00-04:00,62.41724579678245,65.05473096609992,62.41724579678245,64.51547241210938,603700,0.0,0.0,AEIS,1d
2017-07-06 00:00:00-04:00,63.68205199130535,65.0253097316497,62.85845394703316,64.06443786621094,500200,0.0,0.0,AEIS,1d
2017-07-07 00:00:00-04:00,65.01548628964292,66.03518418972106,64.3977879138299,65.66260528564453,435900,0.0,0.0,AEIS,1d
2017-07-10 00:00:00-04:00,65.36849415037483,67.43730420501946,65.2704478049397,67.02550506591797,617900,0.0,0.0,AEIS,1d
2017-07-11 00:00:00-04:00,66.95685451302329,68.72171071456835,66.80978129278085,67.72162628173828,573600,0.0,0.0,AEIS,1d
2017-07-12 00:00:00-04:00,68.62366445546546,70.27086806664234,68.43737869141745,69.45706939697266,551600,0.0,0.0,AEIS,1d
2017-07-13 00:00:00-04:00,69.55512514772374,69.77083154625815,68.61386698358218,69.26097869873047,313900,0.0,0.0,AEIS,1d
2017-07-14 00:00:00-04:00,69.62375693550044,70.25126236576737,68.6432787656515,70.19242858886719,357300,0.0,0.0,AEIS,1d
2017-07-17 00:00:00-04:00,70.36892461336019,70.83955749085918,69.61395961039449,70.61404418945312,308500,0.0,0.0,AEIS,1d
2017-07-18 00:00:00-04:00,70.44735560183753,71.95729289379706,69.67277694346808,71.87885284423828,467000,0.0,0.0,AEIS,1d
2017-07-19 00:00:00-04:00,72.35928919120765,74.63399816003474,72.31026229238695,74.62419128417969,617000,0.0,0.0,AEIS,1d
2017-07-20 00:00:00-04:00,74.81049226727883,75.05561182584731,73.63391389787702,74.29083251953125,487900,0.0,0.0,AEIS,1d
2017-07-21 00:00:00-04:00,74.3496536422764,74.3496536422764,72.59459700406974,73.54566192626953,348600,0.0,0.0,AEIS,1d
2017-07-24 00:00:00-04:00,73.19268922358808,74.1143335201861,73.04561601739515,73.54566192626953,373600,0.0,0.0,AEIS,1d
2017-07-25 00:00:00-04:00,73.64371692901375,73.64371692901375,72.16319277804686,73.1142578125,322800,0.0,0.0,AEIS,1d
2017-07-26 00:00:00-04:00,73.36917988295113,74.67321758440164,73.26132669077376,73.88883209228516,342600,0.0,0.0,AEIS,1d
2017-07-27 00:00:00-04:00,74.2614151162883,74.31044201737625,71.03564101261861,71.87885284423828,473100,0.0,0.0,AEIS,1d
2017-07-28 00:00:00-04:00,71.49646703284667,72.41811891505172,70.44735568030778,70.7611083984375,392800,0.0,0.0,AEIS,1d
2017-07-31 00:00:00-04:00,70.97681740470452,71.83963554117518,70.60423837586711,71.13369750976562,555500,0.0,0.0,AEIS,1d
2017-08-01 00:00:00-04:00,73.51625662524215,74.39868099564568,68.75113211106193,70.97681427001953,979000,0.0,0.0,AEIS,1d
2017-08-02 00:00:00-04:00,71.16311807565478,71.54550402102286,68.46680270267393,69.28060150146484,534100,0.0,0.0,AEIS,1d
2017-08-03 00:00:00-04:00,69.20216032952153,70.18263863122475,67.07452421013498,67.19217681884766,523300,0.0,0.0,AEIS,1d
2017-08-04 00:00:00-04:00,67.20196725170419,68.46678484904824,66.06460910942744,67.9569320678711,631500,0.0,0.0,AEIS,1d
2017-08-07 00:00:00-04:00,68.30011217075209,70.27086788511279,67.99615885464522,69.95711517333984,464000,0.0,0.0,AEIS,1d
2017-08-08 00:00:00-04:00,69.8296555827173,70.93759320786656,69.21194955592438,69.33941650390625,433700,0.0,0.0,AEIS,1d
2017-08-09 00:00:00-04:00,68.37855237371038,69.71200341775628,67.81968005969523,68.8393783569336,493400,0.0,0.0,AEIS,1d
2017-08-10 00:00:00-04:00,68.25108786575085,69.11390598582018,67.90792199302184,68.09420776367188,473500,0.0,0.0,AEIS,1d
2017-08-11 00:00:00-04:00,68.15304208940756,69.97673214821624,68.10401518700047,69.78063201904297,343000,0.0,0.0,AEIS,1d
2017-08-14 00:00:00-04:00,70.71208035748819,71.30036569720876,70.37871392735904,71.19251251220703,361000,0.0,0.0,AEIS,1d
2017-08-15 00:00:00-04:00,71.43762218979377,71.67293479718744,70.34929109497534,70.43753051757812,238500,0.0,0.0,AEIS,1d
2017-08-16 00:00:00-04:00,70.68266741671452,71.85924570452684,70.3591153069868,71.02584075927734,237400,0.0,0.0,AEIS,1d
2017-08-17 00:00:00-04:00,70.52577417750362,71.2317194476746,68.93739731961894,68.99623107910156,217500,0.0,0.0,AEIS,1d
2017-08-18 00:00:00-04:00,68.84917861335033,70.02574943062116,68.84917861335033,69.69239044189453,286100,0.0,0.0,AEIS,1d
2017-08-21 00:00:00-04:00,69.70219294803073,70.08458633518484,67.89811661698491,68.73152160644531,243700,0.0,0.0,AEIS,1d
2017-08-22 00:00:00-04:00,69.19234127045384,71.12388438162802,68.94722173818208,70.98661804199219,263100,0.0,0.0,AEIS,1d
2017-08-23 00:00:00-04:00,70.13360008726268,70.49637969166389,68.94722243670243,69.15312194824219,230000,0.0,0.0,AEIS,1d
2017-08-24 00:00:00-04:00,69.5551227176354,70.29048133397198,68.87859039686023,69.83946228027344,212500,0.0,0.0,AEIS,1d
2017-08-25 00:00:00-04:00,70.3002841754556,70.3002841754556,68.65308049490363,69.16293334960938,208100,0.0,0.0,AEIS,1d
2017-08-28 00:00:00-04:00,69.44729187108865,69.77085156171117,68.84919940555869,69.7218246459961,230300,0.0,0.0,AEIS,1d
2017-08-29 00:00:00-04:00,68.800139991256,70.81992977342293,68.63346052528915,70.46695709228516,283800,0.0,0.0,AEIS,1d
2017-08-30 00:00:00-04:00,70.46697167309358,71.8592489365263,70.38853162095381,71.63373565673828,163800,0.0,0.0,AEIS,1d
2017-08-31 00:00:00-04:00,71.99651691317386,72.42792972922841,71.43764461985558,72.1043701171875,244400,0.0,0.0,AEIS,1d
2017-09-01 00:00:00-04:00,72.55537348425128,73.28092512456676,71.86904186239252,73.10443878173828,225500,0.0,0.0,AEIS,1d
2017-09-05 00:00:00-04:00,72.91815352744338,73.05541985272401,70.6140241806893,71.60430908203125,276400,0.0,0.0,AEIS,1d
2017-09-06 00:00:00-04:00,71.79061005522169,72.27104224559734,70.51598549084851,71.43763732910156,378400,0.0,0.0,AEIS,1d
2017-09-07 00:00:00-04:00,71.53567753289376,72.39849552275497,70.8787590355976,72.24162292480469,204800,0.0,0.0,AEIS,1d
2017-09-08 00:00:00-04:00,71.76119834425005,71.77099773984347,70.09438099744662,70.17282104492188,220600,0.0,0.0,AEIS,1d
2017-09-11 00:00:00-04:00,71.11407328763279,72.83971678699558,71.08466014237756,72.54557037353516,272400,0.0,0.0,AEIS,1d
2017-09-12 00:00:00-04:00,72.66324287587126,73.72216116908405,72.44753646646251,73.62410736083984,245600,0.0,0.0,AEIS,1d
2017-09-13 00:00:00-04:00,73.2417256628882,73.90845120287547,72.32008115206442,73.51626586914062,190500,0.0,0.0,AEIS,1d
2017-09-14 00:00:00-04:00,73.15348328027811,74.67322756929522,73.15348328027811,73.8104019165039,195500,0.0,0.0,AEIS,1d
2017-09-15 00:00:00-04:00,73.50643625298454,74.5849605480333,73.02600413145848,74.30062103271484,440800,0.0,0.0,AEIS,1d
2017-09-18 00:00:00-04:00,74.30063081741896,76.94792623256662,74.30063081741896,76.79104614257812,435800,0.0,0.0,AEIS,1d
2017-09-19 00:00:00-04:00,76.79105431895941,77.3107065815814,75.39877703411274,75.62428283691406,557000,0.0,0.0,AEIS,1d
2017-09-20 00:00:00-04:00,75.56546450823775,75.66351084503542,72.35930366417217,72.93778228759766,382800,0.0,0.0,AEIS,1d
2017-09-21 00:00:00-04:00,72.98678824495272,73.17307398725711,71.28075105648563,72.4083023071289,370100,0.0,0.0,AEIS,1d
2017-09-22 00:00:00-04:00,72.29065424789992,74.86930898089047,72.09455413788177,74.65360260009766,312900,0.0,0.0,AEIS,1d
2017-09-25 00:00:00-04:00,74.36926037839079,74.44770041957923,71.89845892458696,72.21221160888672,347900,0.0,0.0,AEIS,1d
2017-09-26 00:00:00-04:00,72.66324067787986,72.88874647692745,70.33950462925173,71.01603698730469,393300,0.0,0.0,AEIS,1d
2017-09-27 00:00:00-04:00,71.9082858749353,76.0949330421466,71.76122009191832,75.42820739746094,597000,0.0,0.0,AEIS,1d
2017-09-28 00:00:00-04:00,75.40857588171303,76.83026616507524,74.3398508399161,76.79104614257812,400000,0.0,0.0,AEIS,1d
2017-09-29 00:00:00-04:00,77.03616128787723,79.2716500797863,76.69299546112875,79.18341064453125,488600,0.0,0.0,AEIS,1d
2017-10-02 00:00:00-04:00,80.26193331593812,81.56597091034644,79.53638165758281,81.44831085205078,714900,0.0,0.0,AEIS,1d
2017-10-03 00:00:00-04:00,81.46791092107168,82.1052230975402,79.95798143035988,81.13455200195312,442600,0.0,0.0,AEIS,1d
2017-10-04 00:00:00-04:00,81.22280002950893,81.7032396715182,80.39920203827141,81.03651428222656,258700,0.0,0.0,AEIS,1d
2017-10-05 00:00:00-04:00,81.32085139923753,81.67382409367067,80.29134646039857,81.44831085205078,334100,0.0,0.0,AEIS,1d
2017-10-06 00:00:00-04:00,81.08553836643667,82.36016292773822,80.60510617721877,81.66402435302734,290400,0.0,0.0,AEIS,1d
2017-10-09 00:00:00-04:00,81.66401873565012,82.42879042764334,81.6149918403361,82.25230407714844,194100,0.0,0.0,AEIS,1d
2017-10-10 00:00:00-04:00,82.89943802604226,83.24260391329658,81.25223428676627,82.46802520751953,219400,0.0,0.0,AEIS,1d
2017-10-11 00:00:00-04:00,82.03660236772478,83.27200689138338,82.01699609675755,82.87981414794922,192200,0.0,0.0,AEIS,1d
2017-10-12 00:00:00-04:00,82.85040303318503,84.95843253544574,82.8111830098343,84.4191665649414,487500,0.0,0.0,AEIS,1d
2017-10-13 00:00:00-04:00,85.51730791276863,86.91939200703074,84.6544823283274,86.64485931396484,468700,0.0,0.0,AEIS,1d
2017-10-16 00:00:00-04:00,87.26254898452032,88.11556760575945,86.06636453190481,87.40962219238281,435900,0.0,0.0,AEIS,1d
2017-10-17 00:00:00-04:00,86.93899649433041,87.99791470052045,86.65465693079115,87.62533569335938,299800,0.0,0.0,AEIS,1d
2017-10-18 00:00:00-04:00,87.95869458139272,88.77249324714671,86.28207783029941,88.5763931274414,439700,0.0,0.0,AEIS,1d
2017-10-19 00:00:00-04:00,87.74298583175847,88.39991186454732,85.30159738056608,88.0371322631836,423400,0.0,0.0,AEIS,1d
2017-10-20 00:00:00-04:00,89.12547336508804,89.36078604777244,88.24304145445247,88.45874786376953,415600,0.0,0.0,AEIS,1d
2017-10-23 00:00:00-04:00,88.2920517994605,89.68432884153452,87.73317960761648,88.2724380493164,439400,0.0,0.0,AEIS,1d
2017-10-24 00:00:00-04:00,88.65483984268955,90.30204356982016,88.54698663885411,89.79219818115234,351100,0.0,0.0,AEIS,1d
2017-10-25 00:00:00-04:00,89.50785849170092,89.96868445655711,86.99783661728185,89.0078125,331400,0.0,0.0,AEIS,1d
2017-10-26 00:00:00-04:00,89.36077154335075,90.22358956011706,88.45873350576042,89.64511108398438,411500,0.0,0.0,AEIS,1d
2017-10-27 00:00:00-04:00,90.74325485140658,92.51791789110463,89.0862444010205,92.41006469726562,596200,0.0,0.0,AEIS,1d
2017-10-30 00:00:00-04:00,92.47870669927661,93.14543219738134,90.2039974964114,91.81198120117188,654900,0.0,0.0,AEIS,1d
2017-10-31 00:00:00-04:00,88.48815971478024,89.30195843599827,79.52658934598018,83.06611633300781,1960800,0.0,0.0,AEIS,1d
2017-11-01 00:00:00-04:00,84.10542890301367,84.772154458328,79.09518410067861,80.3796157836914,907300,0.0,0.0,AEIS,1d
2017-11-02 00:00:00-04:00,80.36979477279598,81.79148509139965,79.43833604642236,81.68363189697266,529400,0.0,0.0,AEIS,1d
2017-11-03 00:00:00-04:00,81.7326705216565,82.60529559778418,81.05613811055197,81.57579040527344,451900,0.0,0.0,AEIS,1d
2017-11-06 00:00:00-05:00,81.42873888538963,83.15437558461467,80.65416000633043,83.07594299316406,397200,0.0,0.0,AEIS,1d
2017-11-07 00:00:00-05:00,83.05629402033986,84.49759793860844,82.81117450989838,83.39945983886719,355100,0.0,0.0,AEIS,1d
2017-11-08 00:00:00-05:00,82.98766100514474,85.67416874986402,82.60527516660802,85.63494873046875,467200,0.0,0.0,AEIS,1d
2017-11-09 00:00:00-05:00,84.92901136103904,85.33100347159453,81.13455861559987,82.85039520263672,443800,0.0,0.0,AEIS,1d
2017-11-10 00:00:00-05:00,81.83070956437334,84.25249191199151,81.37969049063406,82.02680969238281,291300,0.0,0.0,AEIS,1d
2017-11-13 00:00:00-05:00,81.37969706583641,82.30134904080975,80.85023789811486,81.95817565917969,360200,0.0,0.0,AEIS,1d
2017-11-14 00:00:00-05:00,81.3894978856402,82.17387596130995,80.35018590170658,80.86003875732422,397200,0.0,0.0,AEIS,1d
2017-11-15 00:00:00-05:00,80.25212482489692,80.86983076794283,77.35971764423888,79.52657318115234,511200,0.0,0.0,AEIS,1d
2017-11-16 00:00:00-05:00,80.18348537206168,82.24248756629586,80.18348537206168,81.49732971191406,398300,0.0,0.0,AEIS,1d
2017-11-17 00:00:00-05:00,81.73266483922282,82.22290394815268,80.23253436277027,80.42862701416016,480000,0.0,0.0,AEIS,1d
2017-11-20 00:00:00-05:00,81.08555799920425,82.61510933919826,80.62473945006745,82.29154968261719,290000,0.0,0.0,AEIS,1d
2017-11-21 00:00:00-05:00,82.21308483147463,84.2524810163046,82.21308483147463,83.93872833251953,354700,0.0,0.0,AEIS,1d
2017-11-22 00:00:00-05:00,84.20347181322913,84.67410467802239,81.65422978677597,81.95817565917969,207500,0.0,0.0,AEIS,1d
2017-11-24 00:00:00-05:00,82.37978662473512,83.81129158027579,82.37978662473512,83.48773193359375,183000,0.0,0.0,AEIS,1d
2017-11-27 00:00:00-05:00,83.09553115511652,83.4681101947655,81.6346206665039,81.6346206665039,253300,0.0,0.0,AEIS,1d
2017-11-28 00:00:00-05:00,82.10523046657168,82.69351580516754,81.52675200308103,82.30133056640625,222000,0.0,0.0,AEIS,1d
2017-11-29 00:00:00-05:00,82.08562217772699,82.80136695326944,73.88882521760956,74.45750427246094,759700,0.0,0.0,AEIS,1d
2017-11-30 00:00:00-05:00,75.00657718521039,75.6438894678423,72.81030826150403,73.5064468383789,615200,0.0,0.0,AEIS,1d
2017-12-01 00:00:00-05:00,73.15348023946895,73.29074659116984,68.74132827076976,71.13369750976562,903300,0.0,0.0,AEIS,1d
2017-12-04 00:00:00-05:00,71.82982224001776,72.7906865159184,68.2216628070922,68.8687744140625,678200,0.0,0.0,AEIS,1d
2017-12-05 00:00:00-05:00,68.33933054919603,71.25135212796118,67.67260504469608,69.03547668457031,468600,0.0,0.0,AEIS,1d
2017-12-06 00:00:00-05:00,68.48641967845552,70.2512839177992,68.38837332748246,69.7218246459961,341200,0.0,0.0,AEIS,1d
2017-12-07 00:00:00-05:00,70.52577844755535,71.04543055832389,69.90808003898289,70.50617218017578,351500,0.0,0.0,AEIS,1d
2017-12-08 00:00:00-05:00,71.35920343769175,71.35920343769175,68.78054841989847,69.06488800048828,437600,0.0,0.0,AEIS,1d
2017-12-11 00:00:00-05:00,67.63337053363468,69.44725319814333,67.0450777944834,68.81974792480469,589400,0.0,0.0,AEIS,1d
2017-12-12 00:00:00-05:00,68.67269630321836,68.73152260342376,67.27061213149935,67.68241119384766,385500,0.0,0.0,AEIS,1d
2017-12-13 00:00:00-05:00,67.89812091248214,69.12371876288795,67.79026770320998,68.29031372070312,318700,0.0,0.0,AEIS,1d
2017-12-14 00:00:00-05:00,68.2903020757798,69.72179922329894,67.8392830413933,68.06478881835938,370600,0.0,0.0,AEIS,1d
2017-12-15 00:00:00-05:00,68.30009688293727,70.8297242826937,67.71180413464444,70.0061264038086,640100,0.0,0.0,AEIS,1d
2017-12-18 00:00:00-05:00,70.0453600986911,70.98661820715006,69.87867313121309,70.486572265625,392700,0.0,0.0,AEIS,1d
2017-12-19 00:00:00-05:00,70.32969232913904,71.221923445916,69.46686687591311,69.65316009521484,300400,0.0,0.0,AEIS,1d
2017-12-20 00:00:00-05:00,70.46695639878166,70.79050845292907,69.30018518758943,69.73159790039062,182000,0.0,0.0,AEIS,1d
2017-12-21 00:00:00-05:00,69.72181060681687,70.4669761889885,68.39816643406657,69.12371826171875,287700,0.0,0.0,AEIS,1d
2017-12-22 00:00:00-05:00,69.06485427189128,69.44723999134949,68.3589091035218,68.90797424316406,143600,0.0,0.0,AEIS,1d
2017-12-26 00:00:00-05:00,68.13342039744377,68.54522688049695,66.98626282715188,67.42747497558594,369900,0.0,0.0,AEIS,1d
2017-12-27 00:00:00-05:00,67.45689565300098,68.29030053426038,67.06470292051003,67.59416198730469,230500,0.0,0.0,AEIS,1d
2017-12-28 00:00:00-05:00,67.89809510720846,68.08438830341358,67.1921498168026,67.46668243408203,185600,0.0,0.0,AEIS,1d
2017-12-29 00:00:00-05:00,66.98627979338822,67.76085857853064,66.0744346392794,66.16268157958984,410300,0.0,0.0,AEIS,1d
2018-01-02 00:00:00-05:00,66.7215492596597,68.5256256856782,66.29994330437952,68.05500030517578,448200,0.0,0.0,AEIS,1d
2018-01-03 00:00:00-05:00,68.44717942606655,68.89819849169966,67.2608017246383,67.57455444335938,499800,0.0,0.0,AEIS,1d
2018-01-04 00:00:00-05:00,67.55493725750847,68.05498314359316,65.9371470240253,66.63328552246094,843400,0.0,0.0,AEIS,1d
2018-01-05 00:00:00-05:00,66.76075705100678,70.62384355296216,66.48622435186468,70.44735717773438,660800,0.0,0.0,AEIS,1d
2018-01-08 00:00:00-05:00,70.39834282143458,71.21213410088835,69.63356348678204,70.24146270751953,506500,0.0,0.0,AEIS,1d
2018-01-09 00:00:00-05:00,70.54539183893687,70.6728587713619,67.53532456162223,67.65298461914062,556800,0.0,0.0,AEIS,1d
2018-01-10 00:00:00-05:00,66.99607437681497,67.76084614370008,66.13324880969971,66.93724060058594,587400,0.0,0.0,AEIS,1d
2018-01-11 00:00:00-05:00,67.45690420681277,69.54532011249955,67.45690420681277,69.2315673828125,520700,0.0,0.0,AEIS,1d
2018-01-12 00:00:00-05:00,69.57472898933764,70.64345406824991,68.96682984020238,69.83946228027344,459100,0.0,0.0,AEIS,1d
2018-01-16 00:00:00-05:00,70.52577742063382,71.17288896107961,69.79041897713233,70.43753051757812,440700,0.0,0.0,AEIS,1d
2018-01-17 00:00:00-05:00,71.21211933849172,73.55546132101612,70.81993409591588,73.54566192626953,654800,0.0,0.0,AEIS,1d
2018-01-18 00:00:00-05:00,73.53585886004049,75.29091558915465,73.44761942002656,74.10453796386719,637700,0.0,0.0,AEIS,1d
2018-01-19 00:00:00-05:00,74.31043447124209,76.23217060755292,73.91824174372978,76.01646423339844,594800,0.0,0.0,AEIS,1d
2018-01-22 00:00:00-05:00,75.8203910358123,76.14395067994323,74.78107891955439,75.12425231933594,509200,0.0,0.0,AEIS,1d
2018-01-23 00:00:00-05:00,75.54585209680688,76.46749656439114,74.69283332699644,75.5948715209961,323800,0.0,0.0,AEIS,1d
2018-01-24 00:00:00-05:00,75.67328870922142,75.741921866711,72.45732222036172,73.31033325195312,424600,0.0,0.0,AEIS,1d
2018-01-25 00:00:00-05:00,74.5261428187112,74.5261428187112,70.44735031331079,70.68266296386719,452200,0.0,0.0,AEIS,1d
2018-01-26 00:00:00-05:00,71.43763303317238,72.31025792014526,70.99642089228192,72.21221160888672,333100,0.0,0.0,AEIS,1d
2018-01-29 00:00:00-05:00,72.13377143313578,72.96717629795975,70.4081279324792,72.7122573852539,481700,0.0,0.0,AEIS,1d
2018-01-30 00:00:00-05:00,71.31017900612382,72.93776884221127,70.47676659583526,70.83954620361328,575400,0.0,0.0,AEIS,1d
2018-01-31 00:00:00-05:00,71.32978662471518,74.02610158303776,67.85889301707446,69.74140930175781,769900,0.0,0.0,AEIS,1d
2018-02-01 00:00:00-05:00,69.25117998891791,72.35930190090231,69.25117998891791,71.39842987060547,503700,0.0,0.0,AEIS,1d
2018-02-02 00:00:00-05:00,70.56500217121045,71.37880069861183,67.96673400036647,68.32951354980469,423500,0.0,0.0,AEIS,1d
2018-02-05 00:00:00-05:00,67.14313657738438,68.43736723519748,64.36838204844037,64.7115478515625,719700,0.0,0.0,AEIS,1d
2018-02-06 00:00:00-05:00,63.00552955511242,66.27051618935282,62.10348769012354,65.72145080566406,589900,0.0,0.0,AEIS,1d
2018-02-07 00:00:00-05:00,65.2606270560476,65.94696628913516,63.24084434362474,63.515377044677734,534000,0.0,0.0,AEIS,1d
2018-02-08 00:00:00-05:00,63.58400353674183,64.22131580031675,61.02495882755817,61.18183517456055,579500,0.0,0.0,AEIS,1d
2018-02-09 00:00:00-05:00,62.30939719336632,63.995817379503464,60.760243375146715,63.24085235595703,719300,0.0,0.0,AEIS,1d
2018-02-12 00:00:00-05:00,63.87815165078634,64.50565705540455,62.917279792209065,63.88795852661133,481100,0.0,0.0,AEIS,1d
2018-02-13 00:00:00-05:00,63.682055199376535,63.79971527468036,62.230951672903856,63.10357666015625,464100,0.0,0.0,AEIS,1d
2018-02-14 00:00:00-05:00,62.64273652527727,64.83900507024197,62.61332338322802,64.45661926269531,374300,0.0,0.0,AEIS,1d
2018-02-15 00:00:00-05:00,65.14296671894569,65.53515197073646,63.35849689366258,65.35867309570312,296700,0.0,0.0,AEIS,1d
2018-02-16 00:00:00-05:00,65.06451378811907,66.03518481079826,64.26052221247974,64.2801284790039,470100,0.0,0.0,AEIS,1d
2018-02-20 00:00:00-05:00,63.740881143123936,67.12352747747147,63.613414207097506,66.00578308105469,549800,0.0,0.0,AEIS,1d
2018-02-21 00:00:00-05:00,66.33914992177723,66.65290260550277,65.56457134748048,65.95675659179688,490000,0.0,0.0,AEIS,1d
2018-02-22 00:00:00-05:00,66.09404708149667,66.09404708149667,64.1919167486868,65.19200134277344,392000,0.0,0.0,AEIS,1d
2018-02-23 00:00:00-05:00,65.95676931032513,66.57447540209918,65.04492422859457,65.91755676269531,302800,0.0,0.0,AEIS,1d
2018-02-26 00:00:00-05:00,65.89793881442193,66.54505801596089,65.51555291549619,66.19208526611328,362400,0.0,0.0,AEIS,1d
2018-02-27 00:00:00-05:00,66.29994921628216,67.01569422808474,65.39790344238281,65.39790344238281,796200,0.0,0.0,AEIS,1d
2018-02-28 00:00:00-05:00,65.99597791730895,66.60387702674629,65.02530670166016,65.02530670166016,336700,0.0,0.0,AEIS,1d
2018-03-01 00:00:00-05:00,65.12335495121818,66.04500677799182,63.8389310074455,64.82921600341797,295100,0.0,0.0,AEIS,1d
2018-03-02 00:00:00-05:00,64.15268941647614,65.88813255236532,63.82912981268923,65.64301300048828,255900,0.0,0.0,AEIS,1d
2018-03-05 00:00:00-05:00,65.40769444510534,66.51563202702286,65.17238179098526,65.7802734375,457300,0.0,0.0,AEIS,1d
2018-03-06 00:00:00-05:00,66.15287093957154,68.91781939794055,65.88813761415165,68.7413330078125,472700,0.0,0.0,AEIS,1d
2018-03-07 00:00:00-05:00,68.04519486833158,69.50610542689675,67.94714853535609,68.52562713623047,435000,0.0,0.0,AEIS,1d
2018-03-08 00:00:00-05:00,68.89820110824637,69.12371438985467,68.10401614517241,68.73152160644531,266400,0.0,0.0,AEIS,1d
2018-03-09 00:00:00-05:00,68.54523342957702,70.81013564072337,68.54523342957702,70.26107025146484,422400,0.0,0.0,AEIS,1d
2018-03-12 00:00:00-04:00,70.61404299237647,71.2513553755053,69.57473840110696,69.64337158203125,248700,0.0,0.0,AEIS,1d
2018-03-13 00:00:00-04:00,69.89828392657952,71.01602835062845,68.68249318963149,68.87858581542969,409400,0.0,0.0,AEIS,1d
2018-03-14 00:00:00-04:00,68.95701287318953,69.82963761044665,68.53540707470383,68.63345336914062,408400,0.0,0.0,AEIS,1d
2018-03-15 00:00:00-04:00,68.9570470323716,70.26108508767395,68.32954146058603,70.14342498779297,533200,0.0,0.0,AEIS,1d
2018-03-16 00:00:00-04:00,70.01594795575703,70.09438052224591,68.49620383815906,69.27078247070312,695900,0.0,0.0,AEIS,1d
2018-03-19 00:00:00-04:00,68.90800018074532,69.0158533709793,66.9960708637871,68.11381530761719,285300,0.0,0.0,AEIS,1d
2018-03-20 00:00:00-04:00,68.12362223574019,68.5648343921617,67.5451362621797,67.78044891357422,255700,0.0,0.0,AEIS,1d
2018-03-21 00:00:00-04:00,67.78044911382172,69.8590654019015,67.78044911382172,68.56483459472656,436400,0.0,0.0,AEIS,1d
2018-03-22 00:00:00-04:00,67.79025282238734,68.72170399204813,66.2803157044831,66.33914947509766,344000,0.0,0.0,AEIS,1d
2018-03-23 00:00:00-04:00,66.38816811414499,66.92743403582722,62.44664588969475,62.4760627746582,353600,0.0,0.0,AEIS,1d
2018-03-26 00:00:00-04:00,63.652636277225156,65.06452713098975,63.1722041041069,64.97628021240234,451100,0.0,0.0,AEIS,1d
2018-03-27 00:00:00-04:00,65.02531030801977,65.67242947464486,61.40734729773579,61.77992630004883,333200,0.0,0.0,AEIS,1d
2018-03-28 00:00:00-04:00,61.73090278038207,62.05446236180539,60.2699924466966,61.103397369384766,327400,0.0,0.0,AEIS,1d
2018-03-29 00:00:00-04:00,61.7112879602714,63.662440952022095,60.8092499373056,62.652549743652344,271600,0.0,0.0,AEIS,1d
2018-04-02 00:00:00-04:00,62.1427086896006,62.53489772121254,58.88752140010693,59.358150482177734,572400,0.0,0.0,AEIS,1d
2018-04-03 00:00:00-04:00,59.91702698424351,61.3583312213248,59.91702698424351,61.04457473754883,572100,0.0,0.0,AEIS,1d
2018-04-04 00:00:00-04:00,59.47580898055997,61.98583458311235,59.093423071235655,61.74071502685547,439200,0.0,0.0,AEIS,1d
2018-04-05 00:00:00-04:00,62.38782778520592,62.80942996257347,61.45637276400241,61.70149230957031,473700,0.0,0.0,AEIS,1d
2018-04-06 00:00:00-04:00,60.750415575468054,61.70148042597083,59.72091443040851,60.13271713256836,288600,0.0,0.0,AEIS,1d
2018-04-09 00:00:00-04:00,60.97593905240957,62.525096432704316,60.22097037545642,60.27980041503906,221100,0.0,0.0,AEIS,1d
2018-04-10 00:00:00-04:00,61.24066665342701,62.936897208089604,60.75042755999856,62.54470443725586,582600,0.0,0.0,AEIS,1d
2018-04-11 00:00:00-04:00,62.054465771843866,64.0252290355468,61.642662985605305,63.44674301147461,398500,0.0,0.0,AEIS,1d
2018-04-12 00:00:00-04:00,63.799709831596445,64.63311472264547,63.57419657661753,64.14287567138672,426800,0.0,0.0,AEIS,1d
2018-04-13 00:00:00-04:00,64.89783740717283,65.81948158640556,64.4566178447804,65.1037368774414,590900,0.0,0.0,AEIS,1d
2018-04-16 00:00:00-04:00,65.77046957419195,66.08422225185576,64.86843156096522,65.93714904785156,472000,0.0,0.0,AEIS,1d
2018-04-17 00:00:00-04:00,66.67251341611558,67.59416526002498,65.99598110682423,67.08431243896484,347100,0.0,0.0,AEIS,1d
2018-04-18 00:00:00-04:00,66.77056632292465,66.77056632292465,64.54488402035778,64.66253662109375,604400,0.0,0.0,AEIS,1d
2018-04-19 00:00:00-04:00,64.04482439779584,64.04482439779584,60.63276131408159,60.721004486083984,575000,0.0,0.0,AEIS,1d
2018-04-20 00:00:00-04:00,60.43667135961147,61.10339678750377,59.62287645629506,59.809165954589844,700300,0.0,0.0,AEIS,1d
2018-04-23 00:00:00-04:00,60.18175110326035,61.24066558161478,59.88760840039676,60.515113830566406,434900,0.0,0.0,AEIS,1d
2018-04-24 00:00:00-04:00,61.12302080133191,61.42697043786911,58.29924209162079,58.720848083496094,612800,0.0,0.0,AEIS,1d
2018-04-25 00:00:00-04:00,58.91693089555539,59.46599999403802,57.43641056711027,59.024784088134766,343400,0.0,0.0,AEIS,1d
2018-04-26 00:00:00-04:00,59.66209007482857,61.270077278678606,59.52482374113789,60.88768768310547,277600,0.0,0.0,AEIS,1d
2018-04-27 00:00:00-04:00,60.99553946887321,61.20143896467591,58.74044066953051,59.75033187866211,384300,0.0,0.0,AEIS,1d
2018-04-30 00:00:00-04:00,59.76014889346525,60.201364845209525,58.00509196332003,58.38747787475586,501100,0.0,0.0,AEIS,1d
2018-05-01 00:00:00-04:00,59.0345930201231,59.34834575285455,56.23042469863662,59.054203033447266,739400,0.0,0.0,AEIS,1d
2018-05-02 00:00:00-04:00,59.113018499659034,60.87787812122073,58.740435818811854,59.95623016357422,656400,0.0,0.0,AEIS,1d
2018-05-03 00:00:00-04:00,59.62288180405697,60.65238318527398,58.02470126089049,60.27980041503906,557900,0.0,0.0,AEIS,1d
2018-05-04 00:00:00-04:00,59.94643166576496,61.94660792846644,59.47580261693412,61.309295654296875,324000,0.0,0.0,AEIS,1d
2018-05-07 00:00:00-04:00,62.00544218253006,62.956503480426576,61.55441937400302,62.54470443725586,372600,0.0,0.0,AEIS,1d
2018-05-08 00:00:00-04:00,62.44664788735837,63.28005650374715,62.31918842927147,63.06435012817383,281500,0.0,0.0,AEIS,1d
2018-05-09 00:00:00-04:00,63.201623611019784,63.78990903247773,62.70158137680328,63.50556945800781,279800,0.0,0.0,AEIS,1d
2018-05-10 00:00:00-04:00,63.89775026210957,64.84881513085104,63.34868496900257,64.6135025024414,271300,0.0,0.0,AEIS,1d
2018-05-11 00:00:00-04:00,64.4174210752681,64.71156755634287,62.96631738578714,63.544795989990234,254500,0.0,0.0,AEIS,1d
2018-05-14 00:00:00-04:00,63.9957949280109,65.20178614356965,63.85852860825018,63.97618865966797,204900,0.0,0.0,AEIS,1d
2018-05-15 00:00:00-04:00,64.05462846303622,64.22130792493716,63.47614256288424,63.750675201416016,241200,0.0,0.0,AEIS,1d
2018-05-16 00:00:00-04:00,64.12328551246962,65.55478300417136,64.09387235887638,64.99591064453125,248500,0.0,0.0,AEIS,1d
2018-05-17 00:00:00-04:00,64.91744908044018,65.36846807388864,64.28994374342895,64.84881591796875,275500,0.0,0.0,AEIS,1d
2018-05-18 00:00:00-04:00,64.17229257031543,64.19190632256718,61.436761346893306,62.40743637084961,463400,0.0,0.0,AEIS,1d
2018-05-21 00:00:00-04:00,63.24083689132368,63.976195459827444,62.46625830151188,63.015323638916016,196500,0.0,0.0,AEIS,1d
2018-05-22 00:00:00-04:00,63.466366520338475,65.02532349721545,63.466366520338475,63.92718505859375,207600,0.0,0.0,AEIS,1d
2018-05-23 00:00:00-04:00,63.55457693036663,64.69193488053835,63.39770435681521,64.2801284790039,181900,0.0,0.0,AEIS,1d
2018-05-24 00:00:00-04:00,64.28014891623235,64.99590129940017,63.819322961646144,64.85863494873047,223800,0.0,0.0,AEIS,1d
2018-05-25 00:00:00-04:00,64.84881728239553,65.84890907711113,64.04482558490545,64.70174407958984,445800,0.0,0.0,AEIS,1d
2018-05-29 00:00:00-04:00,64.03503030043477,65.0645354259638,62.20153707211869,64.59390258789062,315100,0.0,0.0,AEIS,1d
2018-05-30 00:00:00-04:00,65.11355621314372,66.62348595075771,64.8292166577489,65.23120880126953,456200,0.0,0.0,AEIS,1d
2018-05-31 00:00:00-04:00,65.2017896885698,65.68222183385326,64.12326534018798,64.25072479248047,238200,0.0,0.0,AEIS,1d
2018-06-01 00:00:00-04:00,64.73116286037143,65.5841815265559,64.51546395532263,65.23120880126953,180900,0.0,0.0,AEIS,1d
2018-06-04 00:00:00-04:00,65.51554738610267,65.88812637707237,64.89784886622948,65.32925415039062,202800,0.0,0.0,AEIS,1d
2018-06-05 00:00:00-04:00,65.6626204380094,67.04509068778792,65.55476724712082,66.9470443725586,277100,0.0,0.0,AEIS,1d
2018-06-06 00:00:00-04:00,67.20197001592126,67.8588885490225,66.7019240893206,67.82947540283203,324600,0.0,0.0,AEIS,1d
2018-06-07 00:00:00-04:00,66.74114776650974,66.79017466648192,64.20171293358993,64.58409881591797,716500,0.0,0.0,AEIS,1d
2018-06-08 00:00:00-04:00,63.574185295849546,64.14286428971086,61.01514104415306,61.85835266113281,669100,0.0,0.0,AEIS,1d
2018-06-11 00:00:00-04:00,61.84855985577918,62.015239336156284,59.98564998437298,60.613155364990234,386100,0.0,0.0,AEIS,1d
2018-06-12 00:00:00-04:00,61.01516320396046,61.01516320396046,60.01507490480621,60.95633316040039,399700,0.0,0.0,AEIS,1d
2018-06-13 00:00:00-04:00,60.95633342334688,61.64266897359704,60.52492432272887,60.62297439575195,304700,0.0,0.0,AEIS,1d
2018-06-14 00:00:00-04:00,60.7896376487273,61.446556131235305,60.51510499815403,60.721004486083984,260500,0.0,0.0,AEIS,1d
2018-06-15 00:00:00-04:00,60.18175262006672,60.338628981563005,58.91693485162496,59.083614349365234,600100,0.0,0.0,AEIS,1d
2018-06-18 00:00:00-04:00,58.828698161988385,59.652300085865335,57.61290342094035,59.51503372192383,310000,0.0,0.0,AEIS,1d
2018-06-19 00:00:00-04:00,58.720839697719626,59.89741430376125,58.42669698126611,59.82878112792969,301100,0.0,0.0,AEIS,1d
2018-06-20 00:00:00-04:00,60.2601817951492,60.740617699219975,59.36794689349809,59.818965911865234,238700,0.0,0.0,AEIS,1d
2018-06-21 00:00:00-04:00,59.809161397939484,59.966037737243035,58.858096487034054,59.240482330322266,304200,0.0,0.0,AEIS,1d
2018-06-22 00:00:00-04:00,59.75034494027214,60.07390456745922,58.6816234671881,59.66210174560547,490500,0.0,0.0,AEIS,1d
2018-06-25 00:00:00-04:00,59.17185660545214,59.20127349417624,57.44621665614449,57.838409423828125,529400,0.0,0.0,AEIS,1d
2018-06-26 00:00:00-04:00,58.59337121464627,59.7895557262717,58.59337121464627,59.191463470458984,467100,0.0,0.0,AEIS,1d
2018-06-27 00:00:00-04:00,59.31893908462277,59.96605463411863,57.24032606809487,57.29915237426758,186100,0.0,0.0,AEIS,1d
2018-06-28 00:00:00-04:00,57.23051248776839,57.779581635854186,56.11276791865406,56.80890655517578,388000,0.0,0.0,AEIS,1d
2018-06-29 00:00:00-04:00,57.18148792916718,58.26981932207388,56.946175257322615,56.95597839355469,255100,0.0,0.0,AEIS,1d
2018-07-02 00:00:00-04:00,56.25983596677954,57.75996630401034,55.91666637824044,57.6815299987793,327900,0.0,0.0,AEIS,1d
2018-07-03 00:00:00-04:00,57.8776286306001,58.23060139129114,56.03433225401208,56.42652130126953,257400,0.0,0.0,AEIS,1d
2018-07-05 00:00:00-04:00,58.27961946742278,59.328730781106316,57.926650477770146,59.09341812133789,352200,0.0,0.0,AEIS,1d
2018-07-06 00:00:00-04:00,59.093420397286465,60.03467855306677,58.014892154422526,59.96604537963867,232000,0.0,0.0,AEIS,1d
2018-07-09 00:00:00-04:00,59.92683481523307,60.33863766103922,58.671823742734375,59.936641693115234,287400,0.0,0.0,AEIS,1d
2018-07-10 00:00:00-04:00,59.858186140845426,60.348425181704485,59.76013982876444,60.04447937011719,194500,0.0,0.0,AEIS,1d
2018-07-11 00:00:00-04:00,59.416977912737366,59.671904341362065,57.94626060063765,57.975677490234375,316100,0.0,0.0,AEIS,1d
2018-07-12 00:00:00-04:00,58.20117976970451,59.41697050153133,57.985473393962586,58.652198791503906,386700,0.0,0.0,AEIS,1d
2018-07-13 00:00:00-04:00,58.54434969624879,59.16205198072831,57.95606429975319,57.985477447509766,306400,0.0,0.0,AEIS,1d
2018-07-16 00:00:00-04:00,57.897229840573516,58.524735212953715,57.740353497478466,57.80898666381836,347200,0.0,0.0,AEIS,1d
2018-07-17 00:00:00-04:00,57.897231296200225,59.09341578001583,57.897231296200225,58.7796630859375,459300,0.0,0.0,AEIS,1d
2018-07-18 00:00:00-04:00,59.47580420465789,59.95624014204255,58.828688777712145,59.71112060546875,1027800,0.0,0.0,AEIS,1d
2018-07-19 00:00:00-04:00,59.6326815995698,60.299407049908936,59.05419933354695,59.27970886230469,538700,0.0,0.0,AEIS,1d
2018-07-20 00:00:00-04:00,59.191473896122936,59.52483666757654,58.524748353215735,58.67182159423828,271800,0.0,0.0,AEIS,1d
2018-07-23 00:00:00-04:00,58.43649845810565,58.53454852095722,56.97558805377811,58.181575775146484,243600,0.0,0.0,AEIS,1d
2018-07-24 00:00:00-04:00,58.54434805745692,59.16205032464552,57.544259919227315,57.6815299987793,513000,0.0,0.0,AEIS,1d
2018-07-25 00:00:00-04:00,57.67172228989153,57.79918549180635,55.12248069295816,56.328468322753906,464500,0.0,0.0,AEIS,1d
2018-07-26 00:00:00-04:00,56.2990495073066,57.848206667612665,56.2990495073066,57.25011444091797,317100,0.0,0.0,AEIS,1d
2018-07-27 00:00:00-04:00,58.00508777153349,59.65229137885714,58.00508777153349,58.82868957519531,388200,0.0,0.0,AEIS,1d
2018-07-30 00:00:00-04:00,58.83849234305079,59.9366305678825,58.799276059485415,59.10322189331055,875400,0.0,0.0,AEIS,1d
2018-07-31 00:00:00-04:00,56.62260921922107,62.9957167503888,56.62260921922107,60.04447937011719,1230700,0.0,0.0,AEIS,1d
2018-08-01 00:00:00-04:00,59.96604508187297,60.55433049125762,58.14235507646214,58.73064422607422,938800,0.0,0.0,AEIS,1d
2018-08-02 00:00:00-04:00,58.367866943810675,59.42678521135136,57.877627836296114,58.877716064453125,515700,0.0,0.0,AEIS,1d
2018-08-03 00:00:00-04:00,59.181664594688925,59.593463642296,58.338452746471596,59.30912780761719,405700,0.0,0.0,AEIS,1d
2018-08-06 00:00:00-04:00,59.32872966801008,60.240574623016556,58.6620079843567,60.08369827270508,473700,0.0,0.0,AEIS,1d
2018-08-07 00:00:00-04:00,60.32881690888093,60.56413330097095,59.799361572075924,60.18174743652344,269300,0.0,0.0,AEIS,1d
2018-08-08 00:00:00-04:00,59.946434186364584,61.152421875995024,59.848387866320756,61.123008728027344,355500,0.0,0.0,AEIS,1d
2018-08-09 00:00:00-04:00,61.00534997736616,61.04456625969254,59.75033543724162,59.85818862915039,465700,0.0,0.0,AEIS,1d
2018-08-10 00:00:00-04:00,59.30912456200249,59.436584027728195,57.936453664641554,58.367862701416016,363000,0.0,0.0,AEIS,1d
2018-08-13 00:00:00-04:00,58.563961779329894,58.97576456362246,58.24040592188267,58.40708541870117,331800,0.0,0.0,AEIS,1d
2018-08-14 00:00:00-04:00,58.69141450667999,59.52481932235016,58.69141450667999,58.86790084838867,429300,0.0,0.0,AEIS,1d
2018-08-15 00:00:00-04:00,58.47571973064816,58.93654568531221,57.456021496604414,57.975677490234375,356100,0.0,0.0,AEIS,1d
2018-08-16 00:00:00-04:00,58.37766996811789,58.61298262966905,57.36777492992661,57.53445816040039,322100,0.0,0.0,AEIS,1d
2018-08-17 00:00:00-04:00,57.02460798864116,57.47562703155737,55.612720825510166,56.4559326171875,541500,0.0,0.0,AEIS,1d
2018-08-20 00:00:00-04:00,56.47554049580205,56.86773325572558,55.94608513220084,56.36769104003906,250500,0.0,0.0,AEIS,1d
2018-08-21 00:00:00-04:00,56.53437740830201,57.87763160304894,56.53437740830201,57.308956146240234,318600,0.0,0.0,AEIS,1d
2018-08-22 00:00:00-04:00,57.09323848155795,57.759963879052975,56.89714211637227,57.36777114868164,286100,0.0,0.0,AEIS,1d
2018-08-23 00:00:00-04:00,57.47563037328302,58.171772729820205,57.024611304143825,57.0638313293457,301900,0.0,0.0,AEIS,1d
2018-08-24 00:00:00-04:00,57.39719097223831,57.603090483119175,56.61280921157746,56.906951904296875,263100,0.0,0.0,AEIS,1d
2018-08-27 00:00:00-04:00,57.23050455820779,59.03458437740857,57.13245824616863,58.20117950439453,299300,0.0,0.0,AEIS,1d
2018-08-28 00:00:00-04:00,58.485531488045496,59.044403814064715,57.956072313850065,58.49533462524414,261900,0.0,0.0,AEIS,1d
2018-08-29 00:00:00-04:00,58.583582068025144,58.61299522198128,57.701150047059876,57.82861328125,419000,0.0,0.0,AEIS,1d
2018-08-30 00:00:00-04:00,57.80899424994475,58.59337606835242,57.750167951206386,57.975677490234375,460800,0.0,0.0,AEIS,1d
2018-08-31 00:00:00-04:00,57.818796928740106,58.642398713329165,57.45601732513054,58.41688919067383,432500,0.0,0.0,AEIS,1d
2018-09-04 00:00:00-04:00,58.112940654833835,58.37767020532506,57.04421931702587,57.985477447509766,460800,0.0,0.0,AEIS,1d
2018-09-05 00:00:00-04:00,58.260011623304116,60.72101394806909,58.05411210328941,60.69160079956055,752600,0.0,0.0,AEIS,1d
2018-09-06 00:00:00-04:00,60.377836984441764,60.78963594878599,53.90667994575753,53.945899963378906,893700,0.0,0.0,AEIS,1d
2018-09-07 00:00:00-04:00,53.926299123157094,55.23033687908077,53.82825280266049,54.97541046142578,398000,0.0,0.0,AEIS,1d
2018-09-10 00:00:00-04:00,55.4656520496413,55.4656520496413,53.87727839644271,54.56361389160156,332300,0.0,0.0,AEIS,1d
2018-09-11 00:00:00-04:00,54.171423465295646,54.5145893576725,52.73992611391262,52.97523880004883,406800,0.0,0.0,AEIS,1d
2018-09-12 00:00:00-04:00,52.47518974111243,52.77913930658916,50.926032507055034,51.14173889160156,671600,0.0,0.0,AEIS,1d
2018-09-13 00:00:00-04:00,51.700616959496344,52.661485182395886,51.2986210321585,52.122222900390625,392400,0.0,0.0,AEIS,1d
2018-09-14 00:00:00-04:00,52.41635527557245,52.837961133235936,52.08299259137869,52.64186477661133,336200,0.0,0.0,AEIS,1d
2018-09-17 00:00:00-04:00,52.84778596152286,52.84778596152286,51.49472475540376,52.06340026855469,350300,0.0,0.0,AEIS,1d
2018-09-18 00:00:00-04:00,52.36733873810758,52.445778786759114,51.6515901251855,51.95553970336914,339400,0.0,0.0,AEIS,1d
2018-09-19 00:00:00-04:00,52.11241598184343,52.25948546250216,51.01427774374251,51.56334686279297,249300,0.0,0.0,AEIS,1d
2018-09-20 00:00:00-04:00,52.03397789016565,52.46538695264039,51.45549560127378,51.75944519042969,600200,0.0,0.0,AEIS,1d
2018-09-21 00:00:00-04:00,51.641786681807424,53.20074722022639,51.641786681807424,53.01445770263672,686700,0.0,0.0,AEIS,1d
2018-09-24 00:00:00-04:00,52.9360129049908,53.03405921638154,52.10260429726137,52.94581604003906,498500,0.0,0.0,AEIS,1d
2018-09-25 00:00:00-04:00,52.50459648485827,52.50459648485827,50.00437831705107,50.10242462158203,545000,0.0,0.0,AEIS,1d
2018-09-26 00:00:00-04:00,49.896534118441,50.41618635839166,49.17098235778092,49.56317138671875,369600,0.0,0.0,AEIS,1d
2018-09-27 00:00:00-04:00,49.798489035945096,50.75935723006965,49.514149458233305,50.70052719116211,302400,0.0,0.0,AEIS,1d
2018-09-28 00:00:00-04:00,50.71033773957409,50.89662726592877,49.69063943270811,50.64170455932617,337700,0.0,0.0,AEIS,1d
2018-10-01 00:00:00-04:00,50.87701336516692,51.83788155546721,50.37697112723939,51.2005729675293,512100,0.0,0.0,AEIS,1d
2018-10-02 00:00:00-04:00,51.24959597117409,52.40656054658072,51.24959597117409,51.533935546875,301300,0.0,0.0,AEIS,1d
2018-10-03 00:00:00-04:00,51.935932592027164,52.063392067863944,50.788771127903026,51.49471664428711,304800,0.0,0.0,AEIS,1d
2018-10-04 00:00:00-04:00,51.220176811108395,51.220176811108395,49.48473015166145,49.602386474609375,328500,0.0,0.0,AEIS,1d
2018-10-05 00:00:00-04:00,49.60239590904218,49.671029088834835,47.3472966324446,47.61202621459961,513400,0.0,0.0,AEIS,1d
2018-10-08 00:00:00-04:00,47.39630852291337,48.46502973431189,46.81782633068432,47.111968994140625,347200,0.0,0.0,AEIS,1d
2018-10-09 00:00:00-04:00,46.915880244935174,47.249242981627845,46.4550580355567,46.71978759765625,329900,0.0,0.0,AEIS,1d
2018-10-10 00:00:00-04:00,46.249154269030015,47.190416170788076,45.32750612005973,45.42555618286133,480200,0.0,0.0,AEIS,1d
2018-10-11 00:00:00-04:00,45.229447757692625,46.670747765050336,44.85686509868061,45.082374572753906,451600,0.0,0.0,AEIS,1d
2018-10-12 00:00:00-04:00,46.19032172746873,46.78841393891098,45.18043052861002,45.67066955566406,324100,0.0,0.0,AEIS,1d
2018-10-15 00:00:00-04:00,45.54322177773069,46.44526009754085,45.09220261782561,45.955020904541016,243800,0.0,0.0,AEIS,1d
2018-10-16 00:00:00-04:00,46.57271241057678,47.61202060243149,45.86676694137529,47.47475051879883,383800,0.0,0.0,AEIS,1d
2018-10-17 00:00:00-04:00,48.10225968043756,48.91605460500943,47.17080468418056,47.47475051879883,456200,0.0,0.0,AEIS,1d
2018-10-18 00:00:00-04:00,47.37671349454768,47.37671349454768,45.93540912555475,45.98443603515625,284700,0.0,0.0,AEIS,1d
2018-10-19 00:00:00-04:00,45.876574953955384,46.22954769730027,44.25878446036716,44.58234405517578,403900,0.0,0.0,AEIS,1d
2018-10-22 00:00:00-04:00,45.101995229474696,45.101995229474696,43.7489343253268,44.2881965637207,433500,0.0,0.0,AEIS,1d
2018-10-23 00:00:00-04:00,43.08220465670452,44.28819222298696,42.670405666366264,43.94502639770508,308200,0.0,0.0,AEIS,1d
2018-10-24 00:00:00-04:00,43.54303171031452,44.34702344273647,42.00368141236809,42.0625114440918,409400,0.0,0.0,AEIS,1d
2018-10-25 00:00:00-04:00,41.719344942363875,44.30780668523609,41.719344942363875,44.121517181396484,485200,0.0,0.0,AEIS,1d
2018-10-26 00:00:00-04:00,43.00376636015764,43.95483123210705,41.97426519188272,43.35673904418945,379000,0.0,0.0,AEIS,1d
2018-10-29 00:00:00-04:00,43.86659468152852,45.09219238592694,42.37626742415274,43.22928237915039,507500,0.0,0.0,AEIS,1d
2018-10-30 00:00:00-04:00,40.25842855868838,43.337128920951784,39.64072636325902,40.6212043762207,1223100,0.0,0.0,AEIS,1d
2018-10-31 00:00:00-04:00,40.98398429600045,42.660600968329625,40.62120844215647,42.189971923828125,684500,0.0,0.0,AEIS,1d
2018-11-01 00:00:00-04:00,42.64099386693941,46.97470523828662,42.64099386693941,46.20012664794922,610300,0.0,0.0,AEIS,1d
2018-11-02 00:00:00-04:00,46.357016893191755,46.915889273993315,44.82747300477832,45.955020904541016,508000,0.0,0.0,AEIS,1d
2018-11-05 00:00:00-05:00,45.97462018342404,46.11188652696805,43.395961583243064,43.8960075378418,347800,0.0,0.0,AEIS,1d
2018-11-06 00:00:00-05:00,43.709713894470426,44.41565555729365,43.19986485229272,44.170536041259766,413600,0.0,0.0,AEIS,1d
2018-11-07 00:00:00-05:00,44.68038977610039,44.798046108890226,43.49401209154878,44.40585708618164,406500,0.0,0.0,AEIS,1d
2018-11-08 00:00:00-05:00,44.16073784193533,45.17062916399261,43.24889284115895,44.13132095336914,248300,0.0,0.0,AEIS,1d
2018-11-09 00:00:00-05:00,43.729322127370274,43.729322127370274,41.89582911239459,42.52333450317383,347000,0.0,0.0,AEIS,1d
2018-11-12 00:00:00-05:00,42.27822346645118,42.2880303440293,40.74867970432053,41.02321243286133,321900,0.0,0.0,AEIS,1d
2018-11-13 00:00:00-05:00,41.336952291683524,42.22918712123897,40.92515332737796,41.17027282714844,322800,0.0,0.0,AEIS,1d
2018-11-14 00:00:00-05:00,41.67032396960264,42.533145842589896,40.60160256994961,41.18988800048828,334600,0.0,0.0,AEIS,1d
2018-11-15 00:00:00-05:00,40.846724518926905,42.386075101360184,40.21921902547993,42.12134552001953,253400,0.0,0.0,AEIS,1d
2018-11-16 00:00:00-05:00,41.072236838297556,42.748853892822716,40.454534440230596,42.61158752441406,346800,0.0,0.0,AEIS,1d
2018-11-19 00:00:00-05:00,42.552743552568614,43.07239565730752,41.29772926192678,41.572265625,248800,0.0,0.0,AEIS,1d
2018-11-20 00:00:00-05:00,40.64081798347831,42.680210486080114,40.24862524747978,41.68012237548828,259200,0.0,0.0,AEIS,1d
2018-11-21 00:00:00-05:00,42.209577630444585,42.90571612068163,41.846801813595626,42.40567398071289,167700,0.0,0.0,AEIS,1d
2018-11-23 00:00:00-05:00,42.013493462291486,43.16065501284143,41.76837388843862,42.47431945800781,109900,0.0,0.0,AEIS,1d
2018-11-26 00:00:00-05:00,42.96455254064368,44.06268702922314,42.62138668178365,43.8960075378418,277700,0.0,0.0,AEIS,1d
2018-11-27 00:00:00-05:00,43.729325051753655,44.67058694109624,43.47440237228691,44.13132095336914,291500,0.0,0.0,AEIS,1d
2018-11-28 00:00:00-05:00,44.53332478815179,46.053069220324666,43.93523613743101,45.98443603515625,293900,0.0,0.0,AEIS,1d
2018-11-29 00:00:00-05:00,45.709890515574834,46.307982788256844,45.04316507129594,45.73930740356445,363100,0.0,0.0,AEIS,1d
2018-11-30 00:00:00-05:00,45.611847347772056,46.25896282484618,44.935318720903346,46.12169647216797,303700,0.0,0.0,AEIS,1d
2018-12-03 00:00:00-05:00,46.79823011439727,47.210032956792354,45.46477899079873,46.082481384277344,354700,0.0,0.0,AEIS,1d
2018-12-04 00:00:00-05:00,45.88637817292478,46.25896092937583,43.46459960656156,43.856788635253906,354800,0.0,0.0,AEIS,1d
2018-12-06 00:00:00-05:00,42.944950242757066,43.121436641937514,42.14095830881416,42.77827072143555,365600,0.0,0.0,AEIS,1d
2018-12-07 00:00:00-05:00,42.67041545672725,42.94494817994193,40.65062884102937,40.78789520263672,290700,0.0,0.0,AEIS,1d
2018-12-10 00:00:00-05:00,40.97418055206543,41.28793324374009,40.5133546498189,40.8957405090332,321600,0.0,0.0,AEIS,1d
2018-12-11 00:00:00-05:00,41.582081891310544,42.21939424160103,40.22902087666955,40.36628723144531,272700,0.0,0.0,AEIS,1d
2018-12-12 00:00:00-05:00,40.78788742456454,41.84680556685211,40.37608841827078,41.287933349609375,307000,0.0,0.0,AEIS,1d
2018-12-13 00:00:00-05:00,41.640910117921806,41.964465977193434,40.35648233662535,40.39570236206055,408600,0.0,0.0,AEIS,1d
2018-12-14 00:00:00-05:00,39.89565887848378,41.336963111254896,39.85644259082832,40.20941162109375,349700,0.0,0.0,AEIS,1d
2018-12-17 00:00:00-05:00,40.062332545800174,41.31734321609905,40.062332545800174,40.179988861083984,464300,0.0,0.0,AEIS,1d
2018-12-18 00:00:00-05:00,40.48393957122689,41.944849770805476,40.219210048971114,41.42519760131836,385100,0.0,0.0,AEIS,1d
2018-12-19 00:00:00-05:00,41.13106696111272,41.88603572898804,39.572106256586395,39.64073944091797,492900,0.0,0.0,AEIS,1d
2018-12-20 00:00:00-05:00,39.62111624438581,40.47413106603534,38.72888140467205,39.50345993041992,439700,0.0,0.0,AEIS,1d
2018-12-21 00:00:00-05:00,39.50347107053676,40.17019660474034,39.00342504977016,39.21913146972656,1313700,0.0,0.0,AEIS,1d
2018-12-24 00:00:00-05:00,38.974002921720235,39.43482880722704,37.98372172588709,38.08176803588867,146800,0.0,0.0,AEIS,1d
2018-12-26 00:00:00-05:00,38.37591176077812,40.68003751140783,38.01313591552997,40.61140060424805,264900,0.0,0.0,AEIS,1d
2018-12-27 00:00:00-05:00,39.8760431051715,41.925242513251305,39.8760431051715,41.85660934448242,362700,0.0,0.0,AEIS,1d
2018-12-28 00:00:00-05:00,42.00368008301488,43.01357128416765,41.1114452013588,41.876216888427734,346700,0.0,0.0,AEIS,1d
2018-12-31 00:00:00-05:00,42.209582903475514,42.33704610810727,41.160471599740674,42.09192657470703,281300,0.0,0.0,AEIS,1d
2019-01-02 00:00:00-05:00,41.2585266839439,43.02338679140079,41.2585266839439,42.50373077392578,218600,0.0,0.0,AEIS,1d
2019-01-03 00:00:00-05:00,42.1115444970562,42.1115444970562,39.96429458735378,40.1898078918457,301100,0.0,0.0,AEIS,1d
2019-01-04 00:00:00-05:00,40.846711722564244,42.41547496472318,40.46432591605216,42.15074920654297,198600,0.0,0.0,AEIS,1d
2019-01-07 00:00:00-05:00,42.2880284512376,44.023475422324005,42.1801752440732,43.18026351928711,219400,0.0,0.0,AEIS,1d
2019-01-08 00:00:00-05:00,43.47440730998299,43.47440730998299,41.513450739826304,42.13115310668945,220800,0.0,0.0,AEIS,1d
2019-01-09 00:00:00-05:00,42.17036413730245,43.905810934325835,42.17036413730245,43.78815460205078,277700,0.0,0.0,AEIS,1d
2019-01-10 00:00:00-05:00,43.46458768246738,44.847061390311374,43.26849135180464,44.73920822143555,208500,0.0,0.0,AEIS,1d
2019-01-11 00:00:00-05:00,44.53331641293836,45.4941883050448,44.30780688404885,45.13140869140625,247900,0.0,0.0,AEIS,1d
2019-01-14 00:00:00-05:00,44.66077534883098,44.905894866376954,43.768540454572715,44.62155532836914,202500,0.0,0.0,AEIS,1d
2019-01-15 00:00:00-05:00,44.73921523306911,44.94511472943215,43.82737033177339,44.56272888183594,154300,0.0,0.0,AEIS,1d
2019-01-16 00:00:00-05:00,44.57252748633583,45.90597812001685,44.464674311519474,44.719600677490234,314200,0.0,0.0,AEIS,1d
2019-01-17 00:00:00-05:00,44.50390678732261,45.05297594909484,43.99405765286862,44.847076416015625,293000,0.0,0.0,AEIS,1d
2019-01-18 00:00:00-05:00,44.99414433319786,47.55319305260976,44.99414433319786,47.06295394897461,342900,0.0,0.0,AEIS,1d
2019-01-22 00:00:00-05:00,46.74918719521917,46.74918719521917,44.40584558137682,44.73920822143555,309100,0.0,0.0,AEIS,1d
2019-01-23 00:00:00-05:00,45.141212971554936,45.38633249845492,44.20975802128958,44.366634368896484,245200,0.0,0.0,AEIS,1d
2019-01-24 00:00:00-05:00,44.85686947237197,48.131666212969506,44.54311680478882,47.60220718383789,271900,0.0,0.0,AEIS,1d
2019-01-25 00:00:00-05:00,48.033631081071135,50.11224392241702,47.651241422035646,50.004390716552734,357500,0.0,0.0,AEIS,1d
2019-01-28 00:00:00-05:00,48.67093969900823,50.92603892445428,46.7295932141341,50.004390716552734,279100,0.0,0.0,AEIS,1d
2019-01-29 00:00:00-05:00,49.99458492358575,49.99458492358575,48.259138065622196,48.455230712890625,299400,0.0,0.0,AEIS,1d
2019-01-30 00:00:00-05:00,49.00430382463898,50.37697490822215,48.7787942698069,49.85731887817383,362100,0.0,0.0,AEIS,1d
2019-01-31 00:00:00-05:00,49.55337192972622,50.926039243264704,49.44551872318674,50.28873062133789,294500,0.0,0.0,AEIS,1d
2019-02-01 00:00:00-05:00,50.651501937696196,51.47510374726147,49.70043691920736,50.837791442871094,314000,0.0,0.0,AEIS,1d
2019-02-04 00:00:00-05:00,51.131940749579776,51.96534574180064,50.86721118093575,51.49471664428711,418200,0.0,0.0,AEIS,1d
2019-02-05 00:00:00-05:00,48.925852139594724,50.778954902205015,47.97478731297874,49.014095306396484,570700,0.0,0.0,AEIS,1d
2019-02-06 00:00:00-05:00,49.06312548282023,51.02408170125212,48.7885890688853,49.955360412597656,321800,0.0,0.0,AEIS,1d
2019-02-07 00:00:00-05:00,49.51415026948118,49.6808297721088,48.19050616430886,49.033714294433594,299000,0.0,0.0,AEIS,1d
2019-02-08 00:00:00-05:00,48.22972428923675,49.347472648038,47.72968202206408,48.61211395263672,339800,0.0,0.0,AEIS,1d
2019-02-11 00:00:00-05:00,48.54347881522471,49.12196115978325,47.47475732240396,47.798316955566406,249000,0.0,0.0,AEIS,1d
2019-02-12 00:00:00-05:00,48.15127981747462,49.04351473382613,48.03362349340274,48.99449157714844,243600,0.0,0.0,AEIS,1d
2019-02-13 00:00:00-05:00,49.08273698342061,49.925945041145624,48.59249791393461,49.47492599487305,294900,0.0,0.0,AEIS,1d
2019-02-14 00:00:00-05:00,49.327858678763064,50.24950682328385,49.28863865383177,49.729854583740234,182300,0.0,0.0,AEIS,1d
2019-02-15 00:00:00-05:00,49.78867976417148,50.19067566013206,49.45531704018753,50.16126251220703,191400,0.0,0.0,AEIS,1d
2019-02-19 00:00:00-05:00,50.15146309138501,50.72013852134974,49.55337077108877,49.93575668334961,233000,0.0,0.0,AEIS,1d
2019-02-20 00:00:00-05:00,49.925954169915066,51.533941753634444,49.73966463592988,51.288822174072266,205000,0.0,0.0,AEIS,1d
2019-02-21 00:00:00-05:00,51.07311158288963,51.288817992189465,49.818100634732744,50.61228561401367,237100,0.0,0.0,AEIS,1d
2019-02-22 00:00:00-05:00,50.85739984974108,51.03388621337917,49.818095419680375,50.92603302001953,246400,0.0,0.0,AEIS,1d
2019-02-25 00:00:00-05:00,51.49471848890751,52.26929720932803,50.86721300307793,50.906429290771484,193800,0.0,0.0,AEIS,1d
2019-02-26 00:00:00-05:00,50.847595571674304,51.32802775282943,50.11223698644622,50.573062896728516,202800,0.0,0.0,AEIS,1d
2019-02-27 00:00:00-05:00,50.38677616849891,50.38677616849891,49.229811545774496,49.661224365234375,120800,0.0,0.0,AEIS,1d
2019-02-28 00:00:00-05:00,49.52395458850512,50.122046917348705,49.072935492737976,49.386688232421875,259900,0.0,0.0,AEIS,1d
2019-03-01 00:00:00-05:00,49.7886791326992,50.710330985085825,49.494536436497484,50.151458740234375,170100,0.0,0.0,AEIS,1d
2019-03-04 00:00:00-05:00,50.27892256865353,51.033891256549786,49.59259079804569,49.93575668334961,238000,0.0,0.0,AEIS,1d
2019-03-05 00:00:00-05:00,49.97496568288365,50.34754463607856,49.327850341796875,49.327850341796875,262700,0.0,0.0,AEIS,1d
2019-03-06 00:00:00-05:00,49.38668207125594,49.38668207125594,47.84733171540015,48.12186813354492,284000,0.0,0.0,AEIS,1d
2019-03-07 00:00:00-05:00,47.98459391526611,47.98459391526611,46.131491018714605,46.21973419189453,275900,0.0,0.0,AEIS,1d
2019-03-08 00:00:00-05:00,45.68047956905692,46.57271458303867,45.111800416733765,45.827552795410156,197200,0.0,0.0,AEIS,1d
2019-03-11 00:00:00-04:00,46.06286862691124,47.46495285074219,45.67067956346392,46.99432373046875,314500,0.0,0.0,AEIS,1d
2019-03-12 00:00:00-04:00,47.15118910260297,47.259042285460765,46.4354405820876,46.945289611816406,351300,0.0,0.0,AEIS,1d
2019-03-13 00:00:00-04:00,47.03353960947588,47.0629527580769,46.26876408380247,46.31779098510742,175300,0.0,0.0,AEIS,1d
2019-03-14 00:00:00-04:00,46.30797812581091,47.27865304673609,45.82754597300426,46.62173080444336,232600,0.0,0.0,AEIS,1d
2019-03-15 00:00:00-04:00,46.827628649392764,49.01409792818887,46.05305385517447,47.60220718383789,492500,0.0,0.0,AEIS,1d
2019-03-18 00:00:00-04:00,47.5826025610472,48.38659433027111,47.11197350639618,47.6806526184082,186900,0.0,0.0,AEIS,1d
2019-03-19 00:00:00-04:00,47.925773770961484,48.553279198367306,47.602214181077464,47.98460006713867,232200,0.0,0.0,AEIS,1d
2019-03-20 00:00:00-04:00,47.97480660966371,48.74938541423144,47.42573737980023,48.0140266418457,427500,0.0,0.0,AEIS,1d
2019-03-21 00:00:00-04:00,47.96499086410636,50.33775000926555,47.96499086410636,49.729854583740234,174300,0.0,0.0,AEIS,1d
2019-03-22 00:00:00-04:00,49.31804869761695,49.79848462221105,47.68065203220521,47.89635467529297,229700,0.0,0.0,AEIS,1d
2019-03-25 00:00:00-04:00,47.8081066706468,48.27873941224834,47.121775047950436,47.60220718383789,189400,0.0,0.0,AEIS,1d
2019-03-26 00:00:00-04:00,47.886552526320656,48.337571573246116,47.08256075041797,47.239437103271484,220000,0.0,0.0,AEIS,1d
2019-03-27 00:00:00-04:00,47.01391871703348,47.661034018092444,46.34719340803616,47.053138732910156,271700,0.0,0.0,AEIS,1d
2019-03-28 00:00:00-04:00,47.11197204728156,47.60221109822149,46.51387980669851,47.43553161621094,202600,0.0,0.0,AEIS,1d
2019-03-29 00:00:00-04:00,47.81791301777856,48.896437333167164,47.259040851048326,48.710147857666016,303900,0.0,0.0,AEIS,1d
2019-04-01 00:00:00-04:00,49.229817845724284,49.95537348206598,49.151381521384394,49.867130279541016,373300,0.0,0.0,AEIS,1d
2019-04-02 00:00:00-04:00,49.87692123078504,50.28872398869279,49.396489043491094,50.02399444580078,240100,0.0,0.0,AEIS,1d
2019-04-03 00:00:00-04:00,50.69071549165816,51.9359230531428,50.60247231831746,51.52412033081055,476700,0.0,0.0,AEIS,1d
2019-04-04 00:00:00-04:00,51.524127659006886,52.073196786800835,51.28881499011479,51.79866409301758,379900,0.0,0.0,AEIS,1d
2019-04-05 00:00:00-04:00,51.81827056924992,53.926300162606424,51.74963739553389,53.759620666503906,442400,0.0,0.0,AEIS,1d
2019-04-08 00:00:00-04:00,53.68117930697059,53.78903250310134,53.09289390654679,53.573326110839844,302300,0.0,0.0,AEIS,1d
2019-04-09 00:00:00-04:00,53.40663760286164,53.98511976971936,52.6026459459037,52.994834899902344,484300,0.0,0.0,AEIS,1d
2019-04-10 00:00:00-04:00,53.102699707220786,53.90669154025148,52.32812102361906,52.66148376464844,245600,0.0,0.0,AEIS,1d
2019-04-11 00:00:00-04:00,52.76933501738708,53.07328459776243,52.30850907880482,52.46538543701172,126600,0.0,0.0,AEIS,1d
2019-04-12 00:00:00-04:00,52.99484495652842,53.71059358012183,52.112416837406485,53.53410720825195,203300,0.0,0.0,AEIS,1d
2019-04-15 00:00:00-04:00,53.4850883827234,53.84786429198363,52.73011967302178,53.092899322509766,200500,0.0,0.0,AEIS,1d
2019-04-16 00:00:00-04:00,53.40664835099231,55.24994466022689,53.12230877746669,54.661659240722656,279500,0.0,0.0,AEIS,1d
2019-04-17 00:00:00-04:00,55.328387770110865,55.80882001654982,54.681272276785556,55.76960372924805,364200,0.0,0.0,AEIS,1d
2019-04-18 00:00:00-04:00,56.07355415693162,56.92657299411626,55.69116820795892,56.39711380004883,364200,0.0,0.0,AEIS,1d
2019-04-22 00:00:00-04:00,56.328463637816114,56.49514310780332,55.524471951488366,56.259830474853516,190200,0.0,0.0,AEIS,1d
2019-04-23 00:00:00-04:00,56.31867195324102,56.75988793431019,55.740189609223194,56.03433609008789,266700,0.0,0.0,AEIS,1d
2019-04-24 00:00:00-04:00,56.06373519397026,57.99527814919652,55.65193246808345,57.67171859741211,388800,0.0,0.0,AEIS,1d
2019-04-25 00:00:00-04:00,57.93644734916346,58.14234683925493,56.59319348589408,57.26972198486328,325000,0.0,0.0,AEIS,1d
2019-04-26 00:00:00-04:00,56.8971491508782,56.91675916384396,55.034242801860714,56.63241958618164,224300,0.0,0.0,AEIS,1d
2019-04-29 00:00:00-04:00,56.642221173810796,57.171680253765665,55.98529889159408,56.38729476928711,189500,0.0,0.0,AEIS,1d
2019-04-30 00:00:00-04:00,56.47554322268304,56.98539233911038,55.936280956920804,56.63241958618164,245800,0.0,0.0,AEIS,1d
2019-05-01 00:00:00-04:00,57.07363470992711,57.220707934950205,55.93628015579468,56.004913330078125,405100,0.0,0.0,AEIS,1d
2019-05-02 00:00:00-04:00,55.98530033451153,57.65211392164672,55.955887187165025,56.24022674560547,233200,0.0,0.0,AEIS,1d
2019-05-03 00:00:00-04:00,56.37749135074203,57.83840538100903,56.09315180105768,57.77957534790039,289200,0.0,0.0,AEIS,1d
2019-05-06 00:00:00-04:00,56.15198160669,56.70105069279816,55.259746679406206,55.48525619506836,584400,0.0,0.0,AEIS,1d
2019-05-07 00:00:00-04:00,54.17141870183296,54.56361146454352,49.68082690372934,50.44560241699219,1004900,0.0,0.0,AEIS,1d
2019-05-08 00:00:00-04:00,50.11224220146591,51.259399918493685,50.11224220146591,50.81818771362305,392800,0.0,0.0,AEIS,1d
2019-05-09 00:00:00-04:00,49.97497494111993,50.63189353836803,49.21019940344479,50.35736083984375,379600,0.0,0.0,AEIS,1d
2019-05-10 00:00:00-04:00,49.82789650176044,50.62208510540066,49.38668061084921,49.945552825927734,263100,0.0,0.0,AEIS,1d
2019-05-13 00:00:00-04:00,48.49444409779282,48.88663681907931,46.27856532113704,46.347198486328125,568600,0.0,0.0,AEIS,1d
2019-05-14 00:00:00-04:00,46.70998224367897,47.79831367659793,46.60212904002356,47.58260726928711,329500,0.0,0.0,AEIS,1d
2019-05-15 00:00:00-04:00,50.739752075145006,53.25958100941707,49.79849380386947,52.7889518737793,769200,0.0,0.0,AEIS,1d
2019-05-16 00:00:00-04:00,52.465376541615015,53.03405558133879,51.74962804488552,52.27908706665039,469900,0.0,0.0,AEIS,1d
2019-05-17 00:00:00-04:00,51.877107004572416,52.16144661087789,50.67111913739819,50.88682556152344,449100,0.0,0.0,AEIS,1d
2019-05-20 00:00:00-04:00,49.84750771003107,50.33774676943727,48.7297632530213,49.34746551513672,509000,0.0,0.0,AEIS,1d
2019-05-21 00:00:00-04:00,50.200482507516895,50.82798793107391,49.79848661178647,50.72013473510742,290500,0.0,0.0,AEIS,1d
2019-05-22 00:00:00-04:00,50.00438986041039,50.3377526090889,48.71996202927869,49.93575668334961,242500,0.0,0.0,AEIS,1d
2019-05-23 00:00:00-04:00,48.99448766667782,49.53374982754566,48.37678546920464,49.327850341796875,462900,0.0,0.0,AEIS,1d
2019-05-24 00:00:00-04:00,49.82790105928497,50.10243375419457,49.19058874298488,49.39649200439453,361700,0.0,0.0,AEIS,1d
2019-05-28 00:00:00-04:00,49.49455077215142,49.86713362337678,48.9258752268133,49.523963928222656,339600,0.0,0.0,AEIS,1d
2019-05-29 00:00:00-04:00,48.925859748251874,50.15145739985911,48.925859748251874,49.572975158691406,432100,0.0,0.0,AEIS,1d
2019-05-30 00:00:00-04:00,49.85731528585704,50.57306766773558,49.76907209769582,49.91614532470703,232900,0.0,0.0,AEIS,1d
2019-05-31 00:00:00-04:00,49.131759795909794,49.572975703381765,48.631713854032476,49.19058609008789,365500,0.0,0.0,AEIS,1d
2019-06-03 00:00:00-04:00,49.15136965496232,49.788678194688025,48.82781007707714,49.13175964355469,404600,0.0,0.0,AEIS,1d
2019-06-04 00:00:00-04:00,49.406295525332474,50.88681969064556,49.29844232571302,50.85740280151367,217200,0.0,0.0,AEIS,1d
2019-06-05 00:00:00-04:00,51.17115155500433,51.73002378220591,50.03379708944339,51.19076156616211,176100,0.0,0.0,AEIS,1d
2019-06-06 00:00:00-04:00,51.30841905233776,52.543819771320784,50.504423596217826,52.269287109375,287500,0.0,0.0,AEIS,1d
2019-06-07 00:00:00-04:00,52.484989764461496,53.063471973984406,52.01436074081647,52.82815933227539,170800,0.0,0.0,AEIS,1d
2019-06-10 00:00:00-04:00,53.26938007713328,55.25974953941943,53.200743165118645,55.02443313598633,272500,0.0,0.0,AEIS,1d
2019-06-11 00:00:00-04:00,55.857845041954874,55.926478217708684,53.975324926375535,54.063568115234375,372300,0.0,0.0,AEIS,1d
2019-06-12 00:00:00-04:00,53.47527800676202,53.47527800676202,51.31822537679437,51.36724853515625,181700,0.0,0.0,AEIS,1d
2019-06-13 00:00:00-04:00,51.828079928969444,52.26929588130441,50.86721171067753,51.27901077270508,298800,0.0,0.0,AEIS,1d
2019-06-14 00:00:00-04:00,50.50443302286126,50.62209310585097,49.141568853499194,50.396583557128906,293400,0.0,0.0,AEIS,1d
2019-06-17 00:00:00-04:00,50.55344130975713,50.82797392183966,49.79847288630386,49.847496032714844,279200,0.0,0.0,AEIS,1d
2019-06-18 00:00:00-04:00,50.56325905243524,52.54382540954913,50.357359533881805,51.68100357055664,206100,0.0,0.0,AEIS,1d
2019-06-19 00:00:00-04:00,51.77905648214845,52.4653882484395,51.44569373556668,52.337928771972656,228700,0.0,0.0,AEIS,1d
2019-06-20 00:00:00-04:00,53.200746628165255,53.494893086660625,52.083002054611136,52.83797073364258,211500,0.0,0.0,AEIS,1d
2019-06-21 00:00:00-04:00,52.49479677274942,53.40664167719429,52.15162720406552,52.3281135559082,434700,0.0,0.0,AEIS,1d
2019-06-24 00:00:00-04:00,52.367355552532,52.68110836742502,52.07321275609836,52.426185607910156,309300,0.0,0.0,AEIS,1d
2019-06-25 00:00:00-04:00,52.35754179281009,53.014460446916495,52.073202193169486,52.88699722290039,547000,0.0,0.0,AEIS,1d
2019-06-26 00:00:00-04:00,53.56351804324669,54.11258336902823,52.90659579103762,53.61254119873047,310000,0.0,0.0,AEIS,1d
2019-06-27 00:00:00-04:00,53.69098758377964,55.357801364880615,53.34782169071225,55.32838821411133,459100,0.0,0.0,AEIS,1d
2019-06-28 00:00:00-04:00,55.62252401774051,56.34807948161889,55.093064928442274,55.171504974365234,355900,0.0,0.0,AEIS,1d
2019-07-01 00:00:00-04:00,56.87753778941471,57.12265733533401,55.446040538900576,56.220619201660156,274300,0.0,0.0,AEIS,1d
2019-07-02 00:00:00-04:00,55.97549863944616,56.18139815662546,54.46556136634319,54.97541046142578,581600,0.0,0.0,AEIS,1d
2019-07-03 00:00:00-04:00,55.210724425642105,55.210724425642105,54.00473678376848,54.26946258544922,240300,0.0,0.0,AEIS,1d
2019-07-05 00:00:00-04:00,53.818439607823656,54.21063232421875,53.16152110912286,54.21063232421875,167700,0.0,0.0,AEIS,1d
2019-07-08 00:00:00-04:00,52.45558175863212,52.749724459700474,50.27891903831706,50.77896499633789,584200,0.0,0.0,AEIS,1d
2019-07-09 00:00:00-04:00,50.32794752658961,51.14174248322913,50.11224112689426,51.08291244506836,450100,0.0,0.0,AEIS,1d
2019-07-10 00:00:00-04:00,51.32802534131695,52.661476111651545,51.32802534131695,52.102603912353516,214100,0.0,0.0,AEIS,1d
2019-07-11 00:00:00-04:00,52.092800238445115,52.62225554688406,50.81817951183332,51.03388214111328,239900,0.0,0.0,AEIS,1d
2019-07-12 00:00:00-04:00,51.42607223827972,52.749716052233175,51.249585897722355,52.445770263671875,193900,0.0,0.0,AEIS,1d
2019-07-15 00:00:00-04:00,52.58304916118811,53.06348140519918,52.19085636833087,52.79875183105469,186500,0.0,0.0,AEIS,1d
2019-07-16 00:00:00-04:00,52.455580302536816,52.8379661773339,51.77905173483638,52.04378128051758,193400,0.0,0.0,AEIS,1d
2019-07-17 00:00:00-04:00,52.45558540964007,53.387040478043694,52.03397947068083,53.01445770263672,225300,0.0,0.0,AEIS,1d
2019-07-18 00:00:00-04:00,52.89679924198249,55.33818784717527,52.89679924198249,54.661659240722656,343900,0.0,0.0,AEIS,1d
2019-07-19 00:00:00-04:00,54.92639140681408,55.74018640040211,54.33810221917888,54.475372314453125,203700,0.0,0.0,AEIS,1d
2019-07-22 00:00:00-04:00,54.66166226302082,55.975503263436174,54.37732267377378,55.76960372924805,166900,0.0,0.0,AEIS,1d
2019-07-23 00:00:00-04:00,56.18139876404823,57.0638306189679,54.77931467246889,57.05402374267578,210900,0.0,0.0,AEIS,1d
2019-07-24 00:00:00-04:00,56.85792880281053,59.57384995054135,56.84812192691455,59.367950439453125,289500,0.0,0.0,AEIS,1d
2019-07-25 00:00:00-04:00,59.0149806670324,59.35815027625826,57.74035977331732,57.78938293457031,201700,0.0,0.0,AEIS,1d
2019-07-26 00:00:00-04:00,58.13255968456562,58.701235157363556,57.759976880866894,58.39728927612305,128300,0.0,0.0,AEIS,1d
2019-07-29 00:00:00-04:00,57.91684453572167,58.10313403939454,57.41680232048012,57.87762451171875,157600,0.0,0.0,AEIS,1d
2019-07-30 00:00:00-04:00,57.24032114979211,58.63259846626066,56.612815669680785,58.12274932861328,252800,0.0,0.0,AEIS,1d
2019-07-31 00:00:00-04:00,58.13255854889861,58.44631130160141,56.710864284335855,57.25993347167969,318500,0.0,0.0,AEIS,1d
2019-08-01 00:00:00-04:00,57.29914530338611,58.769862619861165,54.691073411779456,55.34799575805664,246500,0.0,0.0,AEIS,1d
2019-08-02 00:00:00-04:00,54.98521376450005,55.48525595090224,52.818354316151535,53.19093704223633,328100,0.0,0.0,AEIS,1d
2019-08-05 00:00:00-04:00,51.93592716780054,52.54382255440469,50.053407234130624,50.298526763916016,507500,0.0,0.0,AEIS,1d
2019-08-06 00:00:00-04:00,52.93601313729008,52.945816272381364,47.64143001396113,48.03362274169922,696700,0.0,0.0,AEIS,1d
2019-08-07 00:00:00-04:00,47.17080207987612,47.484554773259504,45.66086490532663,47.43553161621094,502400,0.0,0.0,AEIS,1d
2019-08-08 00:00:00-04:00,47.63162681920772,49.51414293344764,47.63162681920772,49.31804656982422,337700,0.0,0.0,AEIS,1d
2019-08-09 00:00:00-04:00,48.78859235794849,49.02390876572402,47.04334240276148,47.54338836669922,277500,0.0,0.0,AEIS,1d
2019-08-12 00:00:00-04:00,47.28846063987786,47.78850658999793,46.719785258827805,47.357093811035156,156500,0.0,0.0,AEIS,1d
2019-08-13 00:00:00-04:00,47.11196769047791,49.02390056037801,46.964898232932846,47.81791305541992,190100,0.0,0.0,AEIS,1d
2019-08-14 00:00:00-04:00,46.3275908408005,46.9649031103627,45.89618181754784,46.49427032470703,375700,0.0,0.0,AEIS,1d
2019-08-15 00:00:00-04:00,46.76881576585943,47.12178855310958,46.131503373299104,46.51388931274414,202600,0.0,0.0,AEIS,1d
2019-08-16 00:00:00-04:00,46.82763348307044,47.67084526682385,46.43544447822209,47.17080307006836,196300,0.0,0.0,AEIS,1d
2019-08-19 00:00:00-04:00,48.32776900382614,48.7297648964879,47.749286744607765,48.533668518066406,238200,0.0,0.0,AEIS,1d
2019-08-20 00:00:00-04:00,48.46503540562173,48.984687629877726,47.66104361931997,47.80811309814453,186300,0.0,0.0,AEIS,1d
2019-08-21 00:00:00-04:00,48.59250300779475,49.1415684294311,48.170897064622444,49.102352142333984,247200,0.0,0.0,AEIS,1d
2019-08-22 00:00:00-04:00,49.31805037592944,49.563169914318976,48.53366860112838,48.92586135864258,110300,0.0,0.0,AEIS,1d
2019-08-23 00:00:00-04:00,48.5042528926815,48.79839557517464,46.690366160224094,46.87665939331055,138300,0.0,0.0,AEIS,1d
2019-08-26 00:00:00-04:00,47.464942261464536,47.768891803513945,46.72958372380072,46.89626693725586,116600,0.0,0.0,AEIS,1d
2019-08-27 00:00:00-04:00,47.170802616445066,47.7786979992618,46.39622400949462,46.49427032470703,336000,0.0,0.0,AEIS,1d
2019-08-28 00:00:00-04:00,46.34720299019837,47.52377752816652,45.876573923056576,47.30807113647461,177900,0.0,0.0,AEIS,1d
2019-08-29 00:00:00-04:00,48.29835532044972,49.416103629545205,48.29835532044972,49.308250427246094,129000,0.0,0.0,AEIS,1d
2019-08-30 00:00:00-04:00,49.86711760917926,50.91622889473291,49.435704844125816,50.63188934326172,222900,0.0,0.0,AEIS,1d
2019-09-03 00:00:00-04:00,50.308334711115236,51.22017968055577,49.984775129598205,50.98486328125,400100,0.0,0.0,AEIS,1d
2019-09-04 00:00:00-04:00,51.641782517786424,52.6320675467399,51.641782517786424,52.50460433959961,165400,0.0,0.0,AEIS,1d
2019-09-05 00:00:00-04:00,53.64196899486464,55.740192040551555,53.16153670358838,54.61264419555664,286300,0.0,0.0,AEIS,1d
2019-09-06 00:00:00-04:00,54.906779213803986,54.906779213803986,53.053676013774506,54.22044372558594,132000,0.0,0.0,AEIS,1d
2019-09-09 00:00:00-04:00,54.64204795861309,55.318576549348776,54.40673529236911,55.03424072265625,221700,0.0,0.0,AEIS,1d
2019-09-10 00:00:00-04:00,54.96559557072512,55.24993133544922,54.14199393791298,55.24993133544922,197900,0.0,0.0,AEIS,1d
2019-09-11 00:00:00-04:00,55.71076304108,57.28933331529738,54.995014506478554,56.73046112060547,277400,0.0,0.0,AEIS,1d
2019-09-12 00:00:00-04:00,57.26973059894703,57.26973059894703,55.74999016123217,56.05393600463867,471100,0.0,0.0,AEIS,1d
2019-09-13 00:00:00-04:00,55.99511149718355,56.03433152346626,54.877366929719564,55.240142822265625,329700,0.0,0.0,AEIS,1d
2019-09-16 00:00:00-04:00,55.0146283744352,56.41671239704811,54.24004975546469,56.23041915893555,281200,0.0,0.0,AEIS,1d
2019-09-17 00:00:00-04:00,56.02451984550482,56.7696853201055,55.69115713112604,56.4559326171875,151400,0.0,0.0,AEIS,1d
2019-09-18 00:00:00-04:00,56.504956185945424,56.583392492130734,55.24994162493492,56.40690612792969,241400,0.0,0.0,AEIS,1d
2019-09-19 00:00:00-04:00,56.78929437704696,57.04422079831487,56.12257265581168,56.16178894042969,144400,0.0,0.0,AEIS,1d
2019-09-20 00:00:00-04:00,56.39710741601231,56.64222696993784,54.78912374069727,55.240142822265625,329400,0.0,0.0,AEIS,1d
2019-09-23 00:00:00-04:00,56.51476367578404,57.35797553854782,55.84803819081861,57.142269134521484,227000,0.0,0.0,AEIS,1d
2019-09-24 00:00:00-04:00,57.7305524488194,58.583567361463295,56.48534479415016,57.112850189208984,380600,0.0,0.0,AEIS,1d
2019-09-25 00:00:00-04:00,56.60300350585642,57.88743123689804,56.10296129191868,57.81879806518555,238600,0.0,0.0,AEIS,1d
2019-09-26 00:00:00-04:00,58.828691829952945,59.358150954077125,58.00508999472451,58.358062744140625,254100,0.0,0.0,AEIS,1d
2019-09-27 00:00:00-04:00,58.40708688406917,58.61298641126751,55.867648161273664,56.357887268066406,263000,0.0,0.0,AEIS,1d
2019-09-30 00:00:00-04:00,56.72066998365452,57.04422962837306,55.98531123499749,56.28926086425781,200400,0.0,0.0,AEIS,1d
2019-10-01 00:00:00-04:00,56.67163912929061,57.740360515340825,54.61263640838497,54.94599914550781,176000,0.0,0.0,AEIS,1d
2019-10-02 00:00:00-04:00,54.44595107556701,54.44595107556701,52.64187110997936,53.573326110839844,294300,0.0,0.0,AEIS,1d
2019-10-03 00:00:00-04:00,53.6615679145987,53.78903111949518,52.39675022197212,53.72039794921875,242800,0.0,0.0,AEIS,1d
2019-10-04 00:00:00-04:00,54.12240350067445,54.99502859879305,54.00474715064995,54.926395416259766,180400,0.0,0.0,AEIS,1d
2019-10-07 00:00:00-04:00,54.48517721232685,54.946003196502716,53.828258566161736,54.44595718383789,227800,0.0,0.0,AEIS,1d
2019-10-08 00:00:00-04:00,53.828260332070705,53.857673484288476,52.18105648377332,52.230079650878906,186400,0.0,0.0,AEIS,1d
2019-10-09 00:00:00-04:00,52.92621451215159,53.35762358773023,52.39675536924077,53.01445770263672,235100,0.0,0.0,AEIS,1d
2019-10-10 00:00:00-04:00,53.19094683702254,54.024351881234985,52.43597811050843,52.88699722290039,217200,0.0,0.0,AEIS,1d
2019-10-11 00:00:00-04:00,52.15163508559775,54.03415520967746,52.15163508559775,52.779144287109375,457200,0.0,0.0,AEIS,1d
2019-10-14 00:00:00-04:00,52.62227227568878,53.22036467929221,52.28891322080493,52.95563507080078,230500,0.0,0.0,AEIS,1d
2019-10-15 00:00:00-04:00,53.014455303454596,53.50469439724665,52.16144032752011,53.4262580871582,396000,0.0,0.0,AEIS,1d
2019-10-16 00:00:00-04:00,53.23015744657193,53.406643805447594,51.53393076646886,51.63197708129883,209900,0.0,0.0,AEIS,1d
2019-10-17 00:00:00-04:00,52.259496326376,53.31841476034171,52.259496326376,52.95563507080078,280200,0.0,0.0,AEIS,1d
2019-10-18 00:00:00-04:00,52.68108499250053,53.12230086149506,51.7790469849801,52.141822814941406,266300,0.0,0.0,AEIS,1d
2019-10-21 00:00:00-04:00,52.7791473580779,53.36743282720434,52.318321371784585,52.37714767456055,200700,0.0,0.0,AEIS,1d
2019-10-22 00:00:00-04:00,52.65167448585839,53.524299392573894,52.26928862698101,53.46546936035156,369300,0.0,0.0,AEIS,1d
2019-10-23 00:00:00-04:00,53.21055132705246,53.21055132705246,50.99466854365852,51.79866409301758,242700,0.0,0.0,AEIS,1d
2019-10-24 00:00:00-04:00,53.56352463464544,57.26973100065573,53.56352463464544,57.122657775878906,595300,0.0,0.0,AEIS,1d
2019-10-25 00:00:00-04:00,57.08344059152427,59.59346232780806,56.30886193499345,58.73064422607422,565600,0.0,0.0,AEIS,1d
2019-10-28 00:00:00-04:00,58.96595981293163,60.61316352902876,58.96595981293163,60.397457122802734,267800,0.0,0.0,AEIS,1d
2019-10-29 00:00:00-04:00,60.26018767171646,60.593550400459726,58.61298404030589,58.89732360839844,292100,0.0,0.0,AEIS,1d
2019-10-30 00:00:00-04:00,58.89731989693172,58.89731989693172,57.70113540325025,58.17176818847656,158200,0.0,0.0,AEIS,1d
2019-10-31 00:00:00-04:00,58.034497909619965,58.53454383960269,56.17159174715729,57.94625473022461,340400,0.0,0.0,AEIS,1d
2019-11-01 00:00:00-04:00,58.41689856662518,60.799457380639,58.21099528225985,60.34843826293945,274600,0.0,0.0,AEIS,1d
2019-11-04 00:00:00-05:00,61.03477158992303,61.79954343465883,60.475899281811834,61.603450775146484,266200,0.0,0.0,AEIS,1d
2019-11-05 00:00:00-05:00,62.04465242301822,63.32907632892612,61.5151970962681,63.015323638916016,455500,0.0,0.0,AEIS,1d
2019-11-06 00:00:00-05:00,62.80943257913821,62.80943257913821,61.15242572855218,61.90739440917969,437400,0.0,0.0,AEIS,1d
2019-11-07 00:00:00-05:00,62.73098915136094,62.74079602700728,61.828951083710095,62.64274597167969,247900,0.0,0.0,AEIS,1d
2019-11-08 00:00:00-05:00,62.132897259660886,62.86825958802432,61.65246507660578,62.36821365356445,251900,0.0,0.0,AEIS,1d
2019-11-11 00:00:00-05:00,61.75050503808061,62.603519865279,61.38772921919366,61.99562454223633,352500,0.0,0.0,AEIS,1d
2019-11-12 00:00:00-05:00,69.39826013850595,70.84937146574127,64.15270218073631,64.31938171386719,1090200,0.0,0.0,AEIS,1d
2019-11-13 00:00:00-05:00,64.14287690851074,64.92726239783491,62.22114068816639,62.81923294067383,487600,0.0,0.0,AEIS,1d
2019-11-14 00:00:00-05:00,62.62313656834279,63.23103195636453,62.01524118032105,62.81923294067383,229100,0.0,0.0,AEIS,1d
2019-11-15 00:00:00-05:00,63.623223423946,65.03511428420748,63.46635081750265,64.47624206542969,374900,0.0,0.0,AEIS,1d
2019-11-18 00:00:00-05:00,64.16247591895352,65.10373380162011,63.691843237393876,64.2801284790039,269400,0.0,0.0,AEIS,1d
2019-11-19 00:00:00-05:00,64.78017975674494,64.78017975674494,63.29965591430664,63.29965591430664,189300,0.0,0.0,AEIS,1d
2019-11-20 00:00:00-05:00,62.93689767212007,63.3388898418587,61.77012622741224,61.936805725097656,234600,0.0,0.0,AEIS,1d
2019-11-21 00:00:00-05:00,61.56422524639573,61.59363839464897,58.85810340027537,59.78955841064453,369900,0.0,0.0,AEIS,1d
2019-11-22 00:00:00-05:00,60.24056674841018,60.24056674841018,58.88750980642957,59.46599197387695,143400,0.0,0.0,AEIS,1d
2019-11-25 00:00:00-05:00,59.67189504700462,62.24074650475666,59.67189504700462,62.1427001953125,286100,0.0,0.0,AEIS,1d
2019-11-26 00:00:00-05:00,62.240749994930546,62.88786539813936,61.750510939765476,62.809425354003906,236400,0.0,0.0,AEIS,1d
2019-11-27 00:00:00-05:00,63.123185609518664,64.24093019071614,62.80943287585718,64.09386444091797,139000,0.0,0.0,AEIS,1d
2019-11-29 00:00:00-05:00,63.68205660098267,63.98600993209368,62.829045347734066,62.956504821777344,91000,0.0,0.0,AEIS,1d
2019-12-02 00:00:00-05:00,63.13299744861489,63.13299744861489,61.50540361223076,61.92700958251953,262800,0.0,0.0,AEIS,1d
2019-12-03 00:00:00-05:00,60.554331874606376,60.995547811838044,59.94643643899135,60.48569869995117,189000,0.0,0.0,AEIS,1d
2019-12-04 00:00:00-05:00,61.26027958338757,62.348611021064684,60.721017302980506,61.52500915527344,288700,0.0,0.0,AEIS,1d
2019-12-05 00:00:00-05:00,62.1721241797749,62.47607377640838,61.77012825660294,62.35841369628906,270300,0.0,0.0,AEIS,1d
2019-12-06 00:00:00-05:00,62.88786999500944,64.08405457392156,62.2211445320316,63.99580764770508,359300,0.0,0.0,AEIS,1d
2019-12-09 00:00:00-05:00,63.86836186757269,64.06445455382426,63.407535826379345,63.69187545776367,182800,0.0,0.0,AEIS,1d
2019-12-10 00:00:00-05:00,63.69187250284384,64.81942409762001,63.39773348711276,64.54489135742188,179000,0.0,0.0,AEIS,1d
2019-12-11 00:00:00-05:00,64.55467225247722,66.36856265831256,64.31935961124579,66.00578308105469,164500,0.0,0.0,AEIS,1d
2019-12-12 00:00:00-05:00,65.87833640008876,68.40796461487363,65.41751042299589,68.15304565429688,355600,0.0,0.0,AEIS,1d
2019-12-13 00:00:00-05:00,67.88829830889946,68.95702327672127,67.09411347955437,67.38825988769531,288900,0.0,0.0,AEIS,1d
2019-12-16 00:00:00-05:00,67.98635193113815,68.85898437436737,66.55485471714339,66.93724060058594,251700,0.0,0.0,AEIS,1d
2019-12-17 00:00:00-05:00,67.18236828312337,67.6922211764802,66.88822928814575,67.672607421875,238800,0.0,0.0,AEIS,1d
2019-12-18 00:00:00-05:00,67.83928107679577,69.22175128644078,67.34904203442657,68.59424591064453,311700,0.0,0.0,AEIS,1d
2019-12-19 00:00:00-05:00,68.6922970976608,69.15312302706225,67.62357950007417,68.88839721679688,243600,0.0,0.0,AEIS,1d
2019-12-20 00:00:00-05:00,69.57472652013912,69.68257971181049,68.72170786249852,68.96682739257812,968900,0.0,0.0,AEIS,1d
2019-12-23 00:00:00-05:00,69.54531669864919,70.1630152510209,68.78054492510667,69.90809631347656,235100,0.0,0.0,AEIS,1d
2019-12-24 00:00:00-05:00,70.3787260775816,70.3787260775816,69.4668810254344,70.08458709716797,144400,0.0,0.0,AEIS,1d
2019-12-26 00:00:00-05:00,70.3100929007729,70.3100929007729,69.69239430949456,70.08458709716797,112100,0.0,0.0,AEIS,1d
2019-12-27 00:00:00-05:00,70.25126660078122,70.3787260775816,69.38844097180868,70.08458709716797,155800,0.0,0.0,AEIS,1d
2019-12-30 00:00:00-05:00,70.00614034635902,70.06496664072304,68.97663531226151,69.8198471069336,382400,0.0,0.0,AEIS,1d
2019-12-31 00:00:00-05:00,69.6335645736741,70.24146380390012,69.15313230810753,69.81005096435547,179600,0.0,0.0,AEIS,1d
2020-01-02 00:00:00-05:00,70.59441790443981,70.72187735491505,69.14330713389337,70.31988525390625,173700,0.0,0.0,AEIS,1d
2020-01-03 00:00:00-05:00,68.86877456863292,70.82973062396208,68.83936142467557,70.15320587158203,274100,0.0,0.0,AEIS,1d
2020-01-06 00:00:00-05:00,69.1727342322818,69.1727342322818,68.22166926074011,68.34912872314453,209100,0.0,0.0,AEIS,1d
2020-01-07 00:00:00-05:00,68.30990599678503,70.22184273989578,67.85888697791357,69.76101684570312,277300,0.0,0.0,AEIS,1d
2020-01-08 00:00:00-05:00,69.7021889374427,70.17282174654527,69.40804997715149,69.45706939697266,231100,0.0,0.0,AEIS,1d
2020-01-09 00:00:00-05:00,70.02573934434977,70.49637209174266,69.70217979804553,70.10417938232422,221600,0.0,0.0,AEIS,1d
2020-01-10 00:00:00-05:00,70.34930595155319,70.67286553033283,69.07468138812374,69.36882781982422,137300,0.0,0.0,AEIS,1d
2020-01-13 00:00:00-05:00,69.58453383411258,70.26106613513848,69.12370791778794,70.20223236083984,215300,0.0,0.0,AEIS,1d
2020-01-14 00:00:00-05:00,70.49639178668698,73.64372625527446,69.90810629843382,71.84944915771484,486200,0.0,0.0,AEIS,1d
2020-01-15 00:00:00-05:00,71.75139715696842,73.17308759801587,71.31998434210482,71.65335083007812,411800,0.0,0.0,AEIS,1d
2020-01-16 00:00:00-05:00,72.43770782237631,73.58487270220049,72.38868841343961,72.74166107177734,222900,0.0,0.0,AEIS,1d
2020-01-17 00:00:00-05:00,73.43780272753533,73.43780272753533,71.60430619875366,72.56517791748047,195000,0.0,0.0,AEIS,1d
2020-01-21 00:00:00-05:00,72.73186818869972,74.71243072551157,72.55538182558148,74.62419128417969,393500,0.0,0.0,AEIS,1d
2020-01-22 00:00:00-05:00,75.02618236511485,76.34983380996314,73.54566579153683,73.77117156982422,202100,0.0,0.0,AEIS,1d
2020-01-23 00:00:00-05:00,74.182967025418,74.9967580578374,73.54565484689778,74.94773864746094,300700,0.0,0.0,AEIS,1d
2020-01-24 00:00:00-05:00,75.49683221992768,75.60468543582121,73.18290273786744,73.79080200195312,214400,0.0,0.0,AEIS,1d
2020-01-27 00:00:00-05:00,71.35920604706759,71.51608615814553,69.72180916008257,70.22185516357422,283600,0.0,0.0,AEIS,1d
2020-01-28 00:00:00-05:00,70.91798812306769,72.33967848323265,69.7119966776078,71.76119995117188,292500,0.0,0.0,AEIS,1d
2020-01-29 00:00:00-05:00,71.96709107701312,72.73186276669524,70.9179798523677,71.19251251220703,264700,0.0,0.0,AEIS,1d
2020-01-30 00:00:00-05:00,71.3395990705777,72.55538999763215,70.08458811614015,71.55530548095703,202600,0.0,0.0,AEIS,1d
2020-01-31 00:00:00-05:00,71.1140650564644,71.14347819831518,68.32951124794396,68.57463073730469,201500,0.0,0.0,AEIS,1d
2020-02-03 00:00:00-05:00,68.97662605172398,70.71207630701294,68.97662605172398,69.68257141113281,220800,0.0,0.0,AEIS,1d
2020-02-04 00:00:00-05:00,71.0846748700622,72.12397944683043,70.39834307039555,71.47686767578125,213600,0.0,0.0,AEIS,1d
2020-02-05 00:00:00-05:00,72.6044114418247,72.63382459003618,71.02584099053315,72.26123809814453,159800,0.0,0.0,AEIS,1d
2020-02-06 00:00:00-05:00,72.241637134414,72.38871036673308,71.27096576983668,71.72198486328125,164700,0.0,0.0,AEIS,1d
2020-02-07 00:00:00-05:00,71.05525809381037,71.05525809381037,69.0256684692441,69.63356018066406,234100,0.0,0.0,AEIS,1d
2020-02-10 00:00:00-05:00,69.15310683000713,70.52577742063382,68.83935419333127,70.43753051757812,490900,0.0,0.0,AEIS,1d
2020-02-11 00:00:00-05:00,71.12387344613481,73.68292156802757,70.68265386761169,73.4476089477539,262200,0.0,0.0,AEIS,1d
2020-02-12 00:00:00-05:00,74.14375848133038,75.34974238563335,73.6437125432159,75.00657653808594,337500,0.0,0.0,AEIS,1d
2020-02-13 00:00:00-05:00,74.67322976917121,76.68320576495812,74.24181693006612,76.4184799194336,326200,0.0,0.0,AEIS,1d
2020-02-14 00:00:00-05:00,76.48709409017455,76.9577193609065,74.46730423855078,75.35954284667969,265200,0.0,0.0,AEIS,1d
2020-02-18 00:00:00-05:00,75.43799362290883,75.43799362290883,70.02574987595209,70.59442901611328,433400,0.0,0.0,AEIS,1d
2020-02-19 00:00:00-05:00,71.69255562222598,72.58478673192002,68.90799415143951,69.70217895507812,366700,0.0,0.0,AEIS,1d
2020-02-20 00:00:00-05:00,69.15314524726165,69.93753101493445,67.2510146229522,68.035400390625,280700,0.0,0.0,AEIS,1d
2020-02-21 00:00:00-05:00,67.49609929055305,67.56473992910483,65.29002387680183,65.45671081542969,197700,0.0,0.0,AEIS,1d
2020-02-24 00:00:00-05:00,62.750606401760976,63.67225832703251,61.27008592766958,61.74071502685547,260700,0.0,0.0,AEIS,1d
2020-02-25 00:00:00-05:00,62.30939077875048,62.53490032286043,58.789473782859744,59.33854293823242,344300,0.0,0.0,AEIS,1d
2020-02-26 00:00:00-05:00,59.71112716070494,60.90730808715024,59.171861128858765,59.58366394042969,216700,0.0,0.0,AEIS,1d
2020-02-27 00:00:00-05:00,57.259926634959356,59.93663159074013,56.69124750094227,58.83849334716797,481800,0.0,0.0,AEIS,1d
2020-02-28 00:00:00-05:00,56.05393048291122,59.54443382187965,55.93627415964154,58.3188362121582,381800,0.0,0.0,AEIS,1d
2020-03-02 00:00:00-05:00,58.563955997562594,58.995365011643564,56.68143985587062,58.76985549926758,287800,0.0,0.0,AEIS,1d
2020-03-03 00:00:00-05:00,58.62278367777031,60.36803341497707,57.3677692267634,58.45610046386719,536400,0.0,0.0,AEIS,1d
2020-03-04 00:00:00-05:00,59.23068422497143,61.946609118718214,58.67181198498234,61.82895278930664,266000,0.0,0.0,AEIS,1d
2020-03-05 00:00:00-05:00,60.29940244643411,61.79953272505809,59.57384701519986,60.554325103759766,306300,0.0,0.0,AEIS,1d
2020-03-06 00:00:00-05:00,58.4364983959863,60.593551153470884,58.12274567564972,60.25038528442383,489400,0.0,0.0,AEIS,1d
2020-03-09 00:00:00-04:00,57.37758125606371,60.564135214086924,53.16152599810923,53.44586181640625,322900,0.0,0.0,AEIS,1d
2020-03-10 00:00:00-04:00,55.46564881853883,55.563695137752404,52.082998442488034,54.57341384887695,266200,0.0,0.0,AEIS,1d
2020-03-11 00:00:00-04:00,52.671288151521686,53.808642671819385,50.200482730138276,50.77896499633789,199000,0.0,0.0,AEIS,1d
2020-03-12 00:00:00-04:00,46.6119386169451,47.62183005471395,42.670415458156725,42.74885177612305,315700,0.0,0.0,AEIS,1d
2020-03-13 00:00:00-04:00,45.37652325600419,46.219734982994396,40.5035498587622,45.33730697631836,521400,0.0,0.0,AEIS,1d
2020-03-16 00:00:00-04:00,39.8368294287999,43.05279665652567,39.25834715403436,39.827022552490234,529500,0.0,0.0,AEIS,1d
2020-03-17 00:00:00-04:00,40.27804544020384,45.111799427854066,38.44454855016236,44.97453308105469,544500,0.0,0.0,AEIS,1d
2020-03-18 00:00:00-04:00,41.53305682986523,42.77826458308145,32.728363110651195,34.85599899291992,413100,0.0,0.0,AEIS,1d
2020-03-19 00:00:00-04:00,34.630487750684345,38.64064350969608,32.767577780787796,37.346412658691406,403000,0.0,0.0,AEIS,1d
2020-03-20 00:00:00-04:00,38.503382076572045,41.58208324312461,33.757867104495794,35.28741455078125,487300,0.0,0.0,AEIS,1d
2020-03-23 00:00:00-04:00,34.65010167924242,38.650451014485405,34.10103250999319,37.856266021728516,449400,0.0,0.0,AEIS,1d
2020-03-24 00:00:00-04:00,40.523164293538706,43.68030143671444,37.91508878796058,43.22928237915039,317600,0.0,0.0,AEIS,1d
2020-03-25 00:00:00-04:00,43.533235350206205,47.85714423880989,41.21930610546997,45.405948638916016,386100,0.0,0.0,AEIS,1d
2020-03-26 00:00:00-04:00,45.866767143004964,55.50486925428241,44.60195315876197,54.132198333740234,370100,0.0,0.0,AEIS,1d
2020-03-27 00:00:00-04:00,51.89670455512186,52.68108626323975,48.18069177139379,49.20038986206055,315700,0.0,0.0,AEIS,1d
2020-03-30 00:00:00-04:00,49.210195464823705,50.73974267752659,48.023817838037516,49.180782318115234,299600,0.0,0.0,AEIS,1d
2020-03-31 00:00:00-04:00,48.81800924656256,49.3964915196072,45.7098914858974,47.54338836669922,381200,0.0,0.0,AEIS,1d
2020-04-01 00:00:00-04:00,45.003953401357336,46.04325795792929,42.70963413500917,43.288116455078125,269700,0.0,0.0,AEIS,1d
2020-04-02 00:00:00-04:00,42.239006871602484,44.847078994577856,42.16056681245597,44.26859664916992,269600,0.0,0.0,AEIS,1d
2020-04-03 00:00:00-04:00,44.49409654949899,45.09218877985167,40.964373198971224,42.229190826416016,210700,0.0,0.0,AEIS,1d
2020-04-06 00:00:00-04:00,44.41566094222401,48.023820954912225,44.41566094222401,47.66104507446289,337800,0.0,0.0,AEIS,1d
2020-04-07 00:00:00-04:00,50.043595328609754,51.1319264485656,48.30814891303509,50.67110061645508,316000,0.0,0.0,AEIS,1d
2020-04-08 00:00:00-04:00,51.09271536975007,51.416271204040015,48.62191006151558,49.34746551513672,348000,0.0,0.0,AEIS,1d
2020-04-09 00:00:00-04:00,50.72994569557412,52.31831939436364,49.21020143402005,50.61228561401367,228400,0.0,0.0,AEIS,1d
2020-04-13 00:00:00-04:00,49.886743640833735,50.82800203739722,49.00431155641272,49.523963928222656,219300,0.0,0.0,AEIS,1d
2020-04-14 00:00:00-04:00,51.54374049394188,52.14183281548707,49.44551767032461,51.89671325683594,218600,0.0,0.0,AEIS,1d
2020-04-15 00:00:00-04:00,49.54355766222298,50.33774627717631,48.08264737400623,48.278743743896484,342900,0.0,0.0,AEIS,1d
2020-04-16 00:00:00-04:00,49.259222590651056,50.02399433042368,47.71006535957323,49.2396125793457,285300,0.0,0.0,AEIS,1d
2020-04-17 00:00:00-04:00,51.161348506204,53.18113477615054,49.82789766703364,52.70069885253906,313300,0.0,0.0,AEIS,1d
2020-04-20 00:00:00-04:00,50.67111404182211,52.52421725479285,50.3769713277395,50.70052719116211,254000,0.0,0.0,AEIS,1d
2020-04-21 00:00:00-04:00,48.533653685790355,48.955259461470874,46.06284904932298,46.75898742675781,232300,0.0,0.0,AEIS,1d
2020-04-22 00:00:00-04:00,48.3964069560385,49.170985670194476,47.15119913131663,48.43562698364258,385500,0.0,0.0,AEIS,1d
2020-04-23 00:00:00-04:00,48.641528754365574,49.200401082619216,46.76881536279701,47.964996337890625,354600,0.0,0.0,AEIS,1d
2020-04-24 00:00:00-04:00,47.92576700790869,48.40619914662052,46.88645895278783,48.21990966796875,205600,0.0,0.0,AEIS,1d
2020-04-27 00:00:00-04:00,48.798401028090595,50.475017871857325,48.259138759889474,49.808292388916016,248100,0.0,0.0,AEIS,1d
2020-04-28 00:00:00-04:00,51.26919852059601,51.85748385896238,49.474921880192724,51.03388214111328,376100,0.0,0.0,AEIS,1d
2020-04-29 00:00:00-04:00,52.88699460344998,59.014983566873674,52.13202591432886,58.44630813598633,402500,0.0,0.0,AEIS,1d
2020-04-30 00:00:00-04:00,56.45593361404293,57.210898497363715,54.47536730425972,54.514583587646484,372200,0.0,0.0,AEIS,1d
2020-05-01 00:00:00-04:00,53.200736923367835,53.200736923367835,48.876828906932154,52.08299255371094,338900,0.0,0.0,AEIS,1d
2020-05-04 00:00:00-04:00,51.31823834850874,52.8771991159293,50.06322722412476,52.06340026855469,321800,0.0,0.0,AEIS,1d
2020-05-05 00:00:00-04:00,53.13211078432509,55.77940259627865,52.994844438706984,53.749813079833984,202900,0.0,0.0,AEIS,1d
2020-05-06 00:00:00-04:00,54.906777846008666,60.08370141747385,54.77931463588818,57.61289596557617,366200,0.0,0.0,AEIS,1d
2020-05-07 00:00:00-04:00,60.034677262659535,60.034677262659535,57.96586774749546,58.82868957519531,335200,0.0,0.0,AEIS,1d
2020-05-08 00:00:00-04:00,59.269906866364025,61.828955520529306,59.269906866364025,61.70149230957031,235200,0.0,0.0,AEIS,1d
2020-05-11 00:00:00-04:00,60.495507375923275,62.20153739699561,59.887611922226164,61.79954147338867,356400,0.0,0.0,AEIS,1d
2020-05-12 00:00:00-04:00,61.98582412036506,62.064260420209436,59.2797025815349,59.299312591552734,414000,0.0,0.0,AEIS,1d
2020-05-13 00:00:00-04:00,58.5933763372144,59.269908697630235,56.71085996439786,57.86782455444336,370200,0.0,0.0,AEIS,1d
2020-05-14 00:00:00-04:00,56.19120687999375,59.28951783640275,54.47537003330651,59.1424446105957,264800,0.0,0.0,AEIS,1d
2020-05-15 00:00:00-04:00,57.69132583790937,58.083518535144194,56.475531468662815,57.24030685424805,221900,0.0,0.0,AEIS,1d
2020-05-18 00:00:00-04:00,59.82878596386075,60.711214184547536,58.33845850777594,60.34843826293945,299600,0.0,0.0,AEIS,1d
2020-05-19 00:00:00-04:00,60.39745228506898,63.11338093798416,59.838580041182276,61.22105407714844,283100,0.0,0.0,AEIS,1d
2020-05-20 00:00:00-04:00,62.47607672105872,64.53507959723362,62.47607672105872,63.63304138183594,253200,0.0,0.0,AEIS,1d
2020-05-21 00:00:00-04:00,63.28006904665546,63.57420804218594,61.19164926438437,61.23086929321289,248800,0.0,0.0,AEIS,1d
2020-05-22 00:00:00-04:00,61.426954726234676,61.426954726234676,60.1817470850326,61.01515197753906,167100,0.0,0.0,AEIS,1d
2020-05-26 00:00:00-04:00,63.67224732533739,64.59389161090617,62.19172336683271,63.819313049316406,244000,0.0,0.0,AEIS,1d
2020-05-27 00:00:00-04:00,64.65274344597219,64.90766242573356,61.554428333893874,64.80961608886719,310100,0.0,0.0,AEIS,1d
2020-05-28 00:00:00-04:00,64.7115721605949,66.1136565232927,62.75061542845565,63.946800231933594,381500,0.0,0.0,AEIS,1d
2020-05-29 00:00:00-04:00,63.525191071981176,66.10384635337233,63.32909092025856,65.5253677368164,600600,0.0,0.0,AEIS,1d
2020-06-01 00:00:00-04:00,65.38807637841794,66.32933430555418,64.88803053322107,65.1037368774414,283300,0.0,0.0,AEIS,1d
2020-06-02 00:00:00-04:00,65.20179493769346,66.30973251961099,64.6625289798616,65.7802734375,182300,0.0,0.0,AEIS,1d
2020-06-03 00:00:00-04:00,66.86859879658404,69.72179346059345,66.42738667432353,68.98643493652344,319100,0.0,0.0,AEIS,1d
2020-06-04 00:00:00-04:00,68.13342969473968,69.74141338374604,67.67260373256312,69.63356018066406,310300,0.0,0.0,AEIS,1d
2020-06-05 00:00:00-04:00,72.15338391699024,73.94766073796758,71.35919900429244,71.57490539550781,330100,0.0,0.0,AEIS,1d
2020-06-08 00:00:00-04:00,71.89844779332958,72.5553662055577,69.12369347961916,69.31978607177734,365400,0.0,0.0,AEIS,1d
2020-06-09 00:00:00-04:00,68.21186005603288,69.73160407955906,67.85888734709073,68.59424591064453,233500,0.0,0.0,AEIS,1d
2020-06-10 00:00:00-04:00,68.88838133548838,68.88838133548838,66.58425970012067,67.1529312133789,306200,0.0,0.0,AEIS,1d
2020-06-11 00:00:00-04:00,64.47624899324131,66.41759165423899,60.05429018470538,60.8288688659668,287500,0.0,0.0,AEIS,1d
2020-06-12 00:00:00-04:00,63.378101442080535,64.49584583631422,61.77992115091162,63.211421966552734,254100,0.0,0.0,AEIS,1d
2020-06-15 00:00:00-04:00,61.02495742807671,64.01541482810728,60.37784204400378,63.731075286865234,288500,0.0,0.0,AEIS,1d
2020-06-16 00:00:00-04:00,66.26073145152056,67.33925618540606,64.65274748890076,66.10385131835938,201400,0.0,0.0,AEIS,1d
2020-06-17 00:00:00-04:00,66.85880938523778,66.92744255851414,65.03511937480292,65.05472564697266,239900,0.0,0.0,AEIS,1d
2020-06-18 00:00:00-04:00,64.70176163372226,66.19209285516033,64.70176163372226,65.40770721435547,223200,0.0,0.0,AEIS,1d
2020-06-19 00:00:00-04:00,66.35875828509462,67.2902094904097,65.02530746708393,65.2606201171875,520900,0.0,0.0,AEIS,1d
2020-06-22 00:00:00-04:00,64.85862305921617,65.95675366327079,63.731071830735495,65.6332015991211,208300,0.0,0.0,AEIS,1d
2020-06-23 00:00:00-04:00,66.64310192144248,66.69212134130895,65.00570518489887,65.48613739013672,149800,0.0,0.0,AEIS,1d
2020-06-24 00:00:00-04:00,64.8095932189986,65.28022594251975,63.37809626061623,63.750675201416016,254000,0.0,0.0,AEIS,1d
2020-06-25 00:00:00-04:00,63.16239251958094,64.91744908044018,61.6916754833758,64.84881591796875,266800,0.0,0.0,AEIS,1d
2020-06-26 00:00:00-04:00,64.51546699473519,64.85863286035993,61.368129206141134,61.58383560180664,317700,0.0,0.0,AEIS,1d
2020-06-29 00:00:00-04:00,62.329000638787626,64.4860497476534,61.407352451185474,64.09386444091797,275000,0.0,0.0,AEIS,1d
2020-06-30 00:00:00-04:00,64.21150369290717,67.02547831456091,64.08404424275908,66.46660614013672,314100,0.0,0.0,AEIS,1d
2020-07-01 00:00:00-04:00,66.56465526764602,67.43728014749536,64.42721278566074,64.55467224121094,261600,0.0,0.0,AEIS,1d
2020-07-02 00:00:00-04:00,65.97638744314214,66.77057249332319,65.16258863738905,65.92736053466797,219900,0.0,0.0,AEIS,1d
2020-07-06 00:00:00-04:00,67.34906684678413,68.80997763673759,67.08433347731889,67.28043365478516,192700,0.0,0.0,AEIS,1d
2020-07-07 00:00:00-04:00,66.59408068645462,68.13343123376715,65.88813515231924,66.0156021118164,210200,0.0,0.0,AEIS,1d
2020-07-08 00:00:00-04:00,65.10374781757402,68.11381530761719,65.10374781757402,68.11381530761719,273300,0.0,0.0,AEIS,1d
2020-07-09 00:00:00-04:00,68.52560868771391,69.05506771978702,66.9470384662886,68.70209503173828,237000,0.0,0.0,AEIS,1d
2020-07-10 00:00:00-04:00,68.75113449479134,68.86878709201515,66.8293981087668,67.71182250976562,217700,0.0,0.0,AEIS,1d
2020-07-13 00:00:00-04:00,68.86878995416691,70.15322154406263,67.47651263915238,67.58436584472656,234400,0.0,0.0,AEIS,1d
2020-07-14 00:00:00-04:00,67.46668352328774,68.6628677868479,65.73124089006636,68.65306091308594,242100,0.0,0.0,AEIS,1d
2020-07-15 00:00:00-04:00,70.22185730941693,70.92779538947347,67.29022185782013,68.7413330078125,307700,0.0,0.0,AEIS,1d
2020-07-16 00:00:00-04:00,68.52560995888724,69.31979478150247,67.48630562504965,68.7217025756836,253100,0.0,0.0,AEIS,1d
2020-07-17 00:00:00-04:00,69.16294818852629,69.50611413717276,68.3295430331115,69.0452880859375,261300,0.0,0.0,AEIS,1d
2020-07-20 00:00:00-04:00,69.02567282390373,70.34931701378628,68.87859958492663,69.81005096435547,243500,0.0,0.0,AEIS,1d
2020-07-21 00:00:00-04:00,70.63363050763886,70.63363050763886,68.22165571344753,68.65306091308594,307400,0.0,0.0,AEIS,1d
2020-07-22 00:00:00-04:00,68.72170147915992,70.00613278417931,68.72170147915992,69.65316009521484,222400,0.0,0.0,AEIS,1d
2020-07-23 00:00:00-04:00,69.36883445966582,71.48667101753348,69.11390802648799,70.4179458618164,473300,0.0,0.0,AEIS,1d
2020-07-24 00:00:00-04:00,69.66298530850568,69.66298530850568,67.1725695609782,67.29022216796875,140800,0.0,0.0,AEIS,1d
2020-07-27 00:00:00-04:00,67.83927290261467,69.99632143694751,67.83927290261467,69.47666931152344,152400,0.0,0.0,AEIS,1d
2020-07-28 00:00:00-04:00,68.79033470097043,68.95701415265091,66.87839826194059,67.0352783203125,150000,0.0,0.0,AEIS,1d
2020-07-29 00:00:00-04:00,67.66282126523181,68.48641958887688,67.47652796230668,68.035400390625,242800,0.0,0.0,AEIS,1d
2020-07-30 00:00:00-04:00,67.10395043635403,71.05527756519257,67.10395043635403,70.64347839355469,247800,0.0,0.0,AEIS,1d
2020-07-31 00:00:00-04:00,70.49638462174104,72.13378143310547,69.20215368694174,72.13378143310547,273500,0.0,0.0,AEIS,1d
2020-08-03 00:00:00-04:00,72.70245985530916,74.349663526658,72.37890025476001,72.84953308105469,214600,0.0,0.0,AEIS,1d
2020-08-04 00:00:00-04:00,73.0162157624994,73.78098759317037,72.84953625693373,73.45742797851562,198700,0.0,0.0,AEIS,1d
2020-08-05 00:00:00-04:00,77.8989684527889,78.19311482361691,73.70252411429986,75.95762634277344,574700,0.0,0.0,AEIS,1d
2020-08-06 00:00:00-04:00,77.93820761306752,77.93820761306752,73.44762328109421,75.28111267089844,358500,0.0,0.0,AEIS,1d
2020-08-07 00:00:00-04:00,75.10462113701657,77.19304428232086,74.38887631142124,77.10479736328125,403800,0.0,0.0,AEIS,1d
2020-08-10 00:00:00-04:00,77.15383529023596,78.70298522812274,76.09491699310676,78.33040618896484,354000,0.0,0.0,AEIS,1d
2020-08-11 00:00:00-04:00,78.26175890194696,80.31096194901725,75.95763694373134,76.4478759765625,300000,0.0,0.0,AEIS,1d
2020-08-12 00:00:00-04:00,76.93812149190406,79.04615100678328,76.69300195483565,78.1637191772461,225600,0.0,0.0,AEIS,1d
2020-08-13 00:00:00-04:00,78.19312901890292,79.31087346224149,77.33031097786478,78.50688171386719,199100,0.0,0.0,AEIS,1d
2020-08-14 00:00:00-04:00,78.1146938868901,79.62463116399223,77.95782126977099,78.46766662597656,189200,0.0,0.0,AEIS,1d
2020-08-17 00:00:00-04:00,79.16381601861931,80.65414722689654,79.04616340985666,80.19332122802734,209800,0.0,0.0,AEIS,1d
2020-08-18 00:00:00-04:00,79.85014837864951,79.8795615282839,77.51660543491963,77.90879821777344,256200,0.0,0.0,AEIS,1d
2020-08-19 00:00:00-04:00,77.90880341957144,78.49708889290312,76.97735204350094,77.53622436523438,178800,0.0,0.0,AEIS,1d
2020-08-20 00:00:00-04:00,76.32041713261575,76.46749035414973,74.15356127540974,74.49673461914062,191100,0.0,0.0,AEIS,1d
2020-08-21 00:00:00-04:00,74.31043362192801,74.8104795308024,72.40830377752842,73.54566192626953,225200,0.0,0.0,AEIS,1d
2020-08-24 00:00:00-04:00,74.64380670827406,75.99687148491182,72.99660294400816,74.3104476928711,201200,0.0,0.0,AEIS,1d
2020-08-25 00:00:00-04:00,74.3986916606482,74.86932454205582,73.02602800749237,74.15357208251953,188400,0.0,0.0,AEIS,1d
2020-08-26 00:00:00-04:00,74.16337328710607,74.48693290079488,73.1436750224371,73.95747375488281,136900,0.0,0.0,AEIS,1d
2020-08-27 00:00:00-04:00,74.40848768304087,74.40848768304087,71.63373266811675,72.26123809814453,186000,0.0,0.0,AEIS,1d
2020-08-28 00:00:00-04:00,72.71226286194832,74.6928254244869,72.55538276804783,74.5261459350586,197400,0.0,0.0,AEIS,1d
2020-08-31 00:00:00-04:00,74.21237709314198,74.31042339028615,72.67302703857422,72.67302703857422,246300,0.0,0.0,AEIS,1d
2020-09-01 00:00:00-04:00,72.76127944936287,73.20249908594644,71.78080134200513,72.58479309082031,269600,0.0,0.0,AEIS,1d
2020-09-02 00:00:00-04:00,73.2123001742424,74.9673569246557,72.48674845254536,74.95755004882812,305000,0.0,0.0,AEIS,1d
2020-09-03 00:00:00-04:00,73.83000155075021,74.38887375058097,71.57489900100276,71.92787170410156,637100,0.0,0.0,AEIS,1d
2020-09-04 00:00:00-04:00,72.28085078820014,72.57498974644658,65.48613687438755,67.7706527709961,389200,0.0,0.0,AEIS,1d
2020-09-08 00:00:00-04:00,65.43711514175588,65.43711514175588,58.171775328852746,58.22079849243164,900800,0.0,0.0,AEIS,1d
2020-09-09 00:00:00-04:00,59.309129466433816,60.13273132491077,57.505049383114184,59.054203033447266,441300,0.0,0.0,AEIS,1d
2020-09-10 00:00:00-04:00,59.35814985878424,59.81897205959428,56.681444878739974,56.72066116333008,282600,0.0,0.0,AEIS,1d
2020-09-11 00:00:00-04:00,57.514855012806294,58.28943374166294,57.18149225230013,57.691341400146484,389900,0.0,0.0,AEIS,1d
2020-09-14 00:00:00-04:00,58.71102858054422,60.28959889054671,58.62278540358051,60.04447937011719,260000,0.0,0.0,AEIS,1d
2020-09-15 00:00:00-04:00,59.94642810090584,60.63276349222143,59.25028957467198,59.52482223510742,276200,0.0,0.0,AEIS,1d
2020-09-16 00:00:00-04:00,60.00526499219627,60.94652314150876,58.64240092887825,58.89732360839844,220000,0.0,0.0,AEIS,1d
2020-09-17 00:00:00-04:00,57.27954164203854,58.96596554880944,56.72066929902316,58.85811233520508,281500,0.0,0.0,AEIS,1d
2020-09-18 00:00:00-04:00,59.71111551973084,59.97584130528319,57.014800847070575,58.07371520996094,719000,0.0,0.0,AEIS,1d
2020-09-21 00:00:00-04:00,56.299058645416274,57.69133968865981,55.9755027717098,57.554073333740234,256000,0.0,0.0,AEIS,1d
2020-09-22 00:00:00-04:00,57.730558188246256,58.50513313340049,56.56378672184829,58.260013580322266,180600,0.0,0.0,AEIS,1d
2020-09-23 00:00:00-04:00,58.220798810467635,59.515029785204106,56.72066456321081,56.769691467285156,307200,0.0,0.0,AEIS,1d
2020-09-24 00:00:00-04:00,56.51476268620507,59.00517820466101,55.92647726399654,58.358062744140625,251900,0.0,0.0,AEIS,1d
2020-09-25 00:00:00-04:00,57.858022455495245,58.85811076372302,57.416810215589116,58.55416488647461,206200,0.0,0.0,AEIS,1d
2020-09-28 00:00:00-04:00,59.7405372390961,61.63286047108903,59.25029813734099,60.77003860473633,265300,0.0,0.0,AEIS,1d
2020-09-29 00:00:00-04:00,60.789638455107635,62.60352133227412,60.789638455107635,61.6818733215332,356100,0.0,0.0,AEIS,1d
2020-09-30 00:00:00-04:00,61.55442352537214,62.86826827420558,60.897504891183125,61.711299896240234,342200,0.0,0.0,AEIS,1d
2020-10-01 00:00:00-04:00,62.43684636504201,63.20161809422683,61.92699729884308,62.809425354003906,265200,0.0,0.0,AEIS,1d
2020-10-02 00:00:00-04:00,61.1818392851785,61.76032155490877,60.47589380612395,60.515113830566406,237900,0.0,0.0,AEIS,1d
2020-10-05 00:00:00-04:00,61.17203635429695,63.476158705600085,61.17203635429695,63.42713928222656,212800,0.0,0.0,AEIS,1d
2020-10-06 00:00:00-04:00,65.3194538313687,66.77055723290032,63.45654394195798,64.47624206542969,537900,0.0,0.0,AEIS,1d
2020-10-07 00:00:00-04:00,65.42731452076112,66.46661903400067,64.79980158169472,65.76067352294922,380600,0.0,0.0,AEIS,1d
2020-10-08 00:00:00-04:00,66.46661635014051,67.43728764841389,66.06461670795825,66.67251586914062,169000,0.0,0.0,AEIS,1d
2020-10-09 00:00:00-04:00,67.80987443602567,69.13351848130688,67.13334209891211,69.02566528320312,218700,0.0,0.0,AEIS,1d
2020-10-12 00:00:00-04:00,69.83945761049529,70.36890919605601,68.74131945722873,70.32969665527344,236500,0.0,0.0,AEIS,1d
2020-10-13 00:00:00-04:00,70.36891886636492,71.1238912881282,69.88848663098706,70.75131225585938,240300,0.0,0.0,AEIS,1d
2020-10-14 00:00:00-04:00,71.1238962556253,71.68276858328939,69.89829838965531,70.71209716796875,170200,0.0,0.0,AEIS,1d
2020-10-15 00:00:00-04:00,69.48649262992906,71.70236797290707,67.19216975529636,71.56510162353516,157700,0.0,0.0,AEIS,1d
2020-10-16 00:00:00-04:00,71.44745567913877,73.43782541079523,70.81014329460227,71.82984161376953,372400,0.0,0.0,AEIS,1d
2020-10-19 00:00:00-04:00,72.25142679898754,73.23190480692949,71.44743513169328,71.75138092041016,158200,0.0,0.0,AEIS,1d
2020-10-20 00:00:00-04:00,72.50636045368557,72.74168060941727,70.91799054499961,71.1827163696289,184300,0.0,0.0,AEIS,1d
2020-10-21 00:00:00-04:00,71.5847231423006,72.48676138758772,70.86897068825282,71.39842987060547,215100,0.0,0.0,AEIS,1d
2020-10-22 00:00:00-04:00,71.22193874329832,72.38871024244965,70.6728733227355,71.88866424560547,229400,0.0,0.0,AEIS,1d
2020-10-23 00:00:00-04:00,71.84943054951363,72.27103641165408,70.86895249620595,71.0748519897461,122700,0.0,0.0,AEIS,1d
2020-10-26 00:00:00-04:00,70.11399128569285,70.4179371040753,67.23138326725125,68.7805404663086,215300,0.0,0.0,AEIS,1d
2020-10-27 00:00:00-04:00,68.34913377531991,68.74132654768677,67.60396825586841,68.14323425292969,179900,0.0,0.0,AEIS,1d
2020-10-28 00:00:00-04:00,66.95685946222822,67.14315272033573,65.34887575775205,65.94696807861328,238500,0.0,0.0,AEIS,1d
2020-10-29 00:00:00-04:00,65.79989780168067,68.32953355294845,64.93707961044181,67.672607421875,247800,0.0,0.0,AEIS,1d
2020-10-30 00:00:00-04:00,66.87841429156843,68.00596566989961,65.40769705386379,66.15286254882812,205800,0.0,0.0,AEIS,1d
2020-11-02 00:00:00-05:00,67.27059763738272,69.12370049913604,67.0058643825873,68.41775512695312,175700,0.0,0.0,AEIS,1d
2020-11-03 00:00:00-05:00,68.35895173079406,71.82003910799942,67.65300612221105,71.2219467163086,180600,0.0,0.0,AEIS,1d
2020-11-04 00:00:00-05:00,71.39842029978654,74.8399007835271,70.31989580495598,74.61438751220703,275600,0.0,0.0,AEIS,1d
2020-11-05 00:00:00-05:00,78.41865370866495,82.781778927996,77.84016765145897,82.36997985839844,455200,0.0,0.0,AEIS,1d
2020-11-06 00:00:00-05:00,82.36015657622617,82.85039560346561,80.41880673695827,81.85031127929688,211700,0.0,0.0,AEIS,1d
2020-11-09 00:00:00-05:00,84.31132737257707,88.36070756068679,83.57596864365128,85.01727294921875,427200,0.0,0.0,AEIS,1d
2020-11-10 00:00:00-05:00,84.91921460539773,86.50759192821108,81.86992690891667,82.77196502685547,313700,0.0,0.0,AEIS,1d
2020-11-11 00:00:00-05:00,83.68382212100492,85.38005288583932,83.68382212100492,84.68391418457031,275400,0.0,0.0,AEIS,1d
2020-11-12 00:00:00-05:00,84.59566238792911,84.66429556635272,81.91896094895321,82.82099914550781,260500,0.0,0.0,AEIS,1d
2020-11-13 00:00:00-05:00,84.46818715995555,86.0173443046424,83.91911435447996,84.60545349121094,161300,0.0,0.0,AEIS,1d
2020-11-16 00:00:00-05:00,85.91930777121753,88.8117231446824,85.62516877964086,88.04695129394531,179800,0.0,0.0,AEIS,1d
2020-11-17 00:00:00-05:00,87.02724221919301,87.8018208511703,85.7918376623282,87.2723617553711,172400,0.0,0.0,AEIS,1d
2020-11-18 00:00:00-05:00,87.56649447033382,88.5567794204507,86.37031002215475,86.79191589355469,189400,0.0,0.0,AEIS,1d
2020-11-19 00:00:00-05:00,86.62525180066413,88.30186870875313,86.44876541663079,88.19401550292969,123700,0.0,0.0,AEIS,1d
2020-11-20 00:00:00-05:00,87.3409908169071,89.5274527876884,87.26255077371158,88.33126831054688,212500,0.0,0.0,AEIS,1d
2020-11-23 00:00:00-05:00,89.25292775245514,92.8610877631259,89.02742195954409,92.63558197021484,227600,0.0,0.0,AEIS,1d
2020-11-24 00:00:00-05:00,93.9788265418623,95.8025164480774,92.40025616626262,94.34160614013672,224800,0.0,0.0,AEIS,1d
2020-11-25 00:00:00-05:00,95.49856304004743,96.72416059579636,92.36102880905787,92.55712890625,271200,0.0,0.0,AEIS,1d
2020-11-27 00:00:00-05:00,92.65517638920913,95.72407001474545,92.65517638920913,95.47895050048828,91600,0.0,0.0,AEIS,1d
2020-11-30 00:00:00-05:00,95.47896534243542,95.97901132377793,93.55722894958497,94.5769271850586,260900,0.0,0.0,AEIS,1d
2020-12-01 00:00:00-05:00,95.63584785758376,98.76357581829862,95.35150827202283,97.80270385742188,442600,0.0,0.0,AEIS,1d
2020-12-02 00:00:00-05:00,98.04782414989171,98.09685105414879,96.20452774883766,98.03801727294922,257900,0.0,0.0,AEIS,1d
2020-12-03 00:00:00-05:00,98.60669490059851,99.39108047366808,95.75350715245703,95.99862670898438,251400,0.0,0.0,AEIS,1d
2020-12-04 00:00:00-05:00,96.16529766568378,99.88131071004224,96.16529766568378,98.9498519897461,444500,0.0,0.0,AEIS,1d
2020-12-07 00:00:00-05:00,99.50872363433241,99.97935642962295,97.88113382321391,98.21449279785156,532800,0.0,0.0,AEIS,1d
2020-12-08 00:00:00-05:00,97.76346596983832,100.64607384538508,97.7340528250599,100.33232116699219,343900,0.0,0.0,AEIS,1d
2020-12-09 00:00:00-05:00,101.146142413795,102.39134653132663,94.54752033332925,95.50839233398438,339900,0.0,0.0,AEIS,1d
2020-12-10 00:00:00-05:00,94.85145039672453,95.97900172085902,93.7729259703389,95.72407531738281,196900,0.0,0.0,AEIS,1d
2020-12-11 00:00:00-05:00,94.9200927470043,97.65562783991449,94.12590779374024,96.19471740722656,198900,0.0,0.0,AEIS,1d
2020-12-14 00:00:00-05:00,97.6262134237038,99.56756353815697,96.98890110186309,98.86161804199219,219500,0.0,0.0,AEIS,1d
2020-12-15 00:00:00-05:00,102.37172392763556,102.37172392763556,97.90073862124646,98.52824401855469,269700,0.0,0.0,AEIS,1d
2020-12-16 00:00:00-05:00,99.22437605290347,99.61656877051632,96.20450933232846,98.09683227539062,224600,0.0,0.0,AEIS,1d
2020-12-17 00:00:00-05:00,99.31261915914278,100.04797767129715,96.97908417353621,98.65570068359375,210100,0.0,0.0,AEIS,1d
2020-12-18 00:00:00-05:00,99.24399708121638,99.74404301985561,96.20451638760696,96.86143493652344,523500,0.0,0.0,AEIS,1d
2020-12-21 00:00:00-05:00,95.32208231995462,96.53787307250232,94.5180905751394,95.65544128417969,207000,0.0,0.0,AEIS,1d
2020-12-22 00:00:00-05:00,96.43004552275835,97.7144772652357,95.73390678255461,96.0280532836914,184500,0.0,0.0,AEIS,1d
2020-12-23 00:00:00-05:00,96.2045269945638,97.6556305915501,95.18482873374505,95.28287506103516,161800,0.0,0.0,AEIS,1d
2020-12-24 00:00:00-05:00,96.76336933112783,96.99868193986346,95.21421240600795,96.96926879882812,111800,0.0,0.0,AEIS,1d
2020-12-28 00:00:00-05:00,98.07723178284859,98.998883671755,96.28295490653481,96.39080810546875,152400,0.0,0.0,AEIS,1d
2020-12-29 00:00:00-05:00,96.9398824889494,96.9398824889494,92.85128270297157,93.39054870605469,149600,0.0,0.0,AEIS,1d
2020-12-30 00:00:00-05:00,95.05736177585815,96.73398613847674,94.66517646669772,95.28287506103516,340700,0.0,0.0,AEIS,1d
2020-12-31 00:00:00-05:00,95.17501928606752,95.9594048441116,93.91020150096037,95.07697296142578,174800,0.0,0.0,AEIS,1d
2021-01-04 00:00:00-05:00,97.04773569032281,98.9890783405271,94.86126600925198,96.07705688476562,258200,0.0,0.0,AEIS,1d
2021-01-05 00:00:00-05:00,96.39081264893953,100.13623919808931,96.39081264893953,99.87151336669922,246500,0.0,0.0,AEIS,1d
2021-01-06 00:00:00-05:00,100.1068299710466,105.99950647416864,100.1068299710466,104.18562316894531,430100,0.0,0.0,AEIS,1d
2021-01-07 00:00:00-05:00,105.64652348811023,111.16661292728627,104.44053203995487,109.35272979736328,276100,0.0,0.0,AEIS,1d
2021-01-08 00:00:00-05:00,111.42153862678387,112.82362270893118,108.44088409269257,110.0684814453125,236200,0.0,0.0,AEIS,1d
2021-01-11 00:00:00-05:00,108.21539625681088,111.88238312603046,107.98007607106987,111.62745666503906,231600,0.0,0.0,AEIS,1d
2021-01-12 00:00:00-05:00,112.6177255333656,112.84323132807395,110.34301643114695,111.89217376708984,201000,0.0,0.0,AEIS,1d
2021-01-13 00:00:00-05:00,111.88237079311757,113.69625401230267,109.16644192227082,109.4311752319336,178700,0.0,0.0,AEIS,1d
2021-01-14 00:00:00-05:00,111.79410780892225,117.54951685304248,111.13718928817076,115.40226745605469,429200,0.0,0.0,AEIS,1d
2021-01-15 00:00:00-05:00,113.67666158981248,114.19631391522616,110.02928095349351,113.21583557128906,306500,0.0,0.0,AEIS,1d
2021-01-19 00:00:00-05:00,114.88260263698493,122.08911426351405,114.88260263698493,121.6282958984375,398800,0.0,0.0,AEIS,1d
2021-01-20 00:00:00-05:00,122.44212054427605,123.09904665358091,116.28471836246644,117.07891082763672,394900,0.0,0.0,AEIS,1d
2021-01-21 00:00:00-05:00,117.90250846609331,119.12810626719616,116.42198422783359,117.7456283569336,283000,0.0,0.0,AEIS,1d
2021-01-22 00:00:00-05:00,116.57886419562672,117.41226920327499,114.55907393514887,116.5102310180664,250100,0.0,0.0,AEIS,1d
2021-01-25 00:00:00-05:00,116.6965147959347,116.74554169926084,110.43125955015947,112.28436279296875,342700,0.0,0.0,AEIS,1d
2021-01-26 00:00:00-05:00,112.68634786659653,113.70604598403764,108.42126964531076,109.16642761230469,235900,0.0,0.0,AEIS,1d
2021-01-27 00:00:00-05:00,105.15629481078847,106.85252551498765,101.19516168902577,102.11681365966797,293700,0.0,0.0,AEIS,1d
2021-01-28 00:00:00-05:00,104.74446138591094,106.63678413209959,102.65603856109077,104.86211395263672,357300,0.0,0.0,AEIS,1d
2021-01-29 00:00:00-05:00,104.9699996381811,104.9699996381811,98.98908377583062,100.57746124267578,283800,0.0,0.0,AEIS,1d
2021-02-01 00:00:00-05:00,102.19524403474223,106.7544615892495,101.5775379935976,106.45051574707031,205500,0.0,0.0,AEIS,1d
2021-02-02 00:00:00-05:00,108.37225502209716,109.96063241039015,107.01919778941023,109.62726593017578,293500,0.0,0.0,AEIS,1d
2021-02-03 00:00:00-05:00,110.08807581133861,110.08807581133861,105.70533766909098,106.65640258789062,230300,0.0,0.0,AEIS,1d
2021-02-04 00:00:00-05:00,106.577961165661,111.08816618522259,105.97006956145081,110.82343292236328,292700,0.0,0.0,AEIS,1d
2021-02-05 00:00:00-05:00,112.36281139604799,112.36281139604799,109.51942283724127,110.950927734375,177700,0.0,0.0,AEIS,1d
2021-02-08 00:00:00-05:00,112.56869937733433,114.4904357453475,111.43134855891857,113.86293029785156,275500,0.0,0.0,AEIS,1d
2021-02-09 00:00:00-05:00,113.44131049941049,113.44131049941049,111.23523482649706,112.59809875488281,292900,0.0,0.0,AEIS,1d
2021-02-10 00:00:00-05:00,107.69572872918786,111.27447588230093,102.2246657112703,103.33260345458984,666600,0.0,0.0,AEIS,1d
2021-02-11 00:00:00-05:00,104.91116115780383,108.32322838218663,103.19532440989583,105.94066619873047,554500,0.0,0.0,AEIS,1d
2021-02-12 00:00:00-05:00,105.47003025824615,107.59766596697817,104.69545165174718,106.90152740478516,328000,0.0,0.0,AEIS,1d
2021-02-16 00:00:00-05:00,108.88207284623006,110.18610275681665,107.21525594236293,108.83304595947266,348500,0.0,0.0,AEIS,1d
2021-02-17 00:00:00-05:00,107.17606967519929,108.63698757949419,104.33268887884846,108.44088745117188,296300,0.0,0.0,AEIS,1d
2021-02-18 00:00:00-05:00,106.89172864302142,107.36236146412736,103.82283461102887,103.99932098388672,199000,0.0,0.0,AEIS,1d
2021-02-19 00:00:00-05:00,105.657894022119,108.44507609424502,105.10830302461166,106.48226928710938,330400,0.1,0.0,AEIS,1d
2021-02-22 00:00:00-05:00,104.75500138902471,104.75500138902471,100.56441198273264,102.36038208007812,345300,0.0,0.0,AEIS,1d
2021-02-23 00:00:00-05:00,99.68114455985612,102.78238294519453,95.33352713200122,101.95800018310547,427000,0.0,0.0,AEIS,1d
2021-02-24 00:00:00-05:00,102.37999731350882,107.09073639500232,101.08454518922511,106.77668762207031,383900,0.0,0.0,AEIS,1d
2021-02-25 00:00:00-05:00,105.86400455156453,106.07990704492335,99.1315755412111,99.41618347167969,239900,0.0,0.0,AEIS,1d
2021-02-26 00:00:00-05:00,101.20232276778884,104.0483866789572,97.72815378301988,102.50758361816406,377000,0.0,0.0,AEIS,1d
2021-03-01 00:00:00-05:00,104.48021720065215,109.39705090223572,104.02877248271946,109.29891204833984,235700,0.0,0.0,AEIS,1d
2021-03-02 00:00:00-05:00,110.05459721191765,110.05459721191765,104.62743659527426,104.95130157470703,321600,0.0,0.0,AEIS,1d
2021-03-03 00:00:00-05:00,105.81489535153452,107.6697468465834,103.16510964075395,103.30250549316406,159500,0.0,0.0,AEIS,1d
2021-03-04 00:00:00-05:00,102.97866687068854,103.7245356077539,96.67805836189737,98.13053131103516,413300,0.0,0.0,AEIS,1d
2021-03-05 00:00:00-05:00,101.07472510411016,101.07472510411016,94.6170969954159,100.2994155883789,240400,0.0,0.0,AEIS,1d
2021-03-08 00:00:00-05:00,100.90790346637738,100.90790346637738,94.40120122152292,94.5385971069336,315100,0.0,0.0,AEIS,1d
2021-03-09 00:00:00-05:00,97.58094917470608,103.49881101318661,97.58094917470608,102.0365219116211,311400,0.0,0.0,AEIS,1d
2021-03-10 00:00:00-05:00,103.82267979170796,105.00036102651441,101.5752648213143,101.84024047851562,166200,0.0,0.0,AEIS,1d
2021-03-11 00:00:00-05:00,104.89240426413113,106.7276315200267,103.36141718729678,106.67855834960938,156600,0.0,0.0,AEIS,1d
2021-03-12 00:00:00-05:00,104.54889869279026,105.13773921100592,103.145491589161,104.37224578857422,141800,0.0,0.0,AEIS,1d
2021-03-15 00:00:00-04:00,103.73432372081744,106.02099516065748,102.78236882854631,105.9915542602539,166400,0.0,0.0,AEIS,1d
2021-03-16 00:00:00-04:00,107.56180674920043,108.62172417491203,104.69611073525134,105.47142028808594,281900,0.0,0.0,AEIS,1d
2021-03-17 00:00:00-04:00,105.01016038076318,108.43525603873476,102.07576640681386,108.09176635742188,234100,0.0,0.0,AEIS,1d
2021-03-18 00:00:00-04:00,106.4724533997323,107.01222826793285,101.1630648678119,102.24260711669922,184900,0.0,0.0,AEIS,1d
2021-03-19 00:00:00-04:00,101.95797908765252,102.58607654428208,99.7007487052253,101.38876342773438,929400,0.0,0.0,AEIS,1d
2021-03-22 00:00:00-04:00,103.65582178013602,105.38308623942906,102.01687253848671,102.91976928710938,167000,0.0,0.0,AEIS,1d
2021-03-23 00:00:00-04:00,102.63517123576435,102.63517123576435,97.2668933421222,98.50346374511719,262100,0.0,0.0,AEIS,1d
2021-03-24 00:00:00-04:00,102.10520263053819,105.89342005658327,99.79890631883006,99.9363021850586,434500,0.0,0.0,AEIS,1d
2021-03-25 00:00:00-04:00,98.13052645953904,101.70283433082491,97.57112680627488,100.1816635131836,282900,0.0,0.0,AEIS,1d
2021-03-26 00:00:00-04:00,101.21213467055458,109.40685943305297,101.21213467055458,108.98485565185547,278100,0.0,0.0,AEIS,1d
2021-03-29 00:00:00-04:00,107.27721627991328,108.41564795610917,104.05821393517469,105.53031921386719,375300,0.0,0.0,AEIS,1d
2021-03-30 00:00:00-04:00,104.29374042364364,106.21729775781054,101.61451322161481,104.00914001464844,389500,0.0,0.0,AEIS,1d
2021-03-31 00:00:00-04:00,105.9719361401785,108.50395107146721,105.09848027747987,107.13980102539062,439200,0.0,0.0,AEIS,1d
2021-04-01 00:00:00-04:00,109.70125251487205,115.15785211066962,109.52459963290315,114.52975463867188,343900,0.0,0.0,AEIS,1d
2021-04-05 00:00:00-04:00,117.76841259521527,120.08452530858895,115.41304284580815,118.09227752685547,395600,0.0,0.0,AEIS,1d
2021-04-06 00:00:00-04:00,117.58193881898147,119.14237411664375,115.3639725286136,117.31696319580078,221000,0.0,0.0,AEIS,1d
2021-04-07 00:00:00-04:00,116.88515010032596,116.98328894841323,114.31387783787396,115.48174285888672,132200,0.0,0.0,AEIS,1d
2021-04-08 00:00:00-04:00,118.08244403017169,118.08244403017169,114.52976141051964,116.38461303710938,188200,0.0,0.0,AEIS,1d
2021-04-09 00:00:00-04:00,115.20695287579687,116.52203742060533,114.05871261158968,116.24723815917969,158800,0.0,0.0,AEIS,1d
2021-04-12 00:00:00-04:00,116.63979715681829,117.80766964452359,115.63876894415233,117.3071517944336,205100,0.0,0.0,AEIS,1d
2021-04-13 00:00:00-04:00,117.78803293294013,118.29836689463863,111.13411906993511,112.52771759033203,189300,0.0,0.0,AEIS,1d
2021-04-14 00:00:00-04:00,111.98793509839494,114.81437400624006,110.78080570245845,111.19300079345703,193000,0.0,0.0,AEIS,1d
2021-04-15 00:00:00-04:00,113.68576916995775,113.75447459772835,110.70230934665602,113.63670349121094,191500,0.0,0.0,AEIS,1d
2021-04-16 00:00:00-04:00,114.09797940580263,115.11864000154914,113.19508244465175,114.57886505126953,202200,0.0,0.0,AEIS,1d
2021-04-19 00:00:00-04:00,113.50911418935944,115.01066010540616,107.90529451458372,109.88773345947266,174000,0.0,0.0,AEIS,1d
2021-04-20 00:00:00-04:00,110.64341869352154,110.74155753732623,104.27411263917155,105.2555160522461,251400,0.0,0.0,AEIS,1d
2021-04-21 00:00:00-04:00,106.51170265903652,113.15580742434791,105.55974022689335,112.998779296875,187500,0.0,0.0,AEIS,1d
2021-04-22 00:00:00-04:00,113.19508720470789,113.70542126779905,109.41668485640676,110.77102661132812,302900,0.0,0.0,AEIS,1d
2021-04-23 00:00:00-04:00,111.42854289903352,115.7663441286495,111.35002883005522,114.2549819946289,175200,0.0,0.0,AEIS,1d
2021-04-26 00:00:00-04:00,115.10880367687065,117.8763609171007,115.10880367687065,117.49361419677734,249300,0.0,0.0,AEIS,1d
2021-04-27 00:00:00-04:00,117.52305024939204,118.70073126523658,115.0106600889166,115.3050765991211,133200,0.0,0.0,AEIS,1d
2021-04-28 00:00:00-04:00,114.19609541876832,114.88307477486158,113.06748005874645,114.50032806396484,137600,0.0,0.0,AEIS,1d
2021-04-29 00:00:00-04:00,116.50237608992316,116.50237608992316,111.5266620323239,112.38048553466797,114300,0.0,0.0,AEIS,1d
2021-04-30 00:00:00-04:00,109.14187050881495,110.74155534495219,107.95437330100553,108.25860595703125,204600,0.0,0.0,AEIS,1d
2021-05-03 00:00:00-04:00,109.48535150693522,109.60312260032764,106.33504776194059,106.34486389160156,310200,0.0,0.0,AEIS,1d
2021-05-04 00:00:00-04:00,104.3133669447245,104.3133669447245,100.16202732153732,101.32008361816406,361700,0.0,0.0,AEIS,1d
2021-05-05 00:00:00-04:00,95.09797830717285,98.30716370376757,89.79839915464224,91.93785858154297,904700,0.0,0.0,AEIS,1d
2021-05-06 00:00:00-04:00,90.79942210687953,90.79942210687953,87.49209806617377,88.72866821289062,671300,0.0,0.0,AEIS,1d
2021-05-07 00:00:00-04:00,90.17134889842617,91.05461352647474,88.05152127862397,88.44408416748047,591500,0.0,0.0,AEIS,1d
2021-05-10 00:00:00-04:00,88.139836615566,88.76793419012469,83.4781704836769,83.89036560058594,482500,0.0,0.0,AEIS,1d
2021-05-11 00:00:00-04:00,80.19046331507799,86.23591128009942,80.19046331507799,85.38208770751953,363800,0.0,0.0,AEIS,1d
2021-05-12 00:00:00-04:00,86.07890400651932,88.41464174738327,84.63623959781827,86.81495666503906,463500,0.0,0.0,AEIS,1d
2021-05-13 00:00:00-04:00,88.32630343868661,90.73073870395656,88.00243852907485,90.11245727539062,367200,0.0,0.0,AEIS,1d
2021-05-14 00:00:00-04:00,92.06543741745226,92.59539607631265,89.6315615258482,91.98693084716797,234500,0.0,0.0,AEIS,1d
2021-05-17 00:00:00-04:00,90.43632595896915,91.90843107771249,87.5215566258551,91.87899017333984,224200,0.0,0.0,AEIS,1d
2021-05-18 00:00:00-04:00,92.65428315131985,92.88981783157469,89.87691019504136,90.04374694824219,237000,0.0,0.0,AEIS,1d
2021-05-19 00:00:00-04:00,87.92394604797201,93.47869408860961,87.92394604797201,93.1744613647461,204600,0.0,0.0,AEIS,1d
2021-05-20 00:00:00-04:00,93.62587007800231,97.35519787696127,92.2813449511007,96.53082275390625,246000,0.0,0.0,AEIS,1d
2021-05-21 00:00:00-04:00,97.78832452704319,97.78832452704319,95.89228781372243,96.33436584472656,277800,0.1,0.0,AEIS,1d
2021-05-24 00:00:00-04:00,96.91397818943808,98.70194988736763,96.48171882450985,98.25004577636719,238200,0.0,0.0,AEIS,1d
2021-05-25 00:00:00-04:00,99.21281253487402,100.08715003828158,97.78833210666222,98.42689514160156,252300,0.0,0.0,AEIS,1d
2021-05-26 00:00:00-04:00,98.16162560824327,99.47804844812165,96.95327510465056,98.39740753173828,199300,0.0,0.0,AEIS,1d
2021-05-27 00:00:00-04:00,98.61353045191979,100.9320002509168,98.32863291359607,100.20502471923828,181600,0.0,0.0,AEIS,1d
2021-05-28 00:00:00-04:00,100.8239436274925,100.8239436274925,98.83949431326953,100.21485900878906,159600,0.0,0.0,AEIS,1d
2021-06-01 00:00:00-04:00,101.16777358040133,101.85545206610968,99.91029257132506,101.67861938476562,235900,0.0,0.0,AEIS,1d
2021-06-02 00:00:00-04:00,102.15018954002659,102.15018954002659,100.39168860816692,101.64916229248047,455800,0.0,0.0,AEIS,1d
2021-06-03 00:00:00-04:00,100.56850202408212,100.56850202408212,97.8472441086035,99.03594970703125,262100,0.0,0.0,AEIS,1d
2021-06-04 00:00:00-04:00,99.97905584642326,101.2954785240176,98.21073660900659,100.99093627929688,180300,0.0,0.0,AEIS,1d
2021-06-07 00:00:00-04:00,101.23654586672203,101.4624941668736,99.74329038210726,101.16777801513672,181800,0.0,0.0,AEIS,1d
2021-06-08 00:00:00-04:00,102.35649445114478,102.54314578491704,99.8611917971086,101.22673034667969,190800,0.0,0.0,AEIS,1d
2021-06-09 00:00:00-04:00,101.5705609343501,101.91440019881,98.87878105597768,99.71382141113281,193000,0.0,0.0,AEIS,1d
2021-06-10 00:00:00-04:00,99.84153010091627,101.22672076191633,99.25209029639586,101.0400619506836,162500,0.0,0.0,AEIS,1d
2021-06-11 00:00:00-04:00,101.74739423102447,103.40765632587653,101.45267057680361,102.71015167236328,194000,0.0,0.0,AEIS,1d
2021-06-14 00:00:00-04:00,103.09326286086268,104.73387231581641,101.6294785612896,104.00689697265625,287400,0.0,0.0,AEIS,1d
2021-06-15 00:00:00-04:00,104.1641011988237,104.59636055336516,102.3564847982572,103.27993774414062,312200,0.0,0.0,AEIS,1d
2021-06-16 00:00:00-04:00,103.6336087518443,104.0855128765179,102.16983153332178,103.24064636230469,282900,0.0,0.0,AEIS,1d
2021-06-17 00:00:00-04:00,102.9557546535265,103.65325932353203,101.16778293030742,102.75926971435547,251800,0.0,0.0,AEIS,1d
2021-06-18 00:00:00-04:00,101.33480507292889,102.62174976786237,99.97908501737066,102.16984558105469,437500,0.0,0.0,AEIS,1d
2021-06-21 00:00:00-04:00,102.80838385921085,103.83990159316944,101.16777410962904,103.32905578613281,206500,0.0,0.0,AEIS,1d
2021-06-22 00:00:00-04:00,102.90661654047227,104.44898748619003,101.66878783714775,104.25251007080078,222400,0.0,0.0,AEIS,1d
2021-06-23 00:00:00-04:00,104.70442944553264,106.40398107326031,103.80062121025932,105.5984115600586,202600,0.0,0.0,AEIS,1d
2021-06-24 00:00:00-04:00,106.88535855344517,107.88740546391814,106.20749866113087,107.74004364013672,134400,0.0,0.0,AEIS,1d
2021-06-25 00:00:00-04:00,108.31967421731495,109.78345147163245,107.46498156130086,109.56732177734375,597000,0.0,0.0,AEIS,1d
2021-06-28 00:00:00-04:00,110.35325059850734,112.13139633793848,109.1252477408594,111.59107208251953,255900,0.0,0.0,AEIS,1d
2021-06-29 00:00:00-04:00,111.17845785728493,112.711010422948,110.83461857801679,111.60089111328125,244300,0.0,0.0,AEIS,1d
2021-06-30 00:00:00-04:00,111.67949393165377,111.69913867982402,109.50838574480687,110.7265625,186800,0.0,0.0,AEIS,1d
2021-07-01 00:00:00-04:00,111.15880460717331,111.21774633764342,108.6045605199766,109.04663848876953,146300,0.0,0.0,AEIS,1d
2021-07-02 00:00:00-04:00,110.30409678982811,110.6381173716244,107.23900730700298,107.56319427490234,159800,0.0,0.0,AEIS,1d
2021-07-06 00:00:00-04:00,107.66145101159981,108.12318123414774,105.4215752465989,108.06423950195312,268100,0.0,0.0,AEIS,1d
2021-07-07 00:00:00-04:00,108.70280160436916,109.87185508992275,106.6397585464938,107.74987030029297,196400,0.0,0.0,AEIS,1d
2021-07-08 00:00:00-04:00,104.8812484741211,106.09942495833883,102.1206935243479,104.8812484741211,162400,0.0,0.0,AEIS,1d
2021-07-09 00:00:00-04:00,104.85178118492975,105.95206675845124,103.79078510034832,104.80265808105469,215000,0.0,0.0,AEIS,1d
2021-07-12 00:00:00-04:00,104.92056253421259,105.9815512601863,103.94797891729645,105.81454467773438,169800,0.0,0.0,AEIS,1d
2021-07-13 00:00:00-04:00,105.21527766957581,106.27627388019226,104.04622410883817,104.44900512695312,157700,0.0,0.0,AEIS,1d
2021-07-14 00:00:00-04:00,105.49036043400999,106.46294414584467,101.0597312828588,101.37409973144531,178400,0.0,0.0,AEIS,1d
2021-07-15 00:00:00-04:00,100.91233762757959,100.92216374650766,96.60941194327053,98.2205581665039,189900,0.0,0.0,AEIS,1d
2021-07-16 00:00:00-04:00,99.20297647300207,99.32085993895076,94.49726908211308,94.50708770751953,242000,0.0,0.0,AEIS,1d
2021-07-19 00:00:00-04:00,92.49316373068433,94.3990188010611,90.19433880695806,92.93524169921875,297700,0.0,0.0,AEIS,1d
2021-07-20 00:00:00-04:00,93.80958452143145,98.8787835003876,92.96471802493876,97.52306365966797,233000,0.0,0.0,AEIS,1d
2021-07-21 00:00:00-04:00,98.2598765757394,102.16001497850213,97.45430697456148,101.48216247558594,236300,0.0,0.0,AEIS,1d
2021-07-22 00:00:00-04:00,100.79446417088732,101.48215020762599,98.60371146325096,99.30121612548828,120500,0.0,0.0,AEIS,1d
2021-07-23 00:00:00-04:00,99.98890055562958,100.38186295760342,99.10473702497207,99.56646728515625,133600,0.0,0.0,AEIS,1d
2021-07-26 00:00:00-04:00,99.6745428446784,101.10884939515748,98.29917803753256,98.42689514160156,130700,0.0,0.0,AEIS,1d
2021-07-27 00:00:00-04:00,97.60165626980734,98.0732126197955,93.49521480770981,95.85298156738281,198400,0.0,0.0,AEIS,1d
2021-07-28 00:00:00-04:00,96.70766515398118,100.84357709691402,96.26557971175708,99.85134887695312,168000,0.0,0.0,AEIS,1d
2021-07-29 00:00:00-04:00,99.33069568428087,101.68846266845475,98.34829339880297,100.51940155029297,158700,0.0,0.0,AEIS,1d
2021-07-30 00:00:00-04:00,99.42892244925206,103.05398884489459,99.07525706942675,101.92422485351562,133400,0.0,0.0,AEIS,1d
2021-08-02 00:00:00-04:00,102.98521371452405,104.74371436905868,101.08917736590362,101.18741607666016,113100,0.0,0.0,AEIS,1d
2021-08-03 00:00:00-04:00,101.94387015062381,102.68067178005776,98.51528866696191,101.0400619506836,195600,0.0,0.0,AEIS,1d
2021-08-04 00:00:00-04:00,90.23365248358522,93.71135763012659,88.12148597571101,88.77970123291016,516300,0.0,0.0,AEIS,1d
2021-08-05 00:00:00-04:00,87.23732113560914,90.47924400174857,86.28438977204725,90.40065002441406,446200,0.0,0.0,AEIS,1d
2021-08-06 00:00:00-04:00,90.73466529830024,92.53246307373047,89.5950751799509,92.53246307373047,210800,0.0,0.0,AEIS,1d
2021-08-09 00:00:00-04:00,93.03348500098713,95.04741250165985,91.37323038576291,91.38304901123047,218200,0.0,0.0,AEIS,1d
2021-08-10 00:00:00-04:00,93.37733583661172,93.37733583661172,87.74816770798002,88.02323913574219,295800,0.0,0.0,AEIS,1d
2021-08-11 00:00:00-04:00,88.19023624173921,88.20006236171328,86.41209077823837,87.83657836914062,390100,0.0,0.0,AEIS,1d
2021-08-12 00:00:00-04:00,86.99171710007258,87.00153572549621,84.53571162006075,85.25286102294922,252100,0.0,0.0,AEIS,1d
2021-08-13 00:00:00-04:00,85.72440880728955,86.1861389906166,83.53364884016332,85.08584594726562,216500,0.0,0.0,AEIS,1d
2021-08-16 00:00:00-04:00,84.45711286933427,85.57705070527004,83.71048514699925,84.11327362060547,189600,0.0,0.0,AEIS,1d
2021-08-17 00:00:00-04:00,83.15051574969078,84.22133796971143,80.38014204069378,81.4214859008789,309500,0.0,0.0,AEIS,1d
2021-08-18 00:00:00-04:00,82.66915208287834,84.37852992501195,82.62002897158399,82.9835205078125,314600,0.0,0.0,AEIS,1d
2021-08-19 00:00:00-04:00,81.62779640486745,82.97369013697622,81.12677667197067,81.70639038085938,204700,0.0,0.0,AEIS,1d
2021-08-20 00:00:00-04:00,81.23425474259187,82.276859601384,80.68344972567526,81.37196350097656,201300,0.1,0.0,AEIS,1d
2021-08-23 00:00:00-04:00,81.99163338844099,82.9063675956723,81.3227953927863,82.22769165039062,490000,0.0,0.0,AEIS,1d
2021-08-24 00:00:00-04:00,82.88669253355452,85.68007742743903,82.88669253355452,85.4341812133789,287700,0.0,0.0,AEIS,1d
2021-08-25 00:00:00-04:00,85.33580882293903,87.17510736940027,85.33580882293903,86.3488998413086,217500,0.0,0.0,AEIS,1d
2021-08-26 00:00:00-04:00,86.3587367883288,87.17510635900815,85.48334703478729,86.27021026611328,154900,0.0,0.0,AEIS,1d
2021-08-27 00:00:00-04:00,86.7030074187425,90.30292412531091,86.7030074187425,89.59474182128906,255200,0.0,0.0,AEIS,1d
2021-08-30 00:00:00-04:00,90.25373793299585,91.3258416986633,88.66032795112076,88.9750747680664,147200,0.0,0.0,AEIS,1d
2021-08-31 00:00:00-04:00,89.0832816431855,89.33901581131725,87.21446888374342,88.6996841430664,220900,0.0,0.0,AEIS,1d
2021-09-01 00:00:00-04:00,89.07342946274638,89.55539137648724,87.58822194486011,88.16853332519531,161900,0.0,0.0,AEIS,1d
2021-09-02 00:00:00-04:00,88.14887966247404,89.36852281272282,87.85380119675972,88.43412017822266,143600,0.0,0.0,AEIS,1d
2021-09-03 00:00:00-04:00,88.34559535304818,88.97508908825398,87.2144712180462,87.63741302490234,124600,0.0,0.0,AEIS,1d
2021-09-07 00:00:00-04:00,87.9718347695377,88.4144449674018,86.66366506771578,87.86363983154297,165700,0.0,0.0,AEIS,1d
2021-09-08 00:00:00-04:00,87.8636296132883,87.8636296132883,84.23419939792768,84.53910827636719,200800,0.0,0.0,AEIS,1d
2021-09-09 00:00:00-04:00,84.34240456881834,85.95548319289233,84.09650834558563,84.75550842285156,147100,0.0,0.0,AEIS,1d
2021-09-10 00:00:00-04:00,85.71940828951962,87.59805116838439,85.32597290784538,85.59153747558594,178300,0.0,0.0,AEIS,1d
2021-09-13 00:00:00-04:00,86.42760335571184,86.8800514856095,84.59813493681959,86.6341552734375,168300,0.0,0.0,AEIS,1d
2021-09-14 00:00:00-04:00,85.50302629268364,86.12268201032096,84.10633768864984,84.35223388671875,230300,0.0,0.0,AEIS,1d
2021-09-15 00:00:00-04:00,84.31289736938663,86.35875572697488,83.56537075716072,86.26039123535156,189600,0.0,0.0,AEIS,1d
2021-09-16 00:00:00-04:00,85.45384845991012,86.28006363020681,84.86369905493066,85.0309066772461,262000,0.0,0.0,AEIS,1d
2021-09-17 00:00:00-04:00,85.3161316250712,86.54561245465148,83.88009891662008,85.62104797363281,669200,0.0,0.0,AEIS,1d
2021-09-20 00:00:00-04:00,83.20141804907266,83.60469133870079,81.46047660184792,82.74897003173828,253600,0.0,0.0,AEIS,1d
2021-09-21 00:00:00-04:00,83.48667772076301,84.17519160468473,81.48016376581782,83.36865234375,182900,0.0,0.0,AEIS,1d
2021-09-22 00:00:00-04:00,84.2833939428625,86.50629045238946,83.90962687172492,86.19154357910156,174800,0.0,0.0,AEIS,1d
2021-09-23 00:00:00-04:00,86.20137605609288,89.44720907790858,86.05383682707273,89.19147491455078,226600,0.0,0.0,AEIS,1d
2021-09-24 00:00:00-04:00,88.30623506644554,89.69309312529741,87.4996958952481,89.14228057861328,155500,0.0,0.0,AEIS,1d
2021-09-27 00:00:00-04:00,88.81772059051823,90.36194860280492,88.54231051155675,90.25375366210938,184200,0.0,0.0,AEIS,1d
2021-09-28 00:00:00-04:00,89.21113161804413,90.31274921230842,88.040670897304,88.55213165283203,367500,0.0,0.0,AEIS,1d
2021-09-29 00:00:00-04:00,88.75868969531757,89.6537554597107,87.95215046453175,88.73902130126953,345500,0.0,0.0,AEIS,1d
2021-09-30 00:00:00-04:00,89.44720837533303,90.31276033907874,86.29973236286742,86.3095703125,205300,0.0,0.0,AEIS,1d
2021-10-01 00:00:00-04:00,87.35216571635266,88.33575053920687,85.68991246855558,87.39151000976562,191800,0.0,0.0,AEIS,1d
2021-10-04 00:00:00-04:00,86.8603846766516,87.98167092117122,83.72275378379584,83.90962982177734,183200,0.0,0.0,AEIS,1d
2021-10-05 00:00:00-04:00,84.66697653968042,85.0407360407946,83.31946273929952,84.01780700683594,202700,0.0,0.0,AEIS,1d
2021-10-06 00:00:00-04:00,83.47683607949274,84.4505828300343,82.50308182479547,84.00797271728516,231300,0.0,0.0,AEIS,1d
2021-10-07 00:00:00-04:00,85.18826955369451,87.16527685744735,84.3030418427488,86.95872497558594,346700,0.0,0.0,AEIS,1d
2021-10-08 00:00:00-04:00,87.27348710183979,87.79478587203016,85.79810982583375,86.02433013916016,131700,0.0,0.0,AEIS,1d
2021-10-11 00:00:00-04:00,85.75874210531259,86.00463825081087,84.29319567515131,84.44073486328125,179300,0.0,0.0,AEIS,1d
2021-10-12 00:00:00-04:00,84.04732147427616,84.93254933003257,83.2014379125708,84.05715942382812,267400,0.0,0.0,AEIS,1d
2021-10-13 00:00:00-04:00,84.93253792440149,85.36531759668794,83.29979121340806,84.06698608398438,131000,0.0,0.0,AEIS,1d
2021-10-14 00:00:00-04:00,85.61123687289798,86.18171795771927,84.27356071049661,85.95549011230469,212500,0.0,0.0,AEIS,1d
2021-10-15 00:00:00-04:00,87.30298994244207,87.41118487200556,86.23087859608289,86.98824310302734,263600,0.0,0.0,AEIS,1d
2021-10-18 00:00:00-04:00,86.25054762495189,86.4570995183517,85.55220336512707,85.80792999267578,94500,0.0,0.0,AEIS,1d
2021-10-19 00:00:00-04:00,86.17186061637503,87.05708839291037,86.04399730026952,86.55545806884766,100500,0.0,0.0,AEIS,1d
2021-10-20 00:00:00-04:00,86.80134887193701,87.34232345297112,85.94562749034368,86.12267303466797,110400,0.0,0.0,AEIS,1d
2021-10-21 00:00:00-04:00,85.31614083462627,86.06366736086727,84.2341990886352,84.82434844970703,207100,0.0,0.0,AEIS,1d
2021-10-22 00:00:00-04:00,84.32272418565962,86.16202287130909,83.44732685157109,83.77191162109375,124400,0.0,0.0,AEIS,1d
2021-10-25 00:00:00-04:00,84.28339154872545,85.3850018218623,83.57520922790481,84.4112548828125,106800,0.0,0.0,AEIS,1d
2021-10-26 00:00:00-04:00,85.0210659468155,85.0210659468155,83.37847375452048,83.8801040649414,153500,0.0,0.0,AEIS,1d
2021-10-27 00:00:00-04:00,84.047320774045,84.77517895168997,83.19160677407376,83.36865234375,134900,0.0,0.0,AEIS,1d
2021-10-28 00:00:00-04:00,84.18501957763166,89.81112584416263,84.06699420408485,89.7324447631836,200600,0.0,0.0,AEIS,1d
2021-10-29 00:00:00-04:00,89.02426566475589,90.60783785206647,89.02426566475589,90.31275939941406,179000,0.0,0.0,AEIS,1d
2021-11-01 00:00:00-04:00,90.77504130699734,93.04711977400635,90.77504130699734,92.47663879394531,207000,0.0,0.0,AEIS,1d
2021-11-02 00:00:00-04:00,92.78155979673073,92.97827376314972,90.2439091074792,90.65701293945312,103500,0.0,0.0,AEIS,1d
2021-11-03 00:00:00-04:00,90.93240504840168,92.72252895214152,90.02750890017185,92.28975677490234,111400,0.0,0.0,AEIS,1d
2021-11-04 00:00:00-04:00,93.27335089730774,93.56842184276155,91.85698634582799,92.4274673461914,190000,0.0,0.0,AEIS,1d
2021-11-05 00:00:00-04:00,93.44054977825043,94.66019274787655,92.07336759761694,93.58808898925781,160600,0.0,0.0,AEIS,1d
2021-11-08 00:00:00-05:00,94.07987966580323,94.77822391425518,92.99793797811931,93.45038604736328,196800,0.0,0.0,AEIS,1d
2021-11-09 00:00:00-05:00,89.64391244647544,94.32577790185029,86.5062747300334,91.1291275024414,343400,0.0,0.0,AEIS,1d
2021-11-10 00:00:00-05:00,90.28324361735189,92.9290889526434,89.5652234598385,91.71927642822266,172300,0.0,0.0,AEIS,1d
2021-11-11 00:00:00-05:00,92.4963295901955,93.91269431939881,89.14230130900093,92.43731689453125,333600,0.0,0.0,AEIS,1d
2021-11-12 00:00:00-05:00,93.28318452621257,93.28318452621257,89.6242551502766,89.86031341552734,189500,0.0,0.0,AEIS,1d
2021-11-15 00:00:00-05:00,90.71601488198225,91.10944273566832,88.40458496872239,89.1816177368164,194700,0.0,0.0,AEIS,1d
2021-11-16 00:00:00-05:00,88.68001870777633,89.7226163065805,88.13904400793041,89.26033020019531,148300,0.0,0.0,AEIS,1d
2021-11-17 00:00:00-05:00,89.2308041172953,89.7619407494406,87.1947841128162,88.27672576904297,184000,0.0,0.0,AEIS,1d
2021-11-18 00:00:00-05:00,88.8570654158902,88.8570654158902,84.9620697112217,87.75545501708984,328400,0.0,0.0,AEIS,1d
2021-11-19 00:00:00-05:00,87.73574357061064,89.33094164010429,87.72589458212013,88.2182388305664,251500,0.1,0.0,AEIS,1d
2021-11-22 00:00:00-05:00,89.27186224153483,90.15807587378461,87.60773628694776,87.92283630371094,196700,0.0,0.0,AEIS,1d
2021-11-23 00:00:00-05:00,88.365943477,89.39986940223973,86.34733656890025,89.21277618408203,270400,0.0,0.0,AEIS,1d
2021-11-24 00:00:00-05:00,88.73026989609095,90.39439565056135,87.88343729426616,90.00051879882812,406600,0.0,0.0,AEIS,1d
2021-11-26 00:00:00-05:00,87.34186097351507,87.90313307963851,85.03769364708509,86.54426574707031,328300,0.0,0.0,AEIS,1d
2021-11-29 00:00:00-05:00,88.50379324205036,90.17776807791383,86.69197013979043,87.39109802246094,170000,0.0,0.0,AEIS,1d
2021-11-30 00:00:00-05:00,86.64273785393691,88.31671278911894,84.85060510838277,86.34733581542969,220400,0.0,0.0,AEIS,1d
2021-12-01 00:00:00-05:00,88.61210093456083,90.37469395117346,87.18430585752402,87.23353576660156,297800,0.0,0.0,AEIS,1d
2021-12-02 00:00:00-05:00,87.13508703315264,87.82437352053489,84.43704252988837,85.72698211669922,213300,0.0,0.0,AEIS,1d
2021-12-03 00:00:00-05:00,86.24884931015977,86.24884931015977,83.85606382230851,85.13615417480469,206800,0.0,0.0,AEIS,1d
2021-12-06 00:00:00-05:00,86.13070431160646,87.89329762841437,83.62959461967343,87.50926971435547,216300,0.0,0.0,AEIS,1d
2021-12-07 00:00:00-05:00,89.3309484416188,92.03884201424796,88.1296271819309,91.05415344238281,106900,0.0,0.0,AEIS,1d
2021-12-08 00:00:00-05:00,91.31016252725189,92.54102307968527,89.93159720601118,91.68434143066406,150800,0.0,0.0,AEIS,1d
2021-12-09 00:00:00-05:00,91.566184507243,91.74342874354497,86.10116766099064,86.56397247314453,184900,0.0,0.0,AEIS,1d
2021-12-10 00:00:00-05:00,87.60773356094936,87.60773356094936,84.76198451019279,85.45126342773438,165900,0.0,0.0,AEIS,1d
2021-12-13 00:00:00-05:00,85.07707050652698,85.77619829706477,83.21601022307026,84.05299377441406,200200,0.0,0.0,AEIS,1d
2021-12-14 00:00:00-05:00,83.11754068168193,84.62411253648469,82.08361499060241,83.72804260253906,256400,0.0,0.0,AEIS,1d
2021-12-15 00:00:00-05:00,83.96437416900615,86.31778628949077,82.07377429791727,86.16023254394531,256000,0.0,0.0,AEIS,1d
2021-12-16 00:00:00-05:00,87.15477945644592,87.33202368332485,82.81229965420071,83.62959289550781,288300,0.0,0.0,AEIS,1d
2021-12-17 00:00:00-05:00,88.46440954927249,88.46440954927249,83.58035558379224,85.05738830566406,1114400,0.0,0.0,AEIS,1d
2021-12-20 00:00:00-05:00,83.3440272799106,84.36810413836866,81.35495997675507,83.10770416259766,311100,0.0,0.0,AEIS,1d
2021-12-21 00:00:00-05:00,84.72258679892605,86.57379819815445,84.5847310305035,85.84513092041016,208100,0.0,0.0,AEIS,1d
2021-12-22 00:00:00-05:00,85.42170713645534,87.12522114338405,84.98844189508208,86.83966064453125,139400,0.0,0.0,AEIS,1d
2021-12-23 00:00:00-05:00,87.10551535873932,88.0311246504484,86.35715023964316,87.68648529052734,115000,0.0,0.0,AEIS,1d
2021-12-27 00:00:00-05:00,87.90313769372646,89.4884867545602,87.15477985466448,89.19308471679688,103100,0.0,0.0,AEIS,1d
2021-12-28 00:00:00-05:00,89.3506296569015,89.5574133340752,88.10992759385925,89.02568817138672,121100,0.0,0.0,AEIS,1d
2021-12-29 00:00:00-05:00,89.27184378955715,91.39876658494164,88.700722779541,91.13290405273438,148800,0.0,0.0,AEIS,1d
2021-12-30 00:00:00-05:00,90.84733682394682,92.74778537949449,90.5617763400736,90.86702728271484,251500,0.0,0.0,AEIS,1d
2021-12-31 00:00:00-05:00,91.00489482563722,91.54647641913067,89.53771129859477,89.66571807861328,137600,0.0,0.0,AEIS,1d
2022-01-03 00:00:00-05:00,89.83313730579684,91.39878845214844,89.36048350897572,91.39878845214844,193500,0.0,0.0,AEIS,1d
2022-01-04 00:00:00-05:00,91.8812726607741,92.23576108755802,90.21715436498017,91.47755432128906,108900,0.0,0.0,AEIS,1d
2022-01-05 00:00:00-05:00,91.35940410279736,93.02353018611866,88.05084991455078,88.05084991455078,175700,0.0,0.0,AEIS,1d
2022-01-06 00:00:00-05:00,89.69527371912058,91.57603239916193,88.28717634699252,90.3944091796875,157600,0.0,0.0,AEIS,1d
2022-01-07 00:00:00-05:00,89.9709896425647,91.0738359384949,88.18869837490274,88.19854736328125,186100,0.0,0.0,AEIS,1d
2022-01-10 00:00:00-05:00,87.74559624756836,87.75544523647287,85.56943547946814,87.43049621582031,148700,0.0,0.0,AEIS,1d
2022-01-11 00:00:00-05:00,87.49940216228872,89.153678792107,86.29808124494055,88.86811828613281,125300,0.0,0.0,AEIS,1d
2022-01-12 00:00:00-05:00,89.56725164384889,91.63509568162891,87.77511914276275,90.81781005859375,203900,0.0,0.0,AEIS,1d
2022-01-13 00:00:00-05:00,91.86157958667118,93.84080532785116,90.06944704113505,90.7193374633789,247100,0.0,0.0,AEIS,1d
2022-01-14 00:00:00-05:00,89.60664298594288,92.57055712669155,88.72042193741282,92.29484558105469,191700,0.0,0.0,AEIS,1d
2022-01-18 00:00:00-05:00,91.66462958833823,92.0782043809511,87.72587641638101,87.73572540283203,243900,0.0,0.0,AEIS,1d
2022-01-19 00:00:00-05:00,88.50379114677065,88.61210747233888,84.35825386276619,84.79151916503906,314800,0.0,0.0,AEIS,1d
2022-01-20 00:00:00-05:00,84.91953429176478,87.71605354341864,83.6591342114723,83.80683898925781,161600,0.0,0.0,AEIS,1d
2022-01-21 00:00:00-05:00,83.15695038778365,87.2631076147856,82.73353398356342,84.55521392822266,282600,0.0,0.0,AEIS,1d
2022-01-24 00:00:00-05:00,82.67445273327294,86.85937922145571,80.133954379781,86.65259552001953,263000,0.0,0.0,AEIS,1d
2022-01-25 00:00:00-05:00,85.24448838145945,85.24448838145945,82.38889005351145,82.90093231201172,229700,0.0,0.0,AEIS,1d
2022-01-26 00:00:00-05:00,84.82105917607774,88.66134548391722,83.54096123593911,84.8013687133789,229300,0.0,0.0,AEIS,1d
2022-01-27 00:00:00-05:00,84.39764597035712,84.8013718400442,78.0267105102539,78.0267105102539,441200,0.0,0.0,AEIS,1d
2022-01-28 00:00:00-05:00,77.94792936932735,80.6459732055664,76.59890369492007,80.6459732055664,224600,0.0,0.0,AEIS,1d
2022-01-31 00:00:00-05:00,80.51795660517692,85.02783068887315,79.75974994212443,84.86043548583984,244900,0.0,0.0,AEIS,1d
2022-02-01 00:00:00-05:00,85.28387108461881,85.79590579607463,82.73352397807234,85.07708740234375,417000,0.0,0.0,AEIS,1d
2022-02-02 00:00:00-05:00,85.07706978286191,87.07598581012188,84.74227185762687,85.175537109375,296200,0.0,0.0,AEIS,1d
2022-02-03 00:00:00-05:00,84.75212681592159,85.69742673969152,82.50703855789601,82.5858154296875,205300,0.0,0.0,AEIS,1d
2022-02-04 00:00:00-05:00,82.82215269638164,82.82215269638164,80.88231509408524,81.42389678955078,197900,0.0,0.0,AEIS,1d
2022-02-07 00:00:00-05:00,81.61097098255992,83.37356410052523,79.9173132639035,81.77837371826172,349700,0.0,0.0,AEIS,1d
2022-02-08 00:00:00-05:00,81.95562118984036,83.37356741798665,81.62082321769124,82.40857696533203,342300,0.0,0.0,AEIS,1d
2022-02-09 00:00:00-05:00,83.9840669957381,86.27839256472593,82.62519983029188,84.35824584960938,318900,0.0,0.0,AEIS,1d
2022-02-10 00:00:00-05:00,81.95562959247627,87.58804166904712,81.95562959247627,84.27948760986328,483200,0.0,0.0,AEIS,1d
2022-02-11 00:00:00-05:00,84.08254995140442,85.09677789881219,80.38011910825217,80.80353546142578,273000,0.0,0.0,AEIS,1d
2022-02-14 00:00:00-05:00,78.34181070288231,82.42826927419684,78.34181070288231,81.0201644897461,208700,0.0,0.0,AEIS,1d
2022-02-15 00:00:00-05:00,82.654766993016,86.88892364501953,81.35497828640133,86.88892364501953,252800,0.0,0.0,AEIS,1d
2022-02-16 00:00:00-05:00,86.04206088785853,87.88343071206712,85.09676102204452,87.74557495117188,196800,0.0,0.0,AEIS,1d
2022-02-17 00:00:00-05:00,86.8386498278786,87.59771594391889,85.00507864079292,85.1430892944336,115400,0.1,0.0,AEIS,1d
2022-02-18 00:00:00-05:00,84.83750700651338,85.86273460889343,83.96015014389339,85.10367584228516,131700,0.0,0.0,AEIS,1d
2022-02-22 00:00:00-05:00,84.18687286953197,85.88244103716126,81.46607726284735,82.43215942382812,119100,0.0,0.0,AEIS,1d
2022-02-23 00:00:00-05:00,83.52639582805605,84.72905915365587,81.29849749778188,81.64352416992188,200300,0.0,0.0,AEIS,1d
2022-02-24 00:00:00-05:00,78.63684502707287,85.1825291803709,78.32139100338524,85.01493835449219,279300,0.0,0.0,AEIS,1d
2022-02-25 00:00:00-05:00,84.7783483621632,87.10482457006206,83.96999696931813,86.77951049804688,234100,0.0,0.0,AEIS,1d
2022-02-28 00:00:00-05:00,85.49798980757429,87.7357407857841,83.24051872078871,84.63048553466797,351500,0.0,0.0,AEIS,1d
2022-03-01 00:00:00-05:00,84.84735061464634,85.21209736588301,82.82646844536188,83.89112854003906,202700,0.0,0.0,AEIS,1d
2022-03-02 00:00:00-05:00,84.19671970315345,87.38083202317947,83.88125821357438,87.08509063720703,125900,0.0,0.0,AEIS,1d
2022-03-03 00:00:00-05:00,87.72585561146748,87.72585561146748,84.2164293916752,85.1529312133789,121500,0.0,0.0,AEIS,1d
2022-03-04 00:00:00-05:00,83.91084470617255,84.38402193424511,80.57885392050292,81.16047668457031,196200,0.0,0.0,AEIS,1d
2022-03-07 00:00:00-05:00,81.16047582776906,81.73223853325244,79.95780514417172,80.07610321044922,219500,0.0,0.0,AEIS,1d
2022-03-08 00:00:00-05:00,80.21412623255944,82.99406729021057,78.87344469203092,80.50000762939453,229200,0.0,0.0,AEIS,1d
2022-03-09 00:00:00-05:00,82.86590546780245,85.04451099405397,82.19556472733913,85.01493835449219,216800,0.0,0.0,AEIS,1d
2022-03-10 00:00:00-05:00,83.19122028581576,83.79255569898396,82.1462802332363,82.78704833984375,206400,0.0,0.0,AEIS,1d
2022-03-11 00:00:00-05:00,83.88127397803609,83.88127397803609,81.8406790901658,82.29415130615234,150300,0.0,0.0,AEIS,1d
2022-03-14 00:00:00-04:00,83.05321604963135,83.05321604963135,77.01029633127206,77.3060302734375,187100,0.0,0.0,AEIS,1d
2022-03-15 00:00:00-04:00,77.85808339244285,81.82097552424887,77.11873722806712,81.56466674804688,140600,0.0,0.0,AEIS,1d
2022-03-16 00:00:00-04:00,82.40258288330105,85.08394591537564,81.92940559588635,84.748779296875,164600,0.0,0.0,AEIS,1d
2022-03-17 00:00:00-04:00,83.88127201433494,89.13555985861016,83.25036397340695,88.97783660888672,216800,0.0,0.0,AEIS,1d
2022-03-18 00:00:00-04:00,89.1059810331858,90.3776570801815,86.90766309598116,89.2834243774414,467200,0.0,0.0,AEIS,1d
2022-03-21 00:00:00-04:00,88.52437184765364,89.26371791256939,86.43448426325894,87.52871704101562,131800,0.0,0.0,AEIS,1d
2022-03-22 00:00:00-04:00,88.14975260542204,88.87924603513359,87.03580739883185,87.93287658691406,122000,0.0,0.0,AEIS,1d
2022-03-23 00:00:00-04:00,86.83866603324267,87.02596946428712,84.85722377005689,85.39940643310547,128300,0.0,0.0,AEIS,1d
2022-03-24 00:00:00-04:00,85.7937200849309,88.9876931252493,85.04451393240574,88.93840789794922,142700,0.0,0.0,AEIS,1d
2022-03-25 00:00:00-04:00,89.52002022915605,89.55945292228967,86.90767011795431,88.53422546386719,127400,0.0,0.0,AEIS,1d
2022-03-28 00:00:00-04:00,87.59772558840521,88.48494240307517,86.05988812365554,87.43999481201172,126200,0.0,0.0,AEIS,1d
2022-03-29 00:00:00-04:00,89.01725750366339,90.90012132347633,88.78066137890984,90.33821868896484,270900,0.0,0.0,AEIS,1d
2022-03-30 00:00:00-04:00,90.16080662377065,90.16080662377065,85.71486922438463,85.99089813232422,130500,0.0,0.0,AEIS,1d
2022-03-31 00:00:00-04:00,86.3950533208005,87.2526974810431,84.66005241409906,84.85721588134766,204200,0.0,0.0,AEIS,1d
2022-04-01 00:00:00-04:00,85.22196137427713,86.09931818497961,82.8757723498506,83.72355651855469,204600,0.0,0.0,AEIS,1d
2022-04-04 00:00:00-04:00,84.47276770559255,85.685291225385,83.79256681530715,85.10367584228516,229600,0.0,0.0,AEIS,1d
2022-04-05 00:00:00-04:00,85.4782641312251,85.4782641312251,81.3872143062968,81.88011169433594,167800,0.0,0.0,AEIS,1d
2022-04-06 00:00:00-04:00,80.64785968881326,80.89430835674975,78.8635737396783,79.34661102294922,236100,0.0,0.0,AEIS,1d
2022-04-07 00:00:00-04:00,79.63249351749879,81.0619003245535,78.50868817734077,79.9380874633789,286000,0.0,0.0,AEIS,1d
2022-04-08 00:00:00-04:00,79.65222165263899,79.67193423909538,76.02449654225902,76.1329345703125,216000,0.0,0.0,AEIS,1d
2022-04-11 00:00:00-04:00,74.71338865590877,76.46810219329052,73.95432244954726,74.44721984863281,234200,0.0,0.0,AEIS,1d
2022-04-12 00:00:00-04:00,76.16249424496945,77.43417020391668,74.79224032848703,74.95982360839844,219200,0.0,0.0,AEIS,1d
2022-04-13 00:00:00-04:00,75.50201336909488,76.33008483796216,74.5852315072676,74.6246566772461,161500,0.0,0.0,AEIS,1d
2022-04-14 00:00:00-04:00,74.7922358925015,75.15697506585032,72.82064677467005,72.92908477783203,124500,0.0,0.0,AEIS,1d
2022-04-18 00:00:00-04:00,72.21932269466838,74.7330946972289,72.21932269466838,74.6246566772461,149400,0.0,0.0,AEIS,1d
2022-04-19 00:00:00-04:00,74.76267705877694,77.1877389837785,74.76267705877694,76.84270477294922,161700,0.0,0.0,AEIS,1d
2022-04-20 00:00:00-04:00,78.2819710859796,79.97753187647905,78.2819710859796,78.86358642578125,200800,0.0,0.0,AEIS,1d
2022-04-21 00:00:00-04:00,79.94795330524333,80.58872140163099,77.94679115147689,78.4692611694336,234200,0.0,0.0,AEIS,1d
2022-04-22 00:00:00-04:00,78.03551540878694,78.09466068659815,75.49216316866651,76.01463317871094,157600,0.0,0.0,AEIS,1d
2022-04-25 00:00:00-04:00,75.69917245096309,77.68062181316186,75.17670248723789,77.51303100585938,198700,0.0,0.0,AEIS,1d
2022-04-26 00:00:00-04:00,76.87228025097689,77.33559747990626,75.33443527993855,75.38372802734375,243900,0.0,0.0,AEIS,1d
2022-04-27 00:00:00-04:00,74.76267388596571,75.99491738372504,72.28833435759753,72.79108428955078,177400,0.0,0.0,AEIS,1d
2022-04-28 00:00:00-04:00,73.7275886071169,77.30602076206826,72.84037184774391,76.45823669433594,169400,0.0,0.0,AEIS,1d
2022-04-29 00:00:00-04:00,75.59073704693566,78.33124507876006,74.96968910048443,75.4330062866211,198900,0.0,0.0,AEIS,1d
2022-05-02 00:00:00-04:00,75.15698123817262,76.80326400273593,73.9740306787293,76.71453857421875,157500,0.0,0.0,AEIS,1d
2022-05-03 00:00:00-04:00,76.42864489362539,77.89747656414401,76.09347838023812,77.61160278320312,151300,0.0,0.0,AEIS,1d
2022-05-04 00:00:00-04:00,78.26224328693972,82.75746486474777,77.50318465143043,82.25471496582031,303100,0.0,0.0,AEIS,1d
2022-05-05 00:00:00-04:00,80.33240937629148,80.83516678780768,75.5907391946101,78.5579833984375,269300,0.0,0.0,AEIS,1d
2022-05-06 00:00:00-04:00,77.79892079024937,79.00159160291595,75.55130993688037,77.56233215332031,181200,0.0,0.0,AEIS,1d
2022-05-09 00:00:00-04:00,75.6794633604987,76.67511821272258,73.48114517193586,74.24020385742188,199100,0.0,0.0,AEIS,1d
2022-05-10 00:00:00-04:00,75.28513972503332,76.00476560391172,71.19409044523114,74.69365692138672,255300,0.0,0.0,AEIS,1d
2022-05-11 00:00:00-04:00,74.54580543008677,76.83284906360534,72.93895509378837,73.20512390136719,155900,0.0,0.0,AEIS,1d
2022-05-12 00:00:00-04:00,72.6136569994052,75.14714962838448,71.98274133489915,74.83169555664062,165900,0.0,0.0,AEIS,1d
2022-05-13 00:00:00-04:00,76.31036123701186,78.96214351474322,75.9258944355627,78.390380859375,174400,0.0,0.0,AEIS,1d
2022-05-16 00:00:00-04:00,77.29618257096284,78.0059485891298,76.16251691926517,76.28080749511719,145100,0.0,0.0,AEIS,1d
2022-05-17 00:00:00-04:00,78.11436878929486,80.14511095613622,77.6806242418764,79.73107147216797,154300,0.0,0.0,AEIS,1d
2022-05-18 00:00:00-04:00,77.90734135634665,79.92822317340024,75.89631959058543,76.30049896240234,307600,0.0,0.0,AEIS,1d
2022-05-19 00:00:00-04:00,75.84705310485002,78.06509136935198,75.14713971057371,75.51187896728516,293300,0.0,0.0,AEIS,1d
2022-05-20 00:00:00-04:00,76.92340224890802,76.92340224890802,71.94850148871612,74.49517822265625,304200,0.1,0.0,AEIS,1d
2022-05-23 00:00:00-04:00,75.1565166825459,75.72902676451335,73.64628054251077,74.88013458251953,269100,0.0,0.0,AEIS,1d
2022-05-24 00:00:00-04:00,74.08060294437465,75.36380668584795,71.73133992558817,73.6857681274414,224200,0.0,0.0,AEIS,1d
2022-05-25 00:00:00-04:00,73.24157974598974,75.8080024171865,73.24157974598974,75.31446075439453,121400,0.0,0.0,AEIS,1d
2022-05-26 00:00:00-04:00,75.27499440931521,78.29546769364823,75.27499440931521,78.07830810546875,120800,0.0,0.0,AEIS,1d
2022-05-27 00:00:00-04:00,78.82847973994359,81.25670396369219,78.75938420421757,81.15799713134766,140200,0.0,0.0,AEIS,1d
2022-05-31 00:00:00-04:00,80.60522757912332,81.01980076639298,78.93705435735266,80.40780639648438,196600,0.0,0.0,AEIS,1d
2022-06-01 00:00:00-04:00,80.87173919742561,81.25670110160385,77.94010044187729,78.80873107910156,108600,0.0,0.0,AEIS,1d
2022-06-02 00:00:00-04:00,78.8087324355499,81.32579803466797,78.22635686361228,81.32579803466797,170600,0.0,0.0,AEIS,1d
2022-06-03 00:00:00-04:00,80.34859776647232,80.65459123916432,79.00616361469218,79.72673034667969,95300,0.0,0.0,AEIS,1d
2022-06-06 00:00:00-04:00,81.0494173565141,81.49360186748876,80.1709137462052,81.15799713134766,146200,0.0,0.0,AEIS,1d
2022-06-07 00:00:00-04:00,80.26962057854973,81.55283199157435,79.63788781452647,81.15799713134766,120800,0.0,0.0,AEIS,1d
2022-06-08 00:00:00-04:00,81.15800071499922,81.15800071499922,78.52248976769766,78.97654724121094,98700,0.0,0.0,AEIS,1d
2022-06-09 00:00:00-04:00,78.27570056451408,79.60826137480666,77.76241308460247,78.6113052368164,189600,0.0,0.0,AEIS,1d
2022-06-10 00:00:00-04:00,77.64396412678852,78.12763276123394,76.09423635301324,76.27191162109375,103300,0.0,0.0,AEIS,1d
2022-06-13 00:00:00-04:00,73.88318967254543,74.51492243486548,71.86953866858202,72.9750747680664,198700,0.0,0.0,AEIS,1d
2022-06-14 00:00:00-04:00,73.54758133281018,75.83761436670014,72.5901092937925,73.18235778808594,149600,0.0,0.0,AEIS,1d
2022-06-15 00:00:00-04:00,73.93254390057105,74.68272934992612,72.66907842640352,73.31067657470703,195800,0.0,0.0,AEIS,1d
2022-06-16 00:00:00-04:00,71.30689485063134,72.41243084792679,67.76326944988219,68.43448638916016,214100,0.0,0.0,AEIS,1d
2022-06-17 00:00:00-04:00,69.00698888558648,70.35928802552066,68.92802042360356,69.28337097167969,379500,0.0,0.0,AEIS,1d
2022-06-21 00:00:00-04:00,70.82322210660186,73.58705817675946,69.69794782124352,71.33650207519531,138600,0.0,0.0,AEIS,1d
2022-06-22 00:00:00-04:00,69.97433594118408,71.41547668445271,69.43143710293134,70.94168090820312,167200,0.0,0.0,AEIS,1d
2022-06-23 00:00:00-04:00,70.82321772914518,71.78068961278831,69.86574584550206,71.27727508544922,185000,0.0,0.0,AEIS,1d
2022-06-24 00:00:00-04:00,72.49140551677054,74.39647673298698,72.30385726552768,72.98494720458984,548000,0.0,0.0,AEIS,1d
2022-06-27 00:00:00-04:00,73.744986827325,74.38659242966857,72.43216433082692,74.0411148071289,215700,0.0,0.0,AEIS,1d
2022-06-28 00:00:00-04:00,74.46555017629106,75.00844135332322,72.36305839018578,72.39266967773438,151300,0.0,0.0,AEIS,1d
2022-06-29 00:00:00-04:00,72.30384303846347,72.81712297922527,69.964453187411,71.69184875488281,157300,0.0,0.0,AEIS,1d
2022-06-30 00:00:00-04:00,70.72452322898262,73.59693184906693,68.94777019429769,72.03734588623047,233600,0.0,0.0,AEIS,1d
2022-07-01 00:00:00-04:00,71.51418825036994,71.51418825036994,67.674434484143,68.45423126220703,253200,0.0,0.0,AEIS,1d
2022-07-05 00:00:00-04:00,66.91438105767742,72.2051484048762,66.67748316281953,72.175537109375,336000,0.0,0.0,AEIS,1d
2022-07-06 00:00:00-04:00,72.31373900445541,73.27121120023138,70.95155896063004,72.678955078125,220600,0.0,0.0,AEIS,1d
2022-07-07 00:00:00-04:00,73.56731852620288,74.58401313936827,72.73817215343239,74.05098724365234,122000,0.0,0.0,AEIS,1d
2022-07-08 00:00:00-04:00,73.77461045517913,74.39647781058193,72.59011339959538,73.95228576660156,109000,0.0,0.0,AEIS,1d
2022-07-11 00:00:00-04:00,73.2810514520817,73.76472762112267,72.36306381502524,73.14286041259766,87200,0.0,0.0,AEIS,1d
2022-07-12 00:00:00-04:00,73.43900156359076,74.28789383338902,72.3828226973322,73.18235778808594,110500,0.0,0.0,AEIS,1d
2022-07-13 00:00:00-04:00,71.84980449342127,74.07074223317767,71.78070895386281,73.88319396972656,87500,0.0,0.0,AEIS,1d
2022-07-14 00:00:00-04:00,73.6166813283832,74.33724798869329,71.75109431628081,74.22866821289062,141300,0.0,0.0,AEIS,1d
2022-07-15 00:00:00-04:00,74.79129787742832,76.39037552491237,74.13982681938897,76.06463623046875,147500,0.0,0.0,AEIS,1d
2022-07-18 00:00:00-04:00,76.92339874974024,78.39415069843993,75.12690751785107,75.26509857177734,127500,0.0,0.0,AEIS,1d
2022-07-19 00:00:00-04:00,76.0843806392426,79.93400691765102,76.0843806392426,79.62800598144531,216300,0.0,0.0,AEIS,1d
2022-07-20 00:00:00-04:00,79.82544094176308,82.92488235789618,76.08439377994085,82.75707244873047,250500,0.0,0.0,AEIS,1d
2022-07-21 00:00:00-04:00,83.16177366365986,85.05697192075745,82.69784327626809,84.99774932861328,184000,0.0,0.0,AEIS,1d
2022-07-22 00:00:00-04:00,85.19516138918313,85.19516138918313,82.22404593275695,82.76693725585938,162600,0.0,0.0,AEIS,1d
2022-07-25 00:00:00-04:00,82.70770034184858,82.73731163223641,80.94082055051975,82.60899353027344,122100,0.0,0.0,AEIS,1d
2022-07-26 00:00:00-04:00,82.22404387531448,83.26047684667505,81.70088338784892,81.95752716064453,145300,0.0,0.0,AEIS,1d
2022-07-27 00:00:00-04:00,82.52016773757396,86.40927860223432,82.00688770178427,85.70845031738281,169100,0.0,0.0,AEIS,1d
2022-07-28 00:00:00-04:00,86.06380152265628,88.43279558824798,85.03723391317058,88.0971908569336,136900,0.0,0.0,AEIS,1d
2022-07-29 00:00:00-04:00,87.61350182171421,88.79799858016972,87.1100873104896,88.33406829833984,169200,0.0,0.0,AEIS,1d
2022-08-01 00:00:00-04:00,87.65300456533792,91.20650312212766,87.18907418551582,90.24903106689453,226400,0.0,0.0,AEIS,1d
2022-08-02 00:00:00-04:00,89.07440170243558,89.8245871765033,87.90964301803379,88.93621063232422,152800,0.0,0.0,AEIS,1d
2022-08-03 00:00:00-04:00,89.25208175660369,92.74635799559185,88.64009485095787,91.67044067382812,260600,0.0,0.0,AEIS,1d
2022-08-04 00:00:00-04:00,93.77291270678853,96.73416258173975,89.95289765699623,92.8944091796875,397000,0.0,0.0,AEIS,1d
2022-08-05 00:00:00-04:00,93.26950593343233,93.44718124204877,89.48898233312728,93.03260803222656,290000,0.0,0.0,AEIS,1d
2022-08-08 00:00:00-04:00,92.78583960443095,93.77292300447807,91.6605651308451,93.2695083618164,169600,0.0,0.0,AEIS,1d
2022-08-09 00:00:00-04:00,92.07513972219613,92.23307668336227,88.68944330839719,89.15337371826172,184100,0.0,0.0,AEIS,1d
2022-08-10 00:00:00-04:00,91.70004029777854,93.2694991337644,90.84127511359793,92.87466430664062,151200,0.0,0.0,AEIS,1d
2022-08-11 00:00:00-04:00,93.65447495265963,94.52311320773306,92.38113639943985,92.47985076904297,101500,0.0,0.0,AEIS,1d
2022-08-12 00:00:00-04:00,93.1017092934926,94.18749956588726,91.92707759590121,93.7729263305664,251200,0.0,0.0,AEIS,1d
2022-08-15 00:00:00-04:00,93.56563803447725,94.71065088256391,92.54894331954071,94.22698211669922,137100,0.0,0.0,AEIS,1d
2022-08-16 00:00:00-04:00,93.80253805653686,95.52006113273512,92.95364569604656,95.1745834350586,157400,0.0,0.0,AEIS,1d
2022-08-17 00:00:00-04:00,93.68406745784267,94.36514972546325,92.58840453458922,93.81238555908203,95900,0.0,0.0,AEIS,1d
2022-08-18 00:00:00-04:00,93.29912247973442,96.80327166818743,92.82532665066208,96.74404907226562,105300,0.0,0.0,AEIS,1d
2022-08-19 00:00:00-04:00,95.25201772620747,95.25201772620747,93.19678569149659,93.97737884521484,101400,0.1,0.0,AEIS,1d
2022-08-22 00:00:00-04:00,92.46559093509255,93.17701791782007,90.99332938640525,91.50714111328125,82800,0.0,0.0,AEIS,1d
2022-08-23 00:00:00-04:00,91.892493610709,93.19677386364204,91.892493610709,92.24820709228516,99600,0.0,0.0,AEIS,1d
2022-08-24 00:00:00-04:00,92.34703890652887,93.26596438487738,91.57632867408311,92.44584655761719,61300,0.0,0.0,AEIS,1d
2022-08-25 00:00:00-04:00,92.94975901218125,95.16308166872032,92.94975901218125,94.97534942626953,97100,0.0,0.0,AEIS,1d
2022-08-26 00:00:00-04:00,95.4298685250782,95.60772527732229,89.48155411888989,89.55072021484375,157500,0.0,0.0,AEIS,1d
2022-08-29 00:00:00-04:00,88.6515665640199,90.47953424837651,88.19704539926644,89.93608093261719,179000,0.0,0.0,AEIS,1d
2022-08-30 00:00:00-04:00,90.68702400041259,91.3688094525417,87.82155754283471,88.70095825195312,120500,0.0,0.0,AEIS,1d
2022-08-31 00:00:00-04:00,89.6594252300389,89.6594252300389,87.811698854271,88.72074127197266,151300,0.0,0.0,AEIS,1d
2022-09-01 00:00:00-04:00,87.24848607003258,87.24848607003258,84.09647164247632,86.0726547241211,188500,0.0,0.0,AEIS,1d
2022-09-02 00:00:00-04:00,87.14968909501894,87.99944860076639,84.96600723814664,85.5588607788086,96700,0.0,0.0,AEIS,1d
2022-09-06 00:00:00-04:00,85.28217185700063,85.28217185700063,83.09849062589109,85.08455657958984,153600,0.0,0.0,AEIS,1d
2022-09-07 00:00:00-04:00,85.1636010312083,86.46788139072854,83.61229781921425,85.07466888427734,142300,0.0,0.0,AEIS,1d
2022-09-08 00:00:00-04:00,84.19528349952398,86.45801414579303,83.49373937508012,86.03313446044922,137000,0.0,0.0,AEIS,1d
2022-09-09 00:00:00-04:00,87.23859932291344,88.47371369626106,86.66550444443058,87.57454681396484,102300,0.0,0.0,AEIS,1d
2022-09-12 00:00:00-04:00,87.80182174840652,88.82943793539847,86.58646574172602,88.2464599609375,148600,0.0,0.0,AEIS,1d
2022-09-13 00:00:00-04:00,85.63789748920888,85.77622971065297,83.68148033533363,83.90873718261719,115700,0.0,0.0,AEIS,1d
2022-09-14 00:00:00-04:00,84.2743165402586,88.91834311198656,83.0194362387464,84.74859619140625,137300,0.0,0.0,AEIS,1d
2022-09-15 00:00:00-04:00,84.1359825929229,85.05490787871871,82.59455491248345,83.36527252197266,121500,0.0,0.0,AEIS,1d
2022-09-16 00:00:00-04:00,82.01159635374117,83.45420907172435,81.44838448755226,83.32575988769531,322600,0.0,0.0,AEIS,1d
2022-09-19 00:00:00-04:00,82.38707299328841,84.25456547111831,82.25862380212662,83.79016876220703,85600,0.0,0.0,AEIS,1d
2022-09-20 00:00:00-04:00,82.99968719482422,83.74075583049229,81.85349741982506,82.99968719482422,97700,0.0,0.0,AEIS,1d
2022-09-21 00:00:00-04:00,83.5530160037129,84.66956423909434,82.15981088914367,82.31790161132812,100000,0.0,0.0,AEIS,1d
2022-09-22 00:00:00-04:00,81.88314308647062,81.88314308647062,79.28445768765381,80.23302459716797,92800,0.0,0.0,AEIS,1d
2022-09-23 00:00:00-04:00,78.99790325414833,79.31409219596212,77.6738644160965,78.96826171875,117400,0.0,0.0,AEIS,1d
2022-09-26 00:00:00-04:00,78.72125386482163,80.12434209017944,77.65411315601126,77.7825698852539,126600,0.0,0.0,AEIS,1d
2022-09-27 00:00:00-04:00,78.95841228014504,79.28447681563065,77.41698408408115,78.27662658691406,115900,0.0,0.0,AEIS,1d
2022-09-28 00:00:00-04:00,77.4070756766683,80.88516158217902,77.30826804562813,80.10456848144531,164900,0.0,0.0,AEIS,1d
2022-09-29 00:00:00-04:00,79.16589785771926,79.50184536688977,77.53554528926054,79.12637329101562,126900,0.0,0.0,AEIS,1d
2022-09-30 00:00:00-04:00,77.66399831725242,79.66982306076365,76.22138548467065,76.48817443847656,207200,0.0,0.0,AEIS,1d
2022-10-03 00:00:00-04:00,77.66400106416187,81.12232178937236,76.7747170842567,80.61839294433594,150800,0.0,0.0,AEIS,1d
2022-10-04 00:00:00-04:00,82.9008765949701,83.7012282806193,81.70528681001696,83.00956726074219,163800,0.0,0.0,AEIS,1d
2022-10-05 00:00:00-04:00,81.66576680590045,82.97004732944794,80.68755829787486,82.79219055175781,191000,0.0,0.0,AEIS,1d
2022-10-06 00:00:00-04:00,82.7921832206336,83.50361026839829,81.90289941092777,82.15980529785156,177300,0.0,0.0,AEIS,1d
2022-10-07 00:00:00-04:00,80.81600312054952,81.0432599395549,76.71542196745598,77.15018463134766,198400,0.0,0.0,AEIS,1d
2022-10-10 00:00:00-04:00,77.70352263166703,77.70352263166703,73.57329945218471,74.62067413330078,186600,0.0,0.0,AEIS,1d
2022-10-11 00:00:00-04:00,73.9882919155154,74.77876816415146,71.41925541525852,72.6148452758789,295300,0.0,0.0,AEIS,1d
2022-10-12 00:00:00-04:00,72.64447331211862,72.64447331211862,70.31258464305013,70.86591339111328,146800,0.0,0.0,AEIS,1d
2022-10-13 00:00:00-04:00,68.67235154340811,73.19781191479862,67.19021445973743,72.98043060302734,323500,0.0,0.0,AEIS,1d
2022-10-14 00:00:00-04:00,73.62268695532774,74.03768350381175,69.47269885487195,69.88770294189453,129300,0.0,0.0,AEIS,1d
2022-10-17 00:00:00-04:00,71.42914321812744,72.08127975910317,69.94700580672539,70.35211944580078,191500,0.0,0.0,AEIS,1d
2022-10-18 00:00:00-04:00,72.1109382892491,72.39747825908637,70.15451333286714,70.826416015625,187600,0.0,0.0,AEIS,1d
2022-10-19 00:00:00-04:00,70.50033209360693,70.54973968758043,68.58343957178987,70.41140747070312,160000,0.0,0.0,AEIS,1d
2022-10-20 00:00:00-04:00,71.01414288764346,72.31842344083087,69.53200555272412,70.03592681884766,238900,0.0,0.0,AEIS,1d
2022-10-21 00:00:00-04:00,70.50033159617799,74.48233939363678,69.88771965105533,73.77091979980469,248900,0.0,0.0,AEIS,1d
2022-10-24 00:00:00-04:00,74.08709640564535,74.18590403782642,72.11091360786759,73.30650329589844,230400,0.0,0.0,AEIS,1d
2022-10-25 00:00:00-04:00,73.4942392616896,75.92494332156993,73.4942392616896,74.98625946044922,223700,0.0,0.0,AEIS,1d
2022-10-26 00:00:00-04:00,74.9269833097234,77.40708764811173,73.751151964441,75.11471557617188,199500,0.0,0.0,AEIS,1d
2022-10-27 00:00:00-04:00,76.14233039738335,77.1007803814556,75.05543122911565,75.59888458251953,124600,0.0,0.0,AEIS,1d
2022-10-28 00:00:00-04:00,76.15221170931953,78.35565907434014,75.57911682927327,78.07898712158203,249600,0.0,0.0,AEIS,1d
2022-10-31 00:00:00-04:00,77.7035111397334,78.61255346582713,76.08304176242211,77.71339416503906,223900,0.0,0.0,AEIS,1d
2022-11-01 00:00:00-04:00,78.96825772099116,79.14611446291613,77.46636220804369,78.82992553710938,202300,0.0,0.0,AEIS,1d
2022-11-02 00:00:00-04:00,79.04733142779087,85.4007609928412,78.19757201185884,79.30423736572266,721200,0.0,0.0,AEIS,1d
2022-11-03 00:00:00-04:00,78.73112694038176,81.003740287993,78.30624731586451,79.4820785522461,296500,0.0,0.0,AEIS,1d
2022-11-04 00:00:00-04:00,82.30803480995286,83.40481710921782,80.69744064765057,82.01160430908203,250700,0.0,0.0,AEIS,1d
2022-11-07 00:00:00-05:00,82.54517408891296,82.55505711581452,79.65006536709404,81.23101043701172,209200,0.0,0.0,AEIS,1d
2022-11-08 00:00:00-05:00,82.30802846738672,83.6419505414333,80.48993610999136,81.75469207763672,157500,0.0,0.0,AEIS,1d
2022-11-09 00:00:00-05:00,80.70731851123166,82.12028973637582,80.26268032691272,80.99386596679688,108800,0.0,0.0,AEIS,1d
2022-11-10 00:00:00-05:00,85.81575278585386,87.0409842424087,83.83956961271484,86.4382553100586,204000,0.0,0.0,AEIS,1d
2022-11-11 00:00:00-05:00,87.01133407856855,92.20869741968154,85.46003074292283,91.2897720336914,394800,0.0,0.0,AEIS,1d
2022-11-14 00:00:00-05:00,90.6573879691451,91.78381158714998,88.78989578463496,89.03691864013672,155100,0.0,0.0,AEIS,1d
2022-11-15 00:00:00-05:00,91.03287499350542,93.70072679558258,90.22264019551321,92.16918182373047,237000,0.0,0.0,AEIS,1d
2022-11-16 00:00:00-05:00,91.06252297011918,91.20085518723154,88.26622200977263,88.5626449584961,276600,0.0,0.0,AEIS,1d
2022-11-17 00:00:00-05:00,86.39871323619442,87.53501229968435,85.72681079192384,87.00144958496094,302000,0.0,0.0,AEIS,1d
2022-11-18 00:00:00-05:00,89.0689157597337,89.36567571898613,87.05091633895015,88.33689880371094,148100,0.1,0.0,AEIS,1d
2022-11-21 00:00:00-05:00,87.80271107433228,88.81170688767726,87.08058092235508,88.52483367919922,119000,0.0,0.0,AEIS,1d
2022-11-22 00:00:00-05:00,89.1282656689255,90.26586437318791,87.77304601478878,89.92953491210938,130900,0.0,0.0,AEIS,1d
2022-11-23 00:00:00-05:00,90.01856143374917,91.11659064401765,90.01856143374917,91.02755737304688,113500,0.0,0.0,AEIS,1d
2022-11-25 00:00:00-05:00,91.02756742608891,91.4529302080987,89.92954564166664,89.95922088623047,60300,0.0,0.0,AEIS,1d
2022-11-28 00:00:00-05:00,89.12825611033766,89.22717608551022,87.1696149417458,87.73346710205078,174300,0.0,0.0,AEIS,1d
2022-11-29 00:00:00-05:00,87.73347821812698,88.79193793551487,87.47628021240234,87.47628021240234,95900,0.0,0.0,AEIS,1d
2022-11-30 00:00:00-05:00,88.08959855139923,91.78926052907555,86.18041330422751,91.64087677001953,227900,0.0,0.0,AEIS,1d
2022-12-01 00:00:00-05:00,91.82884271020421,92.49161503874706,89.58332012940456,92.12560272216797,161000,0.0,0.0,AEIS,1d
2022-12-02 00:00:00-05:00,90.30544108887743,92.57074441560196,89.80093930985808,91.6705551147461,141100,0.0,0.0,AEIS,1d
2022-12-05 00:00:00-05:00,91.334216553335,91.334216553335,88.16872424022608,89.62287139892578,218200,0.0,0.0,AEIS,1d
2022-12-06 00:00:00-05:00,89.21729073603325,89.77124864316366,87.28831722865769,88.54462432861328,140600,0.0,0.0,AEIS,1d
2022-12-07 00:00:00-05:00,88.36657426356504,89.83060817923294,87.20919457068342,88.9205322265625,111000,0.0,0.0,AEIS,1d
2022-12-08 00:00:00-05:00,89.56353043366155,90.76047972382092,88.53474588863186,90.51317596435547,125400,0.0,0.0,AEIS,1d
2022-12-09 00:00:00-05:00,90.05813220609633,91.11659192718501,89.42503522603084,89.731689453125,117300,0.0,0.0,AEIS,1d
2022-12-12 00:00:00-05:00,90.2065051055979,92.11569007896722,89.2766407261724,91.00776672363281,227600,0.0,0.0,AEIS,1d
2022-12-13 00:00:00-05:00,94.21281955226293,96.27038823740544,92.74878581072292,93.8270263671875,211600,0.0,0.0,AEIS,1d
2022-12-14 00:00:00-05:00,93.24341002735339,95.10313155056531,92.18495025637394,92.89718627929688,148200,0.0,0.0,AEIS,1d
2022-12-15 00:00:00-05:00,91.2352931522913,91.50237785340497,87.24875078299699,88.79193115234375,276000,0.0,0.0,AEIS,1d
2022-12-16 00:00:00-05:00,87.38722855591449,89.17771240928862,86.61564224817866,87.8818359375,458500,0.0,0.0,AEIS,1d
2022-12-19 00:00:00-05:00,88.069806468216,88.069806468216,83.63812768451878,83.90521240234375,207000,0.0,0.0,AEIS,1d
2022-12-20 00:00:00-05:00,83.98435160981253,85.84407301757255,83.94478210576088,84.70647430419922,212300,0.0,0.0,AEIS,1d
2022-12-21 00:00:00-05:00,85.44837712271493,86.83327943991134,84.82517447617626,85.93309783935547,185400,0.0,0.0,AEIS,1d
2022-12-22 00:00:00-05:00,84.66690482171934,84.66690482171934,80.92767347966515,82.38182067871094,194800,0.0,0.0,AEIS,1d
2022-12-23 00:00:00-05:00,82.56976629017244,83.39081644242286,81.20464494134391,82.81707000732422,148700,0.0,0.0,AEIS,1d
2022-12-27 00:00:00-05:00,83.0347092180932,83.38093295743259,81.50142295473256,83.06438446044922,106400,0.0,0.0,AEIS,1d
2022-12-28 00:00:00-05:00,83.04458348548991,83.41059569627458,81.13539852662676,81.85752868652344,119900,0.0,0.0,AEIS,1d
2022-12-29 00:00:00-05:00,83.06439163513554,85.0032522900167,82.88633261850808,84.80541229248047,133500,0.0,0.0,AEIS,1d
2022-12-30 00:00:00-05:00,83.9546691573002,85.18129348909596,83.42049221915273,84.85485076904297,105500,0.0,0.0,AEIS,1d
2023-01-03 00:00:00-05:00,85.75503785822372,86.46727375856408,83.8161776556918,84.61743927001953,180900,0.0,0.0,AEIS,1d
2023-01-04 00:00:00-05:00,85.50773408440693,86.59586891043448,84.91419913647339,85.70557403564453,129900,0.0,0.0,AEIS,1d
2023-01-05 00:00:00-05:00,85.70558554183847,86.42771580031325,83.48974609263169,85.16151428222656,125000,0.0,0.0,AEIS,1d
2023-01-06 00:00:00-05:00,86.45737826857231,90.29552911941013,85.90341282778304,90.26585388183594,159600,0.0,0.0,AEIS,1d
2023-01-09 00:00:00-05:00,91.32433559886243,92.96643624915433,90.532960518486,91.27487182617188,196700,0.0,0.0,AEIS,1d
2023-01-10 00:00:00-05:00,91.43314773694614,92.49160754277037,90.22630416360951,91.69034576416016,206500,0.0,0.0,AEIS,1d
2023-01-11 00:00:00-05:00,91.156167384415,92.19483864745277,89.06892304764297,91.31443786621094,198700,0.0,0.0,AEIS,1d
2023-01-12 00:00:00-05:00,91.95742913766857,92.98621368408203,90.1075942974186,92.98621368408203,162100,0.0,0.0,AEIS,1d
2023-01-13 00:00:00-05:00,91.87828550286096,92.8180442711023,91.7200150290474,91.99699401855469,162500,0.0,0.0,AEIS,1d
2023-01-17 00:00:00-05:00,92.18493169064854,92.6993200774348,90.85937990447867,91.41334533691406,83500,0.0,0.0,AEIS,1d
2023-01-18 00:00:00-05:00,92.38278309367732,94.7569004706857,91.63097762241728,91.73979187011719,132300,0.0,0.0,AEIS,1d
2023-01-19 00:00:00-05:00,90.98798225632936,90.98798225632936,87.8027093356733,88.87105560302734,142500,0.0,0.0,AEIS,1d
2023-01-20 00:00:00-05:00,90.18673760922768,91.17595269555581,89.0392520335854,90.91876220703125,107200,0.0,0.0,AEIS,1d
2023-01-23 00:00:00-05:00,91.95742033190378,95.28118314907834,91.87828132503984,94.71733093261719,172100,0.0,0.0,AEIS,1d
2023-01-24 00:00:00-05:00,94.30186285971399,94.63819231961884,93.22361464126085,94.21282958984375,80600,0.0,0.0,AEIS,1d
2023-01-25 00:00:00-05:00,93.50059435325453,95.12291382500702,92.4915984185088,93.8567123413086,146100,0.0,0.0,AEIS,1d
2023-01-26 00:00:00-05:00,94.6480810526886,95.21193323855456,91.32431841586474,94.23261260986328,156600,0.0,0.0,AEIS,1d
2023-01-27 00:00:00-05:00,92.5113748039426,93.7380067228345,91.89806639160746,92.43224334716797,120300,0.0,0.0,AEIS,1d
2023-01-30 00:00:00-05:00,91.41335885242407,91.51227883984177,88.85128815977114,89.21730041503906,186000,0.0,0.0,AEIS,1d
2023-01-31 00:00:00-05:00,88.92053078678084,91.84860611781711,88.92053078678084,91.73979187011719,187500,0.0,0.0,AEIS,1d
2023-02-01 00:00:00-05:00,92.11569936831606,98.46645757098817,92.11569936831606,97.0518798828125,281600,0.0,0.0,AEIS,1d
2023-02-02 00:00:00-05:00,97.62561965716904,99.91070363209502,97.21014366863743,98.3675308227539,379000,0.0,0.0,AEIS,1d
2023-02-03 00:00:00-05:00,97.22004690165578,99.57438338117497,97.18047739685338,98.09056091308594,230400,0.0,0.0,AEIS,1d
2023-02-06 00:00:00-05:00,96.71553047763233,96.8540274969865,94.63818084686251,94.75688934326172,293500,0.0,0.0,AEIS,1d
2023-02-07 00:00:00-05:00,94.42057101455967,96.78479431796555,93.65887876686847,96.60674285888672,187200,0.0,0.0,AEIS,1d
2023-02-08 00:00:00-05:00,95.06355034284579,96.9925239253466,95.06355034284579,96.2011489868164,304400,0.0,0.0,AEIS,1d
2023-02-09 00:00:00-05:00,97.61573836468857,98.38732487187494,91.18584074198664,92.09591674804688,342600,0.0,0.0,AEIS,1d
2023-02-10 00:00:00-05:00,91.80904544608424,96.31987116045936,90.96821417151796,92.55095672607422,172700,0.0,0.0,AEIS,1d
2023-02-13 00:00:00-05:00,93.12470144323116,94.95474772207046,92.6201996694921,94.56895446777344,124500,0.0,0.0,AEIS,1d
2023-02-14 00:00:00-05:00,93.87650314930865,95.68676837474595,93.29286238637519,94.89539337158203,93500,0.0,0.0,AEIS,1d
2023-02-15 00:00:00-05:00,94.45025224233454,97.3189697265625,94.18315996391149,97.3189697265625,143000,0.0,0.0,AEIS,1d
2023-02-16 00:00:00-05:00,95.45734741366324,97.50710547266044,95.34842245192219,96.29903411865234,139000,0.1,0.0,AEIS,1d
2023-02-17 00:00:00-05:00,96.33863633743917,96.33863633743917,94.41760449513653,96.19010162353516,175900,0.0,0.0,AEIS,1d
2023-02-21 00:00:00-05:00,94.51663397214207,94.83350453258114,91.60538805897994,91.85294342041016,141200,0.0,0.0,AEIS,1d
2023-02-22 00:00:00-05:00,91.99157893970103,93.59573293600825,90.58546622164715,91.54597473144531,133400,0.0,0.0,AEIS,1d
2023-02-23 00:00:00-05:00,92.71444000662153,93.64525067111353,90.10025574720522,92.1698226928711,101600,0.0,0.0,AEIS,1d
2023-02-24 00:00:00-05:00,90.59536154664845,92.6451197183919,90.25868986805028,90.96174621582031,95800,0.0,0.0,AEIS,1d
2023-02-27 00:00:00-05:00,92.070786039048,93.27884976091285,91.90244266499737,92.22921752929688,172600,0.0,0.0,AEIS,1d
2023-02-28 00:00:00-05:00,92.11040426325427,93.833395181117,92.09060315657587,92.1698226928711,136300,0.0,0.0,AEIS,1d
2023-03-01 00:00:00-05:00,92.52628669430325,94.04132417285992,92.25892269527004,92.55599212646484,120200,0.0,0.0,AEIS,1d
2023-03-02 00:00:00-05:00,91.59548020840364,93.70464908699175,90.28838825248613,93.44719696044922,215000,0.0,0.0,AEIS,1d
2023-03-03 00:00:00-05:00,94.08093925068023,94.42751523680013,92.53618869787601,93.65514373779297,86800,0.0,0.0,AEIS,1d
2023-03-06 00:00:00-05:00,93.80368069543316,94.34829795665,91.65489442074323,92.77384948730469,238800,0.0,0.0,AEIS,1d
2023-03-07 00:00:00-05:00,92.74414748742585,93.35807997025346,91.52617174233598,92.10050201416016,269300,0.0,0.0,AEIS,1d
2023-03-08 00:00:00-05:00,92.69463392752803,94.54635082644583,92.61541439548238,94.36811065673828,137700,0.0,0.0,AEIS,1d
2023-03-09 00:00:00-05:00,94.52655472300853,95.96238060160825,93.42740812293239,93.68486785888672,215200,0.0,0.0,AEIS,1d
2023-03-10 00:00:00-05:00,93.43730060276049,93.69476030605833,90.5161502228622,91.71431732177734,283300,0.0,0.0,AEIS,1d
2023-03-13 00:00:00-04:00,90.3478066689094,93.27886137392356,88.36736368810601,91.12017822265625,234600,0.0,0.0,AEIS,1d
2023-03-14 00:00:00-04:00,93.64524855861946,96.36835773031483,92.13021084640636,96.23963165283203,222800,0.0,0.0,AEIS,1d
2023-03-15 00:00:00-04:00,93.90268387115884,94.38789017307441,90.77358106418633,93.54620361328125,299100,0.0,0.0,AEIS,1d
2023-03-16 00:00:00-04:00,92.34805487312666,97.0020926828811,91.13007916115627,95.41773986816406,204400,0.0,0.0,AEIS,1d
2023-03-17 00:00:00-04:00,95.07114573404058,95.30879672221488,91.77370710961883,92.89265441894531,573100,0.0,0.0,AEIS,1d
2023-03-20 00:00:00-04:00,93.54621286173679,95.5464566799921,93.42738357909997,94.83349609375,138400,0.0,0.0,AEIS,1d
2023-03-21 00:00:00-04:00,95.82373706101777,98.03193446447715,94.69488508671918,96.20993041992188,147700,0.0,0.0,AEIS,1d
2023-03-22 00:00:00-04:00,96.0613875921249,97.65564477436217,94.91272705258909,95.239501953125,220500,0.0,0.0,AEIS,1d
2023-03-23 00:00:00-04:00,96.29903155432577,98.26957003325823,94.91272007754718,96.10099029541016,176900,0.0,0.0,AEIS,1d
2023-03-24 00:00:00-04:00,94.84340971919254,96.43766686558884,93.03130264400318,96.01187133789062,280100,0.0,0.0,AEIS,1d
2023-03-27 00:00:00-04:00,96.54660678669394,97.34868387169632,92.95210506912959,93.25907135009766,202800,0.0,0.0,AEIS,1d
2023-03-28 00:00:00-04:00,92.6451264527009,93.01151114850501,91.05086914159385,92.53620147705078,194600,0.0,0.0,AEIS,1d
2023-03-29 00:00:00-04:00,93.69475635300685,95.69500035863109,93.60563249398339,95.04145812988281,127600,0.0,0.0,AEIS,1d
2023-03-30 00:00:00-04:00,95.95246016189972,96.36835135838265,94.97214304024992,95.63558959960938,110100,0.0,0.0,AEIS,1d
2023-03-31 00:00:00-04:00,95.56626690935988,97.77445634245001,95.56626690935988,97.04169464111328,274800,0.0,0.0,AEIS,1d
2023-04-03 00:00:00-04:00,96.80404734304649,96.80404734304649,94.16015043162335,95.2295913696289,141600,0.0,0.0,AEIS,1d
2023-04-04 00:00:00-04:00,95.45735960299065,95.45735960299065,91.13999301021255,92.53620147705078,191400,0.0,0.0,AEIS,1d
2023-04-05 00:00:00-04:00,91.9915717957597,93.22934857569514,89.87249855289342,90.29829406738281,141000,0.0,0.0,AEIS,1d
2023-04-06 00:00:00-04:00,89.89231036918073,90.53595588240444,88.68423887923888,89.24866485595703,141200,0.0,0.0,AEIS,1d
2023-04-10 00:00:00-04:00,88.51589069605895,90.93203333926657,88.51589069605895,90.74388885498047,222100,0.0,0.0,AEIS,1d
2023-04-11 00:00:00-04:00,91.3776345967688,92.84316567328426,90.6745782707696,91.68460083007812,165400,0.0,0.0,AEIS,1d
2023-04-12 00:00:00-04:00,92.46687944532788,92.5956130732986,90.43692993624069,91.07067108154297,121200,0.0,0.0,AEIS,1d
2023-04-13 00:00:00-04:00,91.53607727203008,91.53607727203008,89.8526962002912,90.90233612060547,76200,0.0,0.0,AEIS,1d
2023-04-14 00:00:00-04:00,90.36762248672015,91.89256460929248,89.0902357563552,90.25869750976562,76600,0.0,0.0,AEIS,1d
2023-04-17 00:00:00-04:00,89.88239737020655,90.83301660701433,88.70403898618768,90.33790588378906,123200,0.0,0.0,AEIS,1d
2023-04-18 00:00:00-04:00,90.93202662106842,91.39743185531353,88.74363838656176,89.6546401977539,191900,0.0,0.0,AEIS,1d
2023-04-19 00:00:00-04:00,88.56541399215085,88.69414006831958,87.33753388418056,87.5949935913086,154300,0.0,0.0,AEIS,1d
2023-04-20 00:00:00-04:00,86.8721363004707,88.56541417412586,86.40673098251818,88.0802001953125,199600,0.0,0.0,AEIS,1d
2023-04-21 00:00:00-04:00,87.8821642964316,87.92177406578801,86.61468189619048,86.96125793457031,317100,0.0,0.0,AEIS,1d
2023-04-24 00:00:00-04:00,86.93155253012962,88.02079474608689,85.53533649023827,85.66407012939453,133600,0.0,0.0,AEIS,1d
2023-04-25 00:00:00-04:00,85.07983584714766,85.89181723584805,84.04010772705078,84.04010772705078,155800,0.0,0.0,AEIS,1d
2023-04-26 00:00:00-04:00,84.31735686138316,84.31735686138316,82.69339430928137,83.14889526367188,156700,0.0,0.0,AEIS,1d
2023-04-27 00:00:00-04:00,83.37664372968432,84.50549558725864,82.20818210722086,84.21833801269531,159100,0.0,0.0,AEIS,1d
2023-04-28 00:00:00-04:00,84.33715562880002,85.66405624593945,84.2777447617664,85.6541519165039,191000,0.0,0.0,AEIS,1d
2023-05-01 00:00:00-04:00,85.7036665352799,86.86222377829019,85.7036665352799,86.62457275390625,139900,0.0,0.0,AEIS,1d
2023-05-02 00:00:00-04:00,86.13936359685181,87.18900349275874,85.64425286163976,86.64437866210938,201200,0.0,0.0,AEIS,1d
2023-05-03 00:00:00-04:00,86.82262442138953,88.22873718681254,86.02054739621558,86.60477447509766,222400,0.0,0.0,AEIS,1d
2023-05-04 00:00:00-04:00,84.72334790046895,85.63435740896988,82.13886921836266,83.22811889648438,336500,0.0,0.0,AEIS,1d
2023-05-05 00:00:00-04:00,84.26785022809972,86.32751281230988,84.02029484696264,86.07005310058594,165600,0.0,0.0,AEIS,1d
2023-05-08 00:00:00-04:00,85.7828704233763,87.0602568356026,84.60451218720235,85.54521942138672,146700,0.0,0.0,AEIS,1d
2023-05-09 00:00:00-04:00,84.71345022723379,85.1194371035842,83.76283096280434,84.0995101928711,109400,0.0,0.0,AEIS,1d
2023-05-10 00:00:00-04:00,85.2085538833883,85.42639624380918,83.99057824597915,84.96099853515625,109400,0.0,0.0,AEIS,1d
2023-05-11 00:00:00-04:00,84.446083550192,84.86197474359447,83.42615667146161,84.71344757080078,135600,0.0,0.0,AEIS,1d
2023-05-12 00:00:00-04:00,84.71344561282255,85.15904223048472,84.0103817554953,84.56491088867188,80500,0.0,0.0,AEIS,1d
2023-05-15 00:00:00-04:00,84.79266746523217,86.8226246373197,84.72335225985698,86.38692474365234,152900,0.0,0.0,AEIS,1d
2023-05-16 00:00:00-04:00,85.62446043638931,87.1097927925988,85.2085691898005,86.85233306884766,127300,0.0,0.0,AEIS,1d
2023-05-17 00:00:00-04:00,87.43655931482357,90.11015427694879,87.21870938143154,89.72396850585938,131700,0.0,0.0,AEIS,1d
2023-05-18 00:00:00-04:00,89.93192130239326,92.09060459399247,89.51603006253796,91.45686340332031,99600,0.0,0.0,AEIS,1d
2023-05-19 00:00:00-04:00,92.66622820825485,92.66622820825485,91.19910878273528,91.96240234375,155700,0.1,0.0,AEIS,1d
2023-05-22 00:00:00-04:00,91.65510887997533,92.69597136089796,90.92155290499873,92.65631866455078,116400,0.0,0.0,AEIS,1d
2023-05-23 00:00:00-04:00,92.20032868908368,93.53857511618746,91.77407163540096,92.47789001464844,159600,0.0,0.0,AEIS,1d
2023-05-24 00:00:00-04:00,91.5559879330584,92.17059342904587,90.75304156871955,92.00206756591797,202400,0.0,0.0,AEIS,1d
2023-05-25 00:00:00-04:00,93.76656651922346,97.21627556762442,93.17179118342432,97.08740997314453,210400,0.0,0.0,AEIS,1d
2023-05-26 00:00:00-04:00,97.1468863467344,100.92371695700015,96.25471955136251,99.77381896972656,353800,0.0,0.0,AEIS,1d
2023-05-30 00:00:00-04:00,100.74528735090443,101.26076487986809,97.61279972965865,98.28688049316406,246200,0.0,0.0,AEIS,1d
2023-05-31 00:00:00-04:00,97.21626498726535,97.99938865997952,95.49141443227526,97.29557037353516,564600,0.0,0.0,AEIS,1d
2023-06-01 00:00:00-04:00,97.1270662164007,97.43436517913672,93.88552803904207,96.76028442382812,232500,0.0,0.0,AEIS,1d
2023-06-02 00:00:00-04:00,97.22620128285459,98.70322850052753,96.08621068596116,98.47522735595703,166300,0.0,0.0,AEIS,1d
2023-06-05 00:00:00-04:00,97.46410788413517,97.65245632295685,93.64762428161085,96.0267333984375,193000,0.0,0.0,AEIS,1d
2023-06-06 00:00:00-04:00,95.4418660085555,99.92252292172404,94.84709061700536,99.65486907958984,203200,0.0,0.0,AEIS,1d
2023-06-07 00:00:00-04:00,100.29919155241389,105.93966045024916,100.29919155241389,105.91983032226562,413700,0.0,0.0,AEIS,1d
2023-06-08 00:00:00-04:00,105.50348697549315,105.70174287480259,103.67950093733953,105.16644287109375,187800,0.0,0.0,AEIS,1d
2023-06-09 00:00:00-04:00,105.8504566901194,105.8504566901194,103.29291431139227,104.1355209350586,136100,0.0,0.0,AEIS,1d
2023-06-12 00:00:00-04:00,104.0661274265992,107.23826763932387,103.20369826111835,106.2767105102539,154600,0.0,0.0,AEIS,1d
2023-06-13 00:00:00-04:00,106.80208918254117,108.04120756127904,105.81079447955086,107.80329895019531,129300,0.0,0.0,AEIS,1d
2023-06-14 00:00:00-04:00,105.45392008513844,108.26920076891325,105.45392008513844,106.4253921508789,231700,0.0,0.0,AEIS,1d
2023-06-15 00:00:00-04:00,106.00905958813327,106.89131128232356,104.52211751078177,106.06853485107422,199100,0.0,0.0,AEIS,1d
2023-06-16 00:00:00-04:00,106.89130514110256,106.92104277086452,104.66089215321911,106.65338897705078,675500,0.0,0.0,AEIS,1d
2023-06-20 00:00:00-04:00,106.56418704031783,107.86278075991173,106.18749775298723,106.88140106201172,172400,0.0,0.0,AEIS,1d
2023-06-21 00:00:00-04:00,105.98922436627028,106.90121364811469,104.77984365805227,105.42418670654297,138000,0.0,0.0,AEIS,1d
2023-06-22 00:00:00-04:00,104.8888955148298,105.87028276676779,103.82821043042492,104.7996826171875,202700,0.0,0.0,AEIS,1d
2023-06-23 00:00:00-04:00,104.79967930334058,105.84053422448203,103.29290708943317,104.18507385253906,330400,0.0,0.0,AEIS,1d
2023-06-26 00:00:00-04:00,104.34368266841187,106.11810109626087,104.19498695020518,104.3238525390625,164300,0.0,0.0,AEIS,1d
2023-06-27 00:00:00-04:00,104.86907954977123,107.93217690266285,104.10577830576379,107.6248779296875,124300,0.0,0.0,AEIS,1d
2023-06-28 00:00:00-04:00,106.8417513472404,108.46747419918853,106.36593408290288,108.05113220214844,125400,0.0,0.0,AEIS,1d
2023-06-29 00:00:00-04:00,108.83424201505777,109.61736570679335,107.52573336173482,109.57771301269531,140000,0.0,0.0,AEIS,1d
2023-06-30 00:00:00-04:00,110.14276838310256,111.90727195787832,110.14276838310256,110.47980499267578,124900,0.0,0.0,AEIS,1d
2023-07-03 00:00:00-04:00,110.13285123351687,110.89615246801569,108.73512949235048,110.40050506591797,61800,0.0,0.0,AEIS,1d
2023-07-05 00:00:00-04:00,109.29023745673939,109.54797618878372,107.66451480165018,107.74382019042969,134000,0.0,0.0,AEIS,1d
2023-07-06 00:00:00-04:00,106.04870445092517,107.25807756493641,105.29531840308343,106.62364959716797,120000,0.0,0.0,AEIS,1d
2023-07-07 00:00:00-04:00,107.17879018984917,108.73512263172022,106.93096650443673,106.97061920166016,166500,0.0,0.0,AEIS,1d
2023-07-10 00:00:00-04:00,106.79217606504369,108.94328364229891,106.79217606504369,108.82432556152344,138200,0.0,0.0,AEIS,1d
2023-07-11 00:00:00-04:00,109.1118175741031,110.37075863363053,106.83183652477928,109.26051330566406,164700,0.0,0.0,AEIS,1d
2023-07-12 00:00:00-04:00,111.25300302370842,113.69158697984307,110.18240297575329,113.39419555664062,301000,0.0,0.0,AEIS,1d
2023-07-13 00:00:00-04:00,114.26654345038139,117.16112989219886,113.69159823848739,116.98269653320312,278700,0.0,0.0,AEIS,1d
2023-07-14 00:00:00-04:00,117.07190753224513,117.2007806890276,114.70271370360713,115.5750503540039,172100,0.0,0.0,AEIS,1d
2023-07-17 00:00:00-04:00,115.94183343222596,119.95658020806832,115.8129678369762,119.25276184082031,239200,0.0,0.0,AEIS,1d
2023-07-18 00:00:00-04:00,119.11398602477148,121.24526378054887,118.25155683169912,121.05692291259766,169800,0.0,0.0,AEIS,1d
2023-07-19 00:00:00-04:00,120.62075449257911,121.03709650356389,117.01244193808574,118.57868957519531,181200,0.0,0.0,AEIS,1d
2023-07-20 00:00:00-04:00,117.39905236301279,117.88478473418739,114.03856334139344,115.40654754638672,219400,0.0,0.0,AEIS,1d
2023-07-21 00:00:00-04:00,116.48705413400916,117.75591026867728,115.10915496623869,115.86253356933594,231300,0.0,0.0,AEIS,1d
2023-07-24 00:00:00-04:00,115.65435345643984,116.96286218759218,114.64323616722243,115.27766418457031,91600,0.0,0.0,AEIS,1d
2023-07-25 00:00:00-04:00,115.04966995711749,117.28008321619778,115.04966995711749,116.55644226074219,166600,0.0,0.0,AEIS,1d
2023-07-26 00:00:00-04:00,116.1103621714627,116.80427309895322,115.08932969383379,115.90219116210938,157700,0.0,0.0,AEIS,1d
2023-07-27 00:00:00-04:00,117.78564014268922,121.15604375521517,116.0211367239788,119.17345428466797,331300,0.0,0.0,AEIS,1d
2023-07-28 00:00:00-04:00,120.78926626390553,121.70125563758322,119.12389074706941,120.10527801513672,152100,0.0,0.0,AEIS,1d
2023-07-31 00:00:00-04:00,120.23414999816453,124.30837232603571,120.23414999816453,124.09028625488281,335400,0.0,0.0,AEIS,1d
2023-08-01 00:00:00-04:00,122.38524189884909,125.27982058749832,121.92924724759435,124.93286895751953,236100,0.0,0.0,AEIS,1d
2023-08-02 00:00:00-04:00,122.92054262473593,124.21913625973127,121.57238122961991,122.10768127441406,389200,0.0,0.0,AEIS,1d
2023-08-03 00:00:00-04:00,121.39395259227561,123.65410338268588,119.99623094577606,121.54264831542969,328600,0.0,0.0,AEIS,1d
2023-08-04 00:00:00-04:00,117.90460434112534,118.60842273207038,110.61858160906107,111.91718292236328,344100,0.0,0.0,AEIS,1d
2023-08-07 00:00:00-04:00,113.48342817929272,115.614705876559,112.66065170810849,114.76219177246094,216500,0.0,0.0,AEIS,1d
2023-08-08 00:00:00-04:00,113.9988802306421,114.70269849668266,112.39298023863414,114.02861785888672,158800,0.0,0.0,AEIS,1d
2023-08-09 00:00:00-04:00,113.38428837367765,113.6420271208365,111.8081333848901,112.83908081054688,96800,0.0,0.0,AEIS,1d
2023-08-10 00:00:00-04:00,113.30498485395893,115.42635486233766,112.0658665050004,112.7002944946289,101100,0.0,0.0,AEIS,1d
2023-08-11 00:00:00-04:00,111.92709297326293,112.73995435935672,110.67805948044315,110.88623046875,190800,0.0,0.0,AEIS,1d
2023-08-14 00:00:00-04:00,110.53928698782218,112.38309594958683,109.5777298067646,112.14517974853516,118700,0.0,0.0,AEIS,1d
2023-08-15 00:00:00-04:00,111.59004523950216,112.17491305134656,110.94570216519098,111.98656463623047,135600,0.0,0.0,AEIS,1d
2023-08-16 00:00:00-04:00,111.9568266544691,114.00880639591166,108.8639844452459,110.77718353271484,195200,0.0,0.0,AEIS,1d
2023-08-17 00:00:00-04:00,111.47108906072799,114.96045073612437,108.84416408374148,108.9234619140625,106900,0.0,0.0,AEIS,1d
2023-08-18 00:00:00-04:00,107.47486353497713,111.46349529127201,105.65913977560236,110.510986328125,144600,0.1,0.0,AEIS,1d
2023-08-21 00:00:00-04:00,110.62012911128915,112.8724223260548,109.6973848669329,112.1778793334961,138300,0.0,0.0,AEIS,1d
2023-08-22 00:00:00-04:00,113.46773650479537,113.66617302896283,111.67186098051482,112.55491638183594,112200,0.0,0.0,AEIS,1d
2023-08-23 00:00:00-04:00,112.64420166627974,115.36282119636216,111.77107043096203,114.43016052246094,96400,0.0,0.0,AEIS,1d
2023-08-24 00:00:00-04:00,115.39261032233587,115.39261032233587,111.25513963013336,111.50318908691406,135900,0.0,0.0,AEIS,1d
2023-08-25 00:00:00-04:00,111.88021511338778,112.76327046349634,109.68745909807244,111.64208221435547,106700,0.0,0.0,AEIS,1d
2023-08-28 00:00:00-04:00,111.75123351863554,114.22181144738371,111.75123351863554,113.05101776123047,113300,0.0,0.0,AEIS,1d
2023-08-29 00:00:00-04:00,112.81287886145661,117.1190209455453,111.40395990176975,116.56339263916016,122300,0.0,0.0,AEIS,1d
2023-08-30 00:00:00-04:00,115.88868824098128,118.36918235941096,115.87876414494472,117.20830535888672,87600,0.0,0.0,AEIS,1d
2023-08-31 00:00:00-04:00,117.14878845214844,118.59739626386435,117.02972199657674,117.14878845214844,185600,0.0,0.0,AEIS,1d
2023-09-01 00:00:00-04:00,117.55558409361271,118.74621827798376,116.66260467040064,117.22815704345703,115200,0.0,0.0,AEIS,1d
2023-09-05 00:00:00-04:00,116.09704917726765,117.26784270737704,111.40395096076462,113.35858154296875,173500,0.0,0.0,AEIS,1d
2023-09-06 00:00:00-04:00,113.26929528353297,116.1665108074969,112.37631582207345,113.44788360595703,101100,0.0,0.0,AEIS,1d
2023-09-07 00:00:00-04:00,109.16157484569761,109.16157484569761,103.90293219315191,104.91497039794922,598100,0.0,0.0,AEIS,1d
2023-09-08 00:00:00-04:00,105.61944566604207,106.86961692937612,102.11698887919574,103.2977066040039,1879300,0.0,0.0,AEIS,1d
2023-09-11 00:00:00-04:00,105.02412638506635,105.37139407057,103.05957915286403,103.4167709350586,382500,0.0,0.0,AEIS,1d
2023-09-12 00:00:00-04:00,103.3373992541333,105.07374535154356,102.10707613895998,102.66270446777344,254200,0.0,0.0,AEIS,1d
2023-09-13 00:00:00-04:00,101.92848724244365,106.66126759960966,101.91856314449903,103.53584289550781,239700,0.0,0.0,AEIS,1d
2023-09-14 00:00:00-04:00,104.33951728054748,106.17508157341081,102.9405148428811,105.83773040771484,364000,0.0,0.0,AEIS,1d
2023-09-15 00:00:00-04:00,105.06383011056536,105.06383011056536,102.25590836815023,103.76405334472656,645500,0.0,0.0,AEIS,1d
2023-09-18 00:00:00-04:00,103.08935052369773,104.2402960084565,102.03761573277721,102.62301635742188,305000,0.0,0.0,AEIS,1d
2023-09-19 00:00:00-04:00,102.53371168525028,103.70450533114709,100.93628027461845,100.98588562011719,148100,0.0,0.0,AEIS,1d
2023-09-20 00:00:00-04:00,101.69034882955229,102.1467589021086,99.65634791293407,100.04330444335938,122100,0.0,0.0,AEIS,1d
2023-09-21 00:00:00-04:00,99.0907885527724,101.20416696122196,98.5847655984033,99.47774505615234,247700,0.0,0.0,AEIS,1d
2023-09-22 00:00:00-04:00,99.83493296735303,100.76759363605926,98.54507295953262,98.84273529052734,157400,0.0,0.0,AEIS,1d
2023-09-25 00:00:00-04:00,98.25733601936241,100.9759555701184,98.07874013238617,99.72579193115234,112200,0.0,0.0,AEIS,1d
2023-09-26 00:00:00-04:00,99.34875777850347,99.35868187554618,97.17584985797215,97.91999816894531,136100,0.0,0.0,AEIS,1d
2023-09-27 00:00:00-04:00,98.89235314164453,100.14252449214581,97.9200035344857,99.30907440185547,266200,0.0,0.0,AEIS,1d
2023-09-28 00:00:00-04:00,98.89234139716265,103.19848328421578,98.89234139716265,101.56135559082031,297600,0.0,0.0,AEIS,1d
2023-09-29 00:00:00-04:00,102.70240150193155,103.6251458045872,100.03338686492208,102.31544494628906,236900,0.0,0.0,AEIS,1d
2023-10-02 00:00:00-04:00,102.45433545506053,103.74418790845418,101.19424015128153,101.432373046875,362300,0.0,0.0,AEIS,1d
2023-10-03 00:00:00-04:00,101.0156493962756,102.03761185637845,97.65209966628733,98.17796325683594,248200,0.0,0.0,AEIS,1d
2023-10-04 00:00:00-04:00,98.48554370772469,99.94407550659841,97.89022661447578,98.40616607666016,177300,0.0,0.0,AEIS,1d
2023-10-05 00:00:00-04:00,98.83281139074766,99.34875085298137,96.69958486735652,96.9178695678711,201100,0.0,0.0,AEIS,1d
2023-10-06 00:00:00-04:00,96.1737275832074,98.64429784503533,95.72724162656588,98.04898071289062,201600,0.0,0.0,AEIS,1d
2023-10-09 00:00:00-04:00,97.40404932188987,99.318991243281,95.79669384426016,98.65422058105469,129500,0.0,0.0,AEIS,1d
2023-10-10 00:00:00-04:00,98.79312392310382,101.9383887910408,98.25733626085824,101.30338287353516,396600,0.0,0.0,AEIS,1d
2023-10-11 00:00:00-04:00,101.20416682650736,103.07941990035027,99.69602963199144,100.44017791748047,273800,0.0,0.0,AEIS,1d
2023-10-12 00:00:00-04:00,101.32322752177365,104.06168760651295,99.37852102121357,100.0135269165039,249700,0.0,0.0,AEIS,1d
2023-10-13 00:00:00-04:00,100.18220205678739,100.18220205678739,94.22901591165862,94.51675415039062,407200,0.0,0.0,AEIS,1d
2023-10-16 00:00:00-04:00,95.62802076359229,97.4933574630377,95.14184596357167,96.50115966796875,247300,0.0,0.0,AEIS,1d
2023-10-17 00:00:00-04:00,95.37003272399892,97.80091373160339,94.52665873740416,96.89801788330078,286300,0.0,0.0,AEIS,1d
2023-10-18 00:00:00-04:00,95.35021385397964,95.91576633744641,93.32612928950145,94.83427429199219,219300,0.0,0.0,AEIS,1d
2023-10-19 00:00:00-04:00,95.42957881400189,97.96960260279707,91.59969493690839,91.8279037475586,346200,0.0,0.0,AEIS,1d
2023-10-20 00:00:00-04:00,92.10571911293702,92.84986742675936,90.12132360941082,90.17092895507812,351600,0.0,0.0,AEIS,1d
2023-10-23 00:00:00-04:00,89.46646336611084,91.07382633964139,87.70035269944198,88.60325622558594,419700,0.0,0.0,AEIS,1d
2023-10-24 00:00:00-04:00,89.55577677625725,91.9469695707325,88.8017043183483,90.07171630859375,279200,0.0,0.0,AEIS,1d
2023-10-25 00:00:00-04:00,89.26803290475586,90.20070121343089,86.99589914566266,87.10504150390625,297100,0.0,0.0,AEIS,1d
2023-10-26 00:00:00-04:00,87.77973491079219,90.16101099104895,87.18441778319499,87.71028137207031,374000,0.0,0.0,AEIS,1d
2023-10-27 00:00:00-04:00,87.96824785650472,88.633018469574,86.35096083173728,87.14472198486328,267900,0.0,0.0,AEIS,1d
2023-10-30 00:00:00-04:00,87.70035363996992,87.94840306367611,84.54516466763252,85.8945541381836,239200,0.0,0.0,AEIS,1d
2023-10-31 00:00:00-04:00,86.09299550823663,87.49199797043484,84.93212595654116,86.57917785644531,296700,0.0,0.0,AEIS,1d
2023-11-01 00:00:00-04:00,86.70815871276474,86.70815871276474,81.22130649642904,83.93992614746094,565100,0.0,0.0,AEIS,1d
2023-11-02 00:00:00-04:00,85.69612901337479,88.30560657232562,84.89244362627326,87.581298828125,352700,0.0,0.0,AEIS,1d
2023-11-03 00:00:00-04:00,89.41685447524802,92.13547390245907,89.41685447524802,91.03413391113281,344400,0.0,0.0,AEIS,1d
2023-11-06 00:00:00-05:00,90.79601400457038,91.24249994338379,87.97816858912846,89.1390380859375,228800,0.0,0.0,AEIS,1d
2023-11-07 00:00:00-05:00,88.47426651480417,88.54372005055617,86.25174580087241,86.85698699951172,254200,0.0,0.0,AEIS,1d
2023-11-08 00:00:00-05:00,87.03558786215808,87.95833207267522,85.28931770217409,86.05331420898438,140700,0.0,0.0,AEIS,1d
2023-11-09 00:00:00-05:00,86.94629436089602,87.01574790719431,84.59479031489043,84.6543197631836,155900,0.0,0.0,AEIS,1d
2023-11-10 00:00:00-05:00,85.20002807231359,88.88108101321278,84.63447562737475,88.75209045410156,249600,0.0,0.0,AEIS,1d
2023-11-13 00:00:00-05:00,88.35521218186209,88.37505280601154,86.92644500732422,86.92644500732422,141000,0.0,0.0,AEIS,1d
2023-11-14 00:00:00-05:00,90.35945199148297,93.42534708395065,90.06178962798843,93.38565826416016,240800,0.0,0.0,AEIS,1d
2023-11-15 00:00:00-05:00,93.44519123808931,97.82077969955597,93.37573769329995,94.98310089111328,430100,0.0,0.0,AEIS,1d
2023-11-16 00:00:00-05:00,94.2786258184382,95.50895646496484,93.09791565667119,94.36792755126953,240100,0.0,0.0,AEIS,1d
2023-11-17 00:00:00-05:00,95.05325099531592,95.7187288568498,93.5534611161433,95.00359344482422,237200,0.1,0.0,AEIS,1d
2023-11-20 00:00:00-05:00,94.95394623351335,96.73185055782076,93.18597645231269,96.2352294921875,188200,0.0,0.0,AEIS,1d
2023-11-21 00:00:00-05:00,95.45056561235153,96.05644390794396,93.940840933754,94.78509521484375,238900,0.0,0.0,AEIS,1d
2023-11-22 00:00:00-05:00,95.87765829407229,96.92056552578522,95.47043297527337,95.84786224365234,148000,0.0,0.0,AEIS,1d
2023-11-24 00:00:00-05:00,95.29164254061583,96.14583129046898,95.0333974916791,95.76839447021484,103200,0.0,0.0,AEIS,1d
2023-11-27 00:00:00-05:00,95.1426417371579,96.29479839132098,94.7453434648197,95.74851989746094,192600,0.0,0.0,AEIS,1d
2023-11-28 00:00:00-05:00,95.17246399289321,97.05962562286679,94.82483075054353,96.34449005126953,289000,0.0,0.0,AEIS,1d
2023-11-29 00:00:00-05:00,97.62576136328452,99.71156813903174,96.60272327095069,96.66231536865234,211500,0.0,0.0,AEIS,1d
2023-11-30 00:00:00-05:00,96.0961621538057,96.83115910171543,93.65278777737471,94.40765380859375,224400,0.0,0.0,AEIS,1d
2023-12-01 00:00:00-05:00,93.68257890487321,95.96703838403894,93.2654191113042,95.22210693359375,207400,0.0,0.0,AEIS,1d
2023-12-04 00:00:00-05:00,94.33812987960086,95.7088011317085,93.5534677787379,95.43069458007812,236800,0.0,0.0,AEIS,1d
2023-12-05 00:00:00-05:00,94.81487645805764,94.81487645805764,93.0667684891382,93.6627197265625,221400,0.0,0.0,AEIS,1d
2023-12-06 00:00:00-05:00,94.48710544295812,96.36433215138655,94.36792125692129,94.84467315673828,230200,0.0,0.0,AEIS,1d
2023-12-07 00:00:00-05:00,95.11285869327547,98.00318905337558,94.65596826987884,97.93366241455078,211100,0.0,0.0,AEIS,1d
2023-12-08 00:00:00-05:00,98.02306142479293,99.56258207263838,95.55981777927042,95.66907501220703,451700,0.0,0.0,AEIS,1d
2023-12-11 00:00:00-05:00,96.09616962515759,98.74812411551241,96.03657752626643,98.4600830078125,223900,0.0,0.0,AEIS,1d
2023-12-12 00:00:00-05:00,98.3309603296705,99.43345958201787,97.00994661969244,99.19508361816406,295100,0.0,0.0,AEIS,1d
2023-12-13 00:00:00-05:00,99.05603585767074,104.67778208347086,96.4636734256529,104.17122650146484,476600,0.0,0.0,AEIS,1d
2023-12-14 00:00:00-05:00,105.99880597633066,111.21332738759709,105.99880597633066,110.42866516113281,368500,0.0,0.0,AEIS,1d
2023-12-15 00:00:00-05:00,110.62729551093324,110.88554056271573,107.83628780788706,108.75006866455078,782300,0.0,0.0,AEIS,1d
2023-12-18 00:00:00-05:00,109.23676692266457,109.23676692266457,106.96224165782807,108.36270904541016,174800,0.0,0.0,AEIS,1d
2023-12-19 00:00:00-05:00,109.25662677359723,110.48824480816019,109.17716558999045,109.49500274658203,146000,0.0,0.0,AEIS,1d
2023-12-20 00:00:00-05:00,109.0579781308901,111.74966312792819,107.24034339388037,107.35952758789062,304800,0.0,0.0,AEIS,1d
2023-12-21 00:00:00-05:00,108.67061750165533,109.77310921745514,107.28007710106846,109.28642272949219,187300,0.0,0.0,AEIS,1d
2023-12-22 00:00:00-05:00,110.10087251998527,111.05438391623038,107.03175842374338,109.99161529541016,116600,0.0,0.0,AEIS,1d
2023-12-26 00:00:00-05:00,110.57764277171029,112.52439634245569,109.45527436960114,111.91851806640625,105200,0.0,0.0,AEIS,1d
2023-12-27 00:00:00-05:00,112.62371111351308,112.62371111351308,110.84580700302342,111.43182373046875,138800,0.0,0.0,AEIS,1d
2023-12-28 00:00:00-05:00,111.16365329192637,111.64041283108021,109.73338983013639,110.09095001220703,113100,0.0,0.0,AEIS,1d
2023-12-29 00:00:00-05:00,109.73337681973337,110.70674971242185,107.6674316914059,108.18391418457031,170300,0.0,0.0,AEIS,1d
2024-01-02 00:00:00-05:00,106.71392870286508,106.93244316719097,104.57845677127406,105.52203369140625,286900,0.0,0.0,AEIS,1d
2024-01-03 00:00:00-05:00,104.17121288980195,104.17121288980195,101.17162553787622,101.36034393310547,241500,0.0,0.0,AEIS,1d
2024-01-04 00:00:00-05:00,101.350425359686,101.350425359686,99.7413704206737,100.58562469482422,171500,0.0,0.0,AEIS,1d
2024-01-05 00:00:00-05:00,99.56257666038178,101.08223571864572,99.56257666038178,100.18832397460938,130700,0.0,0.0,AEIS,1d
2024-01-08 00:00:00-05:00,100.18832951295022,102.87008004897481,99.4831285583339,102.7210922241211,157400,0.0,0.0,AEIS,1d
2024-01-09 00:00:00-05:00,100.5955589256588,102.58204313059784,100.5955589256588,102.33373260498047,103100,0.0,0.0,AEIS,1d
2024-01-10 00:00:00-05:00,101.74772446699329,102.38339881300124,100.31745339955745,102.32379913330078,109800,0.0,0.0,AEIS,1d
2024-01-11 00:00:00-05:00,101.77751377003413,102.39331898936847,99.81089118269773,101.8271713256836,181300,0.0,0.0,AEIS,1d
2024-01-12 00:00:00-05:00,102.98928011262336,103.46603209711982,100.97299977713557,101.52921295166016,110300,0.0,0.0,AEIS,1d
2024-01-16 00:00:00-05:00,100.33731690530529,102.51251960070007,100.33731690530529,101.88677978515625,130900,0.0,0.0,AEIS,1d
2024-01-17 00:00:00-05:00,99.82081710976603,100.66507126129659,97.87406377497544,99.81088256835938,157500,0.0,0.0,AEIS,1d
2024-01-18 00:00:00-05:00,101.08223882559145,102.57210188189251,100.88359344921878,102.04568481445312,159500,0.0,0.0,AEIS,1d
2024-01-19 00:00:00-05:00,103.1481855081195,105.18433474434332,101.29082772207195,104.89629364013672,301100,0.0,0.0,AEIS,1d
2024-01-22 00:00:00-05:00,106.74371452532887,107.7468910255166,105.88952583452897,106.87283325195312,175700,0.0,0.0,AEIS,1d
2024-01-23 00:00:00-05:00,108.3130508571815,108.77986826509844,106.54507360568894,107.04169464111328,158100,0.0,0.0,AEIS,1d
2024-01-24 00:00:00-05:00,108.90898558539122,108.90898558539122,106.3066888467647,106.77351379394531,174800,0.0,0.0,AEIS,1d
2024-01-25 00:00:00-05:00,108.86925777801186,109.23676005127074,104.83669762544035,105.77033996582031,132500,0.0,0.0,AEIS,1d
2024-01-26 00:00:00-05:00,105.72069600465178,105.72069600465178,102.99920707990908,104.32022094726562,147300,0.0,0.0,AEIS,1d
2024-01-29 00:00:00-05:00,104.1116260735961,107.13108266110075,103.11838407419991,106.90263366699219,145100,0.0,0.0,AEIS,1d
2024-01-30 00:00:00-05:00,106.56493270696343,107.63763586166239,105.89946240052117,106.57486724853516,183000,0.0,0.0,AEIS,1d
2024-01-31 00:00:00-05:00,105.88953051820609,106.89270706276606,103.24750315356013,103.4759521484375,282100,0.0,0.0,AEIS,1d
2024-02-01 00:00:00-05:00,103.77393731115485,105.7107563632419,102.61183830206681,105.27372741699219,148200,0.0,0.0,AEIS,1d
2024-02-02 00:00:00-05:00,103.70440534397395,106.64440088182816,103.68453625952668,105.3233871459961,156400,0.0,0.0,AEIS,1d
2024-02-05 00:00:00-05:00,104.03217770692049,105.30352641026542,102.5224530161574,104.40961456298828,155100,0.0,0.0,AEIS,1d
2024-02-06 00:00:00-05:00,103.79380122421009,105.98886539339134,103.54549069496557,105.87960815429688,348000,0.0,0.0,AEIS,1d
2024-02-07 00:00:00-05:00,95.89752486008072,101.91656937751839,95.20225086459362,99.78109741210938,708900,0.0,0.0,AEIS,1d
2024-02-08 00:00:00-05:00,99.79102453905575,101.78744307257915,98.97656640554317,100.19824981689453,344600,0.0,0.0,AEIS,1d
2024-02-09 00:00:00-05:00,101.1617009834766,104.9062277447021,99.84068724212817,104.06196594238281,324400,0.0,0.0,AEIS,1d
2024-02-12 00:00:00-05:00,103.81366121523052,105.48230825048253,101.92650728281869,104.84663391113281,263400,0.0,0.0,AEIS,1d
2024-02-13 00:00:00-05:00,99.98968480453422,103.17799117701091,98.53955218382696,99.29441833496094,254300,0.0,0.0,AEIS,1d
2024-02-14 00:00:00-05:00,101.20142062314203,102.03574779290909,99.62216957648364,101.64837646484375,219700,0.0,0.0,AEIS,1d
2024-02-15 00:00:00-05:00,102.83152023749408,104.44214911430372,102.40400805579297,103.07012939453125,222000,0.1,0.0,AEIS,1d
2024-02-16 00:00:00-05:00,102.61277789971454,103.91519520154137,101.3700109826287,102.85138702392578,193800,0.0,0.0,AEIS,1d
2024-02-20 00:00:00-05:00,101.11152107459644,101.11152107459644,98.92425416730786,99.02367401123047,247300,0.0,0.0,AEIS,1d
2024-02-21 00:00:00-05:00,97.68148476527753,98.62598463730582,95.71293852868205,98.3376693725586,390000,0.0,0.0,AEIS,1d
2024-02-22 00:00:00-05:00,99.14296792191013,100.16700657699828,98.72540008716004,99.21256256103516,263900,0.0,0.0,AEIS,1d
2024-02-23 00:00:00-05:00,99.25234440691248,99.4014779623069,97.0849584795572,98.81488800048828,219300,0.0,0.0,AEIS,1d
2024-02-26 00:00:00-05:00,99.18274540305912,99.33187895190369,98.06922350163336,98.15870666503906,162300,0.0,0.0,AEIS,1d
2024-02-27 00:00:00-05:00,99.13303818101775,99.32194119426977,96.97559646694704,98.25813293457031,427600,0.0,0.0,AEIS,1d
2024-02-28 00:00:00-05:00,96.78669415733316,98.37743442846038,96.49837129799636,97.56217956542969,134700,0.0,0.0,AEIS,1d
2024-02-29 00:00:00-05:00,99.33187403604732,100.86295614502053,97.80078434182711,100.6144027709961,261100,0.0,0.0,AEIS,1d
2024-03-01 00:00:00-05:00,100.76354646001525,103.63682314627601,99.82899083753539,102.95082092285156,230300,0.0,0.0,AEIS,1d
2024-03-04 00:00:00-05:00,103.0204169685689,103.0204169685689,100.95245083991804,102.324462890625,267400,0.0,0.0,AEIS,1d
2024-03-05 00:00:00-05:00,100.72377980099975,101.66828729476886,99.29211734068072,100.04771423339844,110100,0.0,0.0,AEIS,1d
2024-03-06 00:00:00-05:00,100.74366842419975,103.53740628268484,100.74366842419975,101.81742095947266,149200,0.0,0.0,AEIS,1d
2024-03-07 00:00:00-05:00,102.64259318655031,106.08257077083886,102.64259318655031,105.10824584960938,199400,0.0,0.0,AEIS,1d
2024-03-08 00:00:00-05:00,106.13229809509721,106.54986597206114,102.77185897509378,102.96075439453125,142800,0.0,0.0,AEIS,1d
2024-03-11 00:00:00-04:00,101.7676940447884,102.6326625168903,99.72955334414178,99.84886169433594,230500,0.0,0.0,AEIS,1d
2024-03-12 00:00:00-04:00,99.84887052492469,100.22666895608135,98.85465694111991,99.74945068359375,185000,0.0,0.0,AEIS,1d
2024-03-13 00:00:00-04:00,98.92425495224533,99.65997090540769,97.35339561596123,97.56217956542969,231900,0.0,0.0,AEIS,1d
2024-03-14 00:00:00-04:00,96.86622888297062,98.75523619188266,94.9672773144426,96.25975799560547,237500,0.0,0.0,AEIS,1d
2024-03-15 00:00:00-04:00,95.30530219698475,96.54806901304678,95.0070351270312,95.19593811035156,1138700,0.0,0.0,AEIS,1d
2024-03-18 00:00:00-04:00,95.74277232903891,96.83640576759096,94.7187259535493,94.81815338134766,164000,0.0,0.0,AEIS,1d
2024-03-19 00:00:00-04:00,94.08242173834276,95.2158245331366,93.63502869285729,94.22161102294922,146200,0.0,0.0,AEIS,1d
2024-03-20 00:00:00-04:00,93.7444030820354,96.43872108033882,93.22740775221638,95.26554870605469,172100,0.0,0.0,AEIS,1d
2024-03-21 00:00:00-04:00,96.39894315791233,98.8248266034079,96.39894315791233,97.37327575683594,169300,0.0,0.0,AEIS,1d
2024-03-22 00:00:00-04:00,97.38322140432902,97.38322140432902,96.03109026931865,96.62762451171875,103400,0.0,0.0,AEIS,1d
2024-03-25 00:00:00-04:00,96.17028100676755,97.42298463112559,95.75270554673403,96.8861083984375,110100,0.0,0.0,AEIS,1d
2024-03-26 00:00:00-04:00,97.70136479169307,98.42714403979852,97.0849572290326,98.02945709228516,219300,0.0,0.0,AEIS,1d
2024-03-27 00:00:00-04:00,98.74529101914442,102.0759049464219,98.12887587786344,101.4296646118164,277900,0.0,0.0,AEIS,1d
2024-03-28 00:00:00-04:00,101.42966970651224,102.08585433360116,100.4752255459494,101.38990783691406,210100,0.0,0.0,AEIS,1d
2024-04-01 00:00:00-04:00,101.32031009956974,101.89694821414582,99.8886401097308,100.75360107421875,194800,0.0,0.0,AEIS,1d
2024-04-02 00:00:00-04:00,98.60610631189613,98.98390475365319,96.3691256855693,97.61189270019531,244100,0.0,0.0,AEIS,1d
2024-04-03 00:00:00-04:00,96.11062012742721,99.67985064455928,96.00125603230427,98.6657485961914,133700,0.0,0.0,AEIS,1d
2024-04-04 00:00:00-04:00,100.23661278259173,101.37001565641111,96.45859814636209,96.85628509521484,263600,0.0,0.0,AEIS,1d
2024-04-05 00:00:00-04:00,96.816512282419,97.77095637539925,95.72287889995708,97.39315795898438,185300,0.0,0.0,AEIS,1d
2024-04-08 00:00:00-04:00,98.00958158518546,99.46113257652296,97.74113965701974,98.4669189453125,170700,0.0,0.0,AEIS,1d
2024-04-09 00:00:00-04:00,99.10320688151552,100.28632343226926,97.46275300838784,100.1670150756836,124600,0.0,0.0,AEIS,1d
2024-04-10 00:00:00-04:00,96.52818055205374,98.21834797402319,95.36495263200644,95.96147918701172,192700,0.0,0.0,AEIS,1d
2024-04-11 00:00:00-04:00,96.3094727028451,99.18274935647258,95.64334383615385,99.10321044921875,156500,0.0,0.0,AEIS,1d
2024-04-12 00:00:00-04:00,97.53233826388143,99.40146441087713,95.16611297542023,95.96147918701172,125400,0.0,0.0,AEIS,1d
2024-04-15 00:00:00-04:00,95.9018317773467,96.83639487978974,93.58531253866171,94.3011474609375,117800,0.0,0.0,AEIS,1d
2024-04-16 00:00:00-04:00,93.35665405199323,94.9275132846487,92.94902285474511,94.40057373046875,123600,0.0,0.0,AEIS,1d
2024-04-17 00:00:00-04:00,94.91757478141544,95.23572283394653,91.82556984029391,91.8951644897461,197300,0.0,0.0,AEIS,1d
2024-04-18 00:00:00-04:00,91.22904577869316,92.8197860864879,90.18511842203982,90.28453826904297,198100,0.0,0.0,AEIS,1d
2024-04-19 00:00:00-04:00,89.29031807874783,90.99042236911167,88.60431587507315,89.18095397949219,188000,0.0,0.0,AEIS,1d
2024-04-22 00:00:00-04:00,90.23482343193119,90.81146152301224,88.84292295243915,90.50325775146484,121700,0.0,0.0,AEIS,1d
2024-04-23 00:00:00-04:00,90.57285221172087,94.30115299638486,90.57285221172087,92.561279296875,171800,0.0,0.0,AEIS,1d
2024-04-24 00:00:00-04:00,92.39227094986389,94.08243105037113,91.61678554880179,92.30278778076172,140300,0.0,0.0,AEIS,1d
2024-04-25 00:00:00-04:00,91.41793026963238,93.30693747756914,91.34833562653589,93.23734283447266,143400,0.0,0.0,AEIS,1d
2024-04-26 00:00:00-04:00,93.75434119485038,95.98137743238176,93.75434119485038,95.40473175048828,148200,0.0,0.0,AEIS,1d
2024-04-29 00:00:00-04:00,96.05097974055926,97.1943269361494,95.69306222567455,97.05513763427734,141200,0.0,0.0,AEIS,1d
2024-04-30 00:00:00-04:00,95.92172693115762,97.05512977476029,94.9871637640564,95.2854232788086,302700,0.0,0.0,AEIS,1d
2024-05-01 00:00:00-04:00,94.44035104530695,97.08496295478072,92.29285353847877,95.5240478515625,428100,0.0,0.0,AEIS,1d
2024-05-02 00:00:00-04:00,92.7104192337656,95.30531736551978,89.8769119592202,95.07664489746094,432200,0.0,0.0,AEIS,1d
2024-05-03 00:00:00-04:00,97.671534643639,98.39731385492915,95.38484808561319,97.42298126220703,259400,0.0,0.0,AEIS,1d
2024-05-06 00:00:00-04:00,98.50667410680632,101.36006195977569,94.31109197826588,99.54065704345703,319600,0.0,0.0,AEIS,1d
2024-05-07 00:00:00-04:00,100.28632591014897,102.30457825112723,99.95823361036744,100.85302734375,197300,0.0,0.0,AEIS,1d
2024-05-08 00:00:00-04:00,99.55060687874237,101.04192730632799,99.50090074897162,100.9822769165039,142200,0.0,0.0,AEIS,1d
2024-05-09 00:00:00-04:00,100.96239053890295,101.69810645298101,100.26643649239881,101.31036376953125,160900,0.0,0.0,AEIS,1d
2024-05-10 00:00:00-04:00,101.66828460465601,102.07590823530391,99.39153455614151,101.53903198242188,227600,0.0,0.0,AEIS,1d
2024-05-13 00:00:00-04:00,102.40398896170794,102.51335305188486,101.16122210537654,101.4793701171875,145600,0.0,0.0,AEIS,1d
2024-05-14 00:00:00-04:00,102.10574529919118,104.00469713209287,102.0560391646864,103.96492767333984,167100,0.0,0.0,AEIS,1d
2024-05-15 00:00:00-04:00,105.16789847022375,106.91771628178049,104.39241318591075,106.8481216430664,165000,0.0,0.0,AEIS,1d
2024-05-16 00:00:00-04:00,106.54986625380862,106.74871351854168,104.68074747680319,104.84976196289062,181000,0.0,0.0,AEIS,1d
2024-05-17 00:00:00-04:00,105.37670108487498,105.51589038700149,104.10410884529085,105.01878356933594,111200,0.0,0.0,AEIS,1d
2024-05-20 00:00:00-04:00,104.98894693552641,107.47448075305898,104.93924081032411,107.25575256347656,225400,0.0,0.0,AEIS,1d
2024-05-21 00:00:00-04:00,106.3609694061604,107.82245695978078,105.7544985310486,107.0072021484375,139500,0.0,0.0,AEIS,1d
2024-05-22 00:00:00-04:00,107.10663448991993,108.52836024165386,107.10663448991993,108.37922668457031,160100,0.0,0.0,AEIS,1d
2024-05-23 00:00:00-04:00,108.28966756070649,109.91172105448068,106.72731922860102,107.55327606201172,258800,0.1,0.0,AEIS,1d
2024-05-24 00:00:00-04:00,109.00615613042245,110.44908649748182,108.16030013620792,108.92654418945312,122200,0.0,0.0,AEIS,1d
2024-05-28 00:00:00-04:00,110.29981898278581,110.29981898278581,106.79697699994541,106.98605346679688,127800,0.0,0.0,AEIS,1d
2024-05-29 00:00:00-04:00,105.02565231406668,105.89141510715154,103.791697572919,103.80164337158203,98300,0.0,0.0,AEIS,1d
2024-05-30 00:00:00-04:00,104.44846878204669,107.11540790792974,104.39871701606435,106.3392105102539,214700,0.0,0.0,AEIS,1d
2024-05-31 00:00:00-04:00,106.51834960699165,108.11055061016224,105.1351242737172,106.90644836425781,202100,0.0,0.0,AEIS,1d
2024-06-03 00:00:00-04:00,107.95132083993411,107.95132083993411,105.78194487115891,107.68263244628906,145300,0.0,0.0,AEIS,1d
2024-06-04 00:00:00-04:00,106.46858135540113,106.46858135540113,104.96594581743265,105.90135955810547,178400,0.0,0.0,AEIS,1d
2024-06-05 00:00:00-04:00,107.36418703577425,109.19522356564491,106.55813707867578,109.0758056640625,145800,0.0,0.0,AEIS,1d
2024-06-06 00:00:00-04:00,107.97122014194193,108.96634659486305,106.3790193357106,107.01589965820312,143700,0.0,0.0,AEIS,1d
2024-06-07 00:00:00-04:00,105.74214370607065,106.87658730537053,104.01061813474966,104.87638092041016,111800,0.0,0.0,AEIS,1d
2024-06-10 00:00:00-04:00,103.4931503147922,105.4734498151885,102.91597515436723,104.80671691894531,118400,0.0,0.0,AEIS,1d
2024-06-11 00:00:00-04:00,103.85139336715446,105.98096328973077,102.83636017133237,104.97588348388672,137000,0.0,0.0,AEIS,1d
2024-06-12 00:00:00-04:00,108.72751758630734,111.09591579394895,107.62292662416978,109.06585693359375,172000,0.0,0.0,AEIS,1d
2024-06-13 00:00:00-04:00,108.32946980540352,109.42410742087456,106.40887538493942,108.43893432617188,112400,0.0,0.0,AEIS,1d
2024-06-14 00:00:00-04:00,106.54819643091054,106.54819643091054,105.3241874680005,106.21980285644531,114300,0.0,0.0,AEIS,1d
2024-06-17 00:00:00-04:00,106.06057760175948,108.81707449490322,105.2843801947447,108.4986343383789,192300,0.0,0.0,AEIS,1d
2024-06-18 00:00:00-04:00,108.7374681679242,109.29474416475304,107.67268312783956,108.38917541503906,154600,0.0,0.0,AEIS,1d
2024-06-20 00:00:00-04:00,108.27972429025016,109.4937799724072,107.26469848594631,108.10060119628906,291300,0.0,0.0,AEIS,1d
2024-06-21 00:00:00-04:00,107.68263284289185,108.94644769306625,106.56808847949088,108.78722381591797,423400,0.0,0.0,AEIS,1d
2024-06-24 00:00:00-04:00,108.7673238039916,108.95639266640848,107.67267863741466,108.22000122070312,120500,0.0,0.0,AEIS,1d
2024-06-25 00:00:00-04:00,108.200109177018,108.200109177018,106.62780746321414,107.29454040527344,97600,0.0,0.0,AEIS,1d
2024-06-26 00:00:00-04:00,106.4785273731359,107.29453073716678,105.90135222505717,107.18506622314453,152400,0.0,0.0,AEIS,1d
2024-06-27 00:00:00-04:00,108.00107303122417,108.3692725530598,104.8564773789047,107.145263671875,258600,0.0,0.0,AEIS,1d
2024-06-28 00:00:00-04:00,108.85687685322725,111.18547658925512,107.07559967692293,108.22994995117188,470300,0.0,0.0,AEIS,1d
2024-07-01 00:00:00-04:00,107.95131842958774,107.95131842958774,104.9858383286414,105.3142318725586,220900,0.0,0.0,AEIS,1d
2024-07-02 00:00:00-04:00,105.46350551885718,106.83677729977688,104.84652438076795,106.12028503417969,133900,0.0,0.0,AEIS,1d
2024-07-03 00:00:00-04:00,106.39891939357867,106.91638940496478,105.5331642314791,106.42877197265625,91300,0.0,0.0,AEIS,1d
2024-07-05 00:00:00-04:00,106.64770567697987,106.64770567697987,105.13511673054545,105.93121337890625,109000,0.0,0.0,AEIS,1d
2024-07-08 00:00:00-04:00,107.13532287835419,108.5682998789144,106.88654125278738,108.23990631103516,133000,0.0,0.0,AEIS,1d
2024-07-09 00:00:00-04:00,108.42899366033481,108.71758128602696,106.27952414761928,106.60791015625,140700,0.0,0.0,AEIS,1d
2024-07-10 00:00:00-04:00,107.11540562078589,110.63815400535277,107.11540562078589,110.53864288330078,186600,0.0,0.0,AEIS,1d
2024-07-11 00:00:00-04:00,113.39465643047095,114.64851788870696,111.45416288147308,113.2254867553711,184900,0.0,0.0,AEIS,1d
2024-07-12 00:00:00-04:00,114.44949943536423,115.91233658651534,113.20559132618303,113.31505584716797,143700,0.0,0.0,AEIS,1d
2024-07-15 00:00:00-04:00,112.68813039067777,116.21087935109341,112.66823119989931,114.44950866699219,146400,0.0,0.0,AEIS,1d
2024-07-16 00:00:00-04:00,115.70334297397827,119.16638618016292,115.70334297397827,119.02706909179688,206800,0.0,0.0,AEIS,1d
2024-07-17 00:00:00-04:00,116.97712610997417,118.01205101535183,113.98179314238511,114.15096282958984,398200,0.0,0.0,AEIS,1d
2024-07-18 00:00:00-04:00,113.57378652107555,115.76306941127923,110.33962534455418,111.5039291381836,145300,0.0,0.0,AEIS,1d
2024-07-19 00:00:00-04:00,111.83231199600948,111.8422653867097,107.98117734619811,108.0806884765625,147100,0.0,0.0,AEIS,1d
2024-07-22 00:00:00-04:00,109.53358271867762,112.66823297447336,108.33943385561892,112.47915649414062,262500,0.0,0.0,AEIS,1d
2024-07-23 00:00:00-04:00,111.62333160629788,114.01163659472545,111.62333160629788,112.83738708496094,120800,0.0,0.0,AEIS,1d
2024-07-24 00:00:00-04:00,111.772609282632,113.4145695423266,109.03601138054528,109.29474639892578,141600,0.0,0.0,AEIS,1d
2024-07-25 00:00:00-04:00,109.68284147007522,110.61826278762534,106.86663171905147,108.05083465576172,214400,0.0,0.0,AEIS,1d
2024-07-26 00:00:00-04:00,110.85708683734745,112.12089407446716,108.32946477089583,109.47386169433594,210100,0.0,0.0,AEIS,1d
2024-07-29 00:00:00-04:00,110.47894193407143,112.02139106333358,108.61806021712303,109.60323333740234,157100,0.0,0.0,AEIS,1d
2024-07-30 00:00:00-04:00,110.07094206187416,110.09084125117214,106.38897707252615,107.851806640625,340800,0.0,0.0,AEIS,1d
2024-07-31 00:00:00-04:00,113.86235550140924,118.24091297356223,111.12575803034007,115.8028564453125,637500,0.0,0.0,AEIS,1d
2024-08-01 00:00:00-04:00,113.93203259061913,115.38491639163325,105.82174997392366,107.11541748046875,327900,0.0,0.0,AEIS,1d
2024-08-02 00:00:00-04:00,101.52279864390984,103.86135191100986,100.47792041072809,101.1446533203125,275100,0.0,0.0,AEIS,1d
2024-08-05 00:00:00-04:00,94.69624102586262,99.63206753611634,93.36276757295886,97.3830795288086,303800,0.0,0.0,AEIS,1d
2024-08-06 00:00:00-04:00,97.19400326031683,99.98036049225519,96.11926482009382,98.17918395996094,201200,0.0,0.0,AEIS,1d
2024-08-07 00:00:00-04:00,100.05001451049309,100.56747692555625,95.05447546405483,95.21369934082031,202400,0.0,0.0,AEIS,1d
2024-08-08 00:00:00-04:00,97.12433907294303,99.00512743808366,96.16901860114241,98.95537567138672,278200,0.0,0.0,AEIS,1d
2024-08-09 00:00:00-04:00,98.44785315091379,99.42308034461828,97.00492293571645,98.93546295166016,120900,0.0,0.0,AEIS,1d
2024-08-12 00:00:00-04:00,98.97527381371589,99.36337251402709,97.20394998312386,98.07965850830078,146600,0.0,0.0,AEIS,1d
2024-08-13 00:00:00-04:00,99.39322970883308,101.86114671036205,98.44786259333593,101.84123992919922,261000,0.0,0.0,AEIS,1d
2024-08-14 00:00:00-04:00,102.74681769565825,102.94583997150065,99.60221411029879,100.40827178955078,116900,0.0,0.0,AEIS,1d
2024-08-15 00:00:00-04:00,105.32418306857271,108.28966332150684,104.04047658967102,107.51346588134766,265300,0.0,0.0,AEIS,1d
2024-08-16 00:00:00-04:00,106.82682014410283,108.79717380504727,106.33921032195158,107.67267608642578,145500,0.0,0.0,AEIS,1d
2024-08-19 00:00:00-04:00,107.51346193989654,108.87678790161479,106.96613935871456,108.75736999511719,155700,0.0,0.0,AEIS,1d
2024-08-20 00:00:00-04:00,108.13045189098995,108.39913271226625,105.80185187367294,106.34917449951172,135000,0.0,0.0,AEIS,1d
2024-08-21 00:00:00-04:00,106.64770727946186,108.4787440234089,106.64770727946186,108.04088592529297,185000,0.0,0.0,AEIS,1d
2024-08-22 00:00:00-04:00,108.20010682318856,109.24498508453298,106.60789836210876,107.05570983886719,179500,0.0,0.0,AEIS,1d
2024-08-23 00:00:00-04:00,107.25472461153984,111.14567256811199,106.84672672622996,110.16049194335938,276400,0.0,0.0,AEIS,1d
2024-08-26 00:00:00-04:00,110.87764117851209,111.67446521334581,108.70630366262127,109.21427917480469,163000,0.1,0.0,AEIS,1d
2024-08-27 00:00:00-04:00,108.80589665272117,110.15053046203094,107.15249716250202,108.20828247070312,181800,0.0,0.0,AEIS,1d
2024-08-28 00:00:00-04:00,107.40150845023997,108.80590146007869,105.61862061577477,106.13655090332031,164100,0.0,0.0,AEIS,1d
2024-08-29 00:00:00-04:00,106.88357064594136,108.84574350435226,106.07679184390362,106.6146469116211,205800,0.0,0.0,AEIS,1d
2024-08-30 00:00:00-04:00,107.48120943496657,107.75013321177438,104.22419894350072,105.6684341430664,522600,0.0,0.0,AEIS,1d
2024-09-03 00:00:00-04:00,104.224190643804,104.224190643804,98.32771681572632,98.44723510742188,282100,0.0,0.0,AEIS,1d
2024-09-04 00:00:00-04:00,97.38148784946631,99.34366087313634,97.03288016484723,97.35160827636719,242200,0.0,0.0,AEIS,1d
2024-09-05 00:00:00-04:00,97.01295940478413,97.88945977937064,95.98705357113427,96.32569885253906,207600,0.0,0.0,AEIS,1d
2024-09-06 00:00:00-04:00,95.87748946008288,96.19621755780636,93.06869572418309,93.40734100341797,203700,0.0,0.0,AEIS,1d
2024-09-09 00:00:00-04:00,93.64638218282407,94.3635222795424,92.0826213160099,92.48103332519531,299000,0.0,0.0,AEIS,1d
2024-09-10 00:00:00-04:00,92.39139914803972,93.52686849055705,91.76389773306931,93.41730499267578,183600,0.0,0.0,AEIS,1d
2024-09-11 00:00:00-04:00,93.22804604963909,96.20616210814414,91.7937735620964,96.06671905517578,168800,0.0,0.0,AEIS,1d
2024-09-12 00:00:00-04:00,96.55479781381254,96.83368397888628,94.6025870592182,95.6683349609375,130300,0.0,0.0,AEIS,1d
2024-09-13 00:00:00-04:00,96.96315522560835,98.4073978670359,96.89343369113098,98.23806762695312,121800,0.0,0.0,AEIS,1d
2024-09-16 00:00:00-04:00,97.70021856029342,98.49704265983156,96.10657796029491,98.4671630859375,305000,0.0,0.0,AEIS,1d
2024-09-17 00:00:00-04:00,99.94127231836258,100.74805876471063,97.83966387909628,98.57672119140625,160500,0.0,0.0,AEIS,1d
2024-09-18 00:00:00-04:00,98.8456467778695,100.83769935557227,97.33169016240952,97.44125366210938,355300,0.0,0.0,AEIS,1d
2024-09-19 00:00:00-04:00,101.4054333513394,101.96321323670152,98.74604500184692,101.35563659667969,278100,0.0,0.0,AEIS,1d
2024-09-20 00:00:00-04:00,102.21221559660897,102.21221559660897,100.08072004859659,101.1863021850586,605700,0.0,0.0,AEIS,1d
2024-09-23 00:00:00-04:00,101.77396962529093,101.85365355462554,100.61857544717245,100.75802612304688,166100,0.0,0.0,AEIS,1d
2024-09-24 00:00:00-04:00,101.60464218056414,103.1684031243506,100.32972976767805,100.9671859741211,155900,0.0,0.0,AEIS,1d
2024-09-25 00:00:00-04:00,100.42932684571771,101.82376509101874,99.01497141936079,99.17433166503906,158600,0.0,0.0,AEIS,1d
2024-09-26 00:00:00-04:00,102.87955351304178,104.26402940928446,100.53889331717608,103.3974838256836,161700,0.0,0.0,AEIS,1d
2024-09-27 00:00:00-04:00,104.5429044753088,104.9014744995782,103.05882762985162,104.283935546875,147300,0.0,0.0,AEIS,1d
2024-09-30 00:00:00-04:00,103.19828018304922,105.09073157442855,103.19828018304922,104.8218002319336,193100,0.0,0.0,AEIS,1d
2024-10-01 00:00:00-04:00,104.80188346318407,104.80188346318407,100.98710109381268,102.53094482421875,167200,0.0,0.0,AEIS,1d
2024-10-02 00:00:00-04:00,102.09268589270106,103.54688323840541,101.17634360895477,101.30582427978516,160400,0.0,0.0,AEIS,1d
2024-10-03 00:00:00-04:00,100.20023944275412,102.57078678619254,100.20023944275412,102.53094482421875,211800,0.0,0.0,AEIS,1d
2024-10-04 00:00:00-04:00,104.83175536515687,105.52897065099516,102.94926649431676,105.11064147949219,183700,0.0,0.0,AEIS,1d
2024-10-07 00:00:00-04:00,105.02101832008258,105.02101832008258,103.46721208304095,104.68236541748047,168500,0.0,0.0,AEIS,1d
2024-10-08 00:00:00-04:00,104.9214055163962,105.67838762291714,103.76601897399031,105.23017883300781,177500,0.0,0.0,AEIS,1d
2024-10-09 00:00:00-04:00,105.55885744097542,107.70030763940206,104.64250758406185,106.44532012939453,191300,0.0,0.0,AEIS,1d
2024-10-10 00:00:00-04:00,104.68236207271104,107.24214934660516,103.71621535081914,107.00310516357422,281000,0.0,0.0,AEIS,1d
2024-10-11 00:00:00-04:00,106.37560678735811,109.41348229748637,105.79790973723424,108.88558959960938,263900,0.0,0.0,AEIS,1d
2024-10-14 00:00:00-04:00,108.83578605119035,111.34577648105687,108.83578605119035,110.65851593017578,197800,0.0,0.0,AEIS,1d
2024-10-15 00:00:00-04:00,111.01709250980943,112.52109437796717,105.46922622164206,106.20628356933594,384800,0.0,0.0,AEIS,1d
2024-10-16 00:00:00-04:00,108.31784446451728,113.2083365380122,107.87959052417476,110.29993438720703,425500,0.0,0.0,AEIS,1d
2024-10-17 00:00:00-04:00,110.9971608481597,111.42545241306208,110.09077336931271,110.60871124267578,218400,0.0,0.0,AEIS,1d
2024-10-18 00:00:00-04:00,111.38561742688815,111.45533896046612,109.75213498385214,110.03102111816406,273200,0.0,0.0,AEIS,1d
2024-10-21 00:00:00-04:00,109.42344366817458,110.60871732909553,107.47123314370769,108.25809478759766,134700,0.0,0.0,AEIS,1d
2024-10-22 00:00:00-04:00,107.34174270102152,107.62063642666519,106.0967099223654,106.28595733642578,160300,0.0,0.0,AEIS,1d
2024-10-23 00:00:00-04:00,106.02699755675727,106.88358079045045,104.28395151595238,105.57878875732422,140400,0.0,0.0,AEIS,1d
2024-10-24 00:00:00-04:00,106.75409349941724,107.19234747997434,105.30985848032999,106.92341613769531,133600,0.0,0.0,AEIS,1d
2024-10-25 00:00:00-04:00,108.04893385029825,108.74614920442367,106.51505247214492,106.70429229736328,246700,0.0,0.0,AEIS,1d
2024-10-28 00:00:00-04:00,107.42143128776293,108.99515461210686,107.41146889735947,107.93936920166016,118800,0.0,0.0,AEIS,1d
2024-10-29 00:00:00-04:00,106.94334316507333,110.73820081566377,106.94334316507333,110.56887817382812,198400,0.0,0.0,AEIS,1d
2024-10-30 00:00:00-04:00,109.3138787483375,110.63859545808674,107.11266169180921,107.34174346923828,240500,0.0,0.0,AEIS,1d
2024-10-31 00:00:00-04:00,111.47526837615598,113.3776823711212,105.62859850695678,108.09873962402344,529700,0.0,0.0,AEIS,1d
2024-11-01 00:00:00-04:00,107.9393617516352,110.81787685429452,101.35562797866758,109.13459014892578,206100,0.0,0.0,AEIS,1d
2024-11-04 00:00:00-05:00,108.51706194815758,109.891583100536,108.12861230050565,109.63261413574219,251700,0.0,0.0,AEIS,1d
2024-11-05 00:00:00-05:00,109.04495859667088,111.2860176880065,109.04495859667088,110.9473648071289,175700,0.0,0.0,AEIS,1d
2024-11-06 00:00:00-05:00,117.42153517963256,120.32993003495886,114.93146952971401,117.49125671386719,599400,0.0,0.0,AEIS,1d
2024-11-07 00:00:00-05:00,117.54105844837177,117.95938764446161,116.04701909169907,116.85379791259766,219800,0.0,0.0,AEIS,1d
2024-11-08 00:00:00-05:00,116.6346772765656,117.65062834991673,115.94742430243959,116.89364624023438,214400,0.0,0.0,AEIS,1d
2024-11-11 00:00:00-05:00,117.40161022170781,117.53109089125935,115.24022760544307,116.53506469726562,225000,0.0,0.0,AEIS,1d
2024-11-12 00:00:00-05:00,116.43546737648946,116.66454915305965,113.72627482504986,113.8358383178711,176900,0.0,0.0,AEIS,1d
2024-11-13 00:00:00-05:00,114.23425141075492,115.04103023001397,112.15255262650123,112.3617172241211,209000,0.0,0.0,AEIS,1d
2024-11-14 00:00:00-05:00,112.65056760307631,113.36770772050676,111.33581325414623,111.704345703125,163700,0.0,0.0,AEIS,1d
2024-11-15 00:00:00-05:00,111.53502080441703,111.77406497235859,108.12860531563376,109.01506805419922,192000,0.0,0.0,AEIS,1d
2024-11-18 00:00:00-05:00,109.07482818601436,109.97125326032193,108.20828268100428,109.40351104736328,223000,0.0,0.0,AEIS,1d
2024-11-19 00:00:00-05:00,107.6106749685005,112.42148349066323,107.58079539740635,111.11668395996094,310700,0.0,0.0,AEIS,1d
2024-11-20 00:00:00-05:00,110.51907377759187,112.14259385864946,108.35769859996296,110.32982635498047,232300,0.0,0.0,AEIS,1d
2024-11-21 00:00:00-05:00,111.08681365122267,113.57687943771677,110.39955306244542,112.08283996582031,155500,0.0,0.0,AEIS,1d
2024-11-22 00:00:00-05:00,112.29200034884755,115.63864924772054,112.28204555741263,114.73226928710938,304500,0.0,0.0,AEIS,1d
2024-11-25 00:00:00-05:00,116.6861741810035,119.00892601498187,116.45688574811467,116.98523712158203,322300,0.1,0.0,AEIS,1d
2024-11-26 00:00:00-05:00,116.63632626782788,117.97215746495527,115.14098875157367,116.84567260742188,383500,0.0,0.0,AEIS,1d
2024-11-27 00:00:00-05:00,116.89551576058211,117.6631189763879,113.67555241896025,114.21387481689453,143000,0.0,0.0,AEIS,1d
2024-11-29 00:00:00-05:00,114.95156858079723,116.38709492633994,114.53287593190707,114.68241119384766,104300,0.0,0.0,AEIS,1d
2024-12-02 00:00:00-05:00,114.9017446280701,118.71983423009878,114.53289194447217,118.33104705810547,223800,0.0,0.0,AEIS,1d
2024-12-03 00:00:00-05:00,117.63321969488885,118.21141870180321,116.5964514221845,117.68306732177734,321400,0.0,0.0,AEIS,1d
2024-12-04 00:00:00-05:00,118.52045214122232,119.20830983954725,117.48368387334126,118.21141815185547,140200,0.0,0.0,AEIS,1d
2024-12-05 00:00:00-05:00,117.80269076962739,117.9322915587093,113.99456476673042,114.34347534179688,177100,0.0,0.0,AEIS,1d
2024-12-06 00:00:00-05:00,114.88180700170899,117.57341938058522,114.642555103258,117.06500244140625,145900,0.0,0.0,AEIS,1d
2024-12-09 00:00:00-05:00,117.76280921229764,119.07870590099733,117.523557343174,118.02200317382812,126900,0.0,0.0,AEIS,1d
2024-12-10 00:00:00-05:00,117.66312431585597,118.58026284032032,115.01139638978647,116.18772888183594,145500,0.0,0.0,AEIS,1d
2024-12-11 00:00:00-05:00,117.83259836380516,119.26812487566642,116.59645475952476,117.47371673583984,257700,0.0,0.0,AEIS,1d
2024-12-12 00:00:00-05:00,116.97526946453496,117.83259694259159,116.05813091776558,116.77589416503906,135500,0.0,0.0,AEIS,1d
2024-12-13 00:00:00-05:00,117.02511398671648,117.63321852142569,115.70921727019551,116.85564422607422,103600,0.0,0.0,AEIS,1d
2024-12-16 00:00:00-05:00,119.62700019819516,123.63450135833557,117.932287404326,122.33854675292969,352000,0.0,0.0,AEIS,1d
2024-12-17 00:00:00-05:00,121.22203034880168,122.74727344736164,119.16843586113848,120.27498626708984,223000,0.0,0.0,AEIS,1d
2024-12-18 00:00:00-05:00,120.66375977544567,124.09306930185977,114.58272255680244,115.7391128540039,291900,0.0,0.0,AEIS,1d
2024-12-19 00:00:00-05:00,116.06810363661789,118.68992613059385,113.01761739743793,113.57587432861328,247000,0.0,0.0,AEIS,1d
2024-12-20 00:00:00-05:00,111.80140154203916,115.14098709241479,110.82444436566502,112.64875793457031,475500,0.0,0.0,AEIS,1d
2024-12-23 00:00:00-05:00,112.35965734057012,114.08428324742876,111.44251884481719,113.1671371459961,136100,0.0,0.0,AEIS,1d
2024-12-24 00:00:00-05:00,113.22695961632147,115.91856412850964,112.05062712162648,115.78897094726562,69500,0.0,0.0,AEIS,1d
2024-12-26 00:00:00-05:00,115.01140112980413,117.4936593971581,114.77214163955101,116.94536590576172,90900,0.0,0.0,AEIS,1d
2024-12-27 00:00:00-05:00,116.47681726258793,116.53663593372093,113.53598992404609,114.7821044921875,182100,0.0,0.0,AEIS,1d
2024-12-30 00:00:00-05:00,113.29674698044248,115.92854054719763,111.55218644763309,114.67245483398438,165900,0.0,0.0,AEIS,1d
2024-12-31 00:00:00-05:00,115.42011938202803,116.64629951499032,114.59269744872634,115.27058410644531,277100,0.0,0.0,AEIS,1d
2025-01-02 00:00:00-05:00,115.92854281720192,117.62325575427174,113.35656027024893,114.98149108886719,187100,0.0,0.0,AEIS,1d
2025-01-03 00:00:00-05:00,115.41014677890614,118.55035710107026,114.3235384953085,118.20144653320312,169300,0.0,0.0,AEIS,1d
2025-01-06 00:00:00-05:00,121.6207760423415,123.79400004962035,120.15534416328327,120.8631362915039,282100,0.0,0.0,AEIS,1d
2025-01-07 00:00:00-05:00,124.61146320914514,128.29995947786378,122.81705509666139,124.84075164794922,361900,0.0,0.0,AEIS,1d
2025-01-08 00:00:00-05:00,123.15599735456902,123.15599735456902,117.38399369461104,118.30113220214844,266400,0.0,0.0,AEIS,1d
2025-01-10 00:00:00-05:00,115.65936553833434,118.47059967864456,114.5926917802725,117.99209594726562,167700,0.0,0.0,AEIS,1d
2025-01-13 00:00:00-05:00,115.52977618152934,117.59334165480897,114.30360367436546,116.98523712158203,149300,0.0,0.0,AEIS,1d
2025-01-14 00:00:00-05:00,117.98213138928834,119.47746894201869,116.47682278994937,117.7030029296875,353700,0.0,0.0,AEIS,1d
2025-01-15 00:00:00-05:00,120.76346530972995,121.93979787236445,118.49055334937731,120.75349426269531,253200,0.0,0.0,AEIS,1d
2025-01-16 00:00:00-05:00,121.42141065340574,122.41830234151028,119.14849121575618,119.2880630493164,242800,0.0,0.0,AEIS,1d
2025-01-17 00:00:00-05:00,121.35163711680806,121.87001748476325,119.83635738460578,120.78340911865234,173900,0.0,0.0,AEIS,1d
2025-01-21 00:00:00-05:00,122.31860331292089,127.26319262630828,121.18214743201162,127.15353393554688,337600,0.0,0.0,AEIS,1d
2025-01-22 00:00:00-05:00,127.92115356061456,130.09437022148202,124.96037631229515,125.55850982666016,361800,0.0,0.0,AEIS,1d
2025-01-23 00:00:00-05:00,124.18279525107964,125.59837959966313,123.1360559534246,124.90055847167969,248400,0.0,0.0,AEIS,1d
2025-01-24 00:00:00-05:00,124.81083822019069,125.16971984185984,122.94665560251602,124.97034454345703,232100,0.0,0.0,AEIS,1d
2025-01-27 00:00:00-05:00,122.14913368144065,122.19898130663034,111.42257730794074,112.90795135498047,433300,0.0,0.0,AEIS,1d
2025-01-28 00:00:00-05:00,113.8350657483594,114.14409974179028,110.90420171418488,113.66558837890625,243400,0.0,0.0,AEIS,1d
2025-01-29 00:00:00-05:00,115.56965340316074,115.56965340316074,110.5752239292621,112.28987884521484,192000,0.0,0.0,AEIS,1d
2025-01-30 00:00:00-05:00,114.50297262350767,116.2674674527587,112.7783467662474,114.453125,260900,0.0,0.0,AEIS,1d
2025-01-31 00:00:00-05:00,114.70235557544878,117.46374981973013,114.25375735660337,114.72229766845703,401100,0.0,0.0,AEIS,1d
2025-02-03 00:00:00-05:00,111.49236807523988,113.59581024612089,110.30607208156336,111.04376983642578,209600,0.0,0.0,AEIS,1d
2025-02-04 00:00:00-05:00,110.16650141342302,111.86121422295193,109.66805557465806,111.06370544433594,199000,0.0,0.0,AEIS,1d
2025-02-05 00:00:00-05:00,111.40265811139746,114.63258539819097,111.32290494241964,113.58585357666016,210700,0.0,0.0,AEIS,1d
2025-02-06 00:00:00-05:00,113.75531399275336,114.8219878215662,111.64190082289083,112.74845123291016,173100,0.0,0.0,AEIS,1d
2025-02-07 00:00:00-05:00,112.93786738250098,113.2169958558697,109.92725003532578,111.34284210205078,190300,0.0,0.0,AEIS,1d
2025-02-10 00:00:00-05:00,111.85125476309925,112.8979941752079,110.8045229566713,112.47930145263672,279500,0.0,0.0,AEIS,1d
2025-02-11 00:00:00-05:00,111.56216376551846,113.80517029092532,110.1066950604776,111.01387023925781,231100,0.0,0.0,AEIS,1d
2025-02-12 00:00:00-05:00,108.89048292021391,111.05373606761424,107.6044917241844,110.82444763183594,323200,0.0,0.0,AEIS,1d
2025-02-13 00:00:00-05:00,115.44005614715873,123.91363517471952,113.24688995308811,123.10614776611328,692300,0.0,0.0,AEIS,1d
2025-02-14 00:00:00-05:00,122.83699630731626,125.11987920958586,121.4911940354637,123.88372802734375,405500,0.0,0.0,AEIS,1d
2025-02-18 00:00:00-05:00,124.14292375670013,126.42580669130068,121.29181285012862,126.33609008789062,267600,0.0,0.0,AEIS,1d
2025-02-19 00:00:00-05:00,126.58530296526128,131.2308140223053,125.33918842341647,131.13111877441406,390200,0.0,0.0,AEIS,1d
2025-02-20 00:00:00-05:00,130.81210985724223,131.74919034411477,127.58218337842902,129.85508728027344,397300,0.0,0.0,AEIS,1d
2025-02-21 00:00:00-05:00,131.74920913436424,131.74920913436424,124.66130862436123,126.14667510986328,272700,0.0,0.0,AEIS,1d
2025-02-24 00:00:00-05:00,126.34620279128264,127.21418718782718,123.41302096516883,125.48819732666016,248500,0.1,0.0,AEIS,1d
2025-02-25 00:00:00-05:00,125.17891535095089,125.85733807998625,121.1482870915872,121.21812438964844,1177100,0.0,0.0,AEIS,1d
2025-02-26 00:00:00-05:00,121.68703339085435,124.71000263690172,121.47752149982769,123.11371612548828,224800,0.0,0.0,AEIS,1d
2025-02-27 00:00:00-05:00,123.70234800859114,124.45060805056953,116.06012273793324,116.1598892211914,248400,0.0,0.0,AEIS,1d
2025-02-28 00:00:00-05:00,116.09005083429321,116.09005083429321,112.57821280762198,114.9028091430664,355000,0.0,0.0,AEIS,1d
2025-03-03 00:00:00-05:00,114.6533925123288,115.40165256936282,106.04341619626729,107.18077087402344,536000,0.0,0.0,AEIS,1d
2025-03-04 00:00:00-05:00,105.53460184272079,108.49771301606526,103.16012589807374,106.84156036376953,491300,0.0,0.0,AEIS,1d
2025-03-05 00:00:00-05:00,106.1132529377807,110.68262948878935,105.72415831910959,110.34341430664062,299000,0.0,0.0,AEIS,1d
2025-03-06 00:00:00-05:00,108.01882727750015,110.04412439056419,104.48704621908836,105.7441177368164,325700,0.0,0.0,AEIS,1d
2025-03-07 00:00:00-05:00,105.72415984945262,109.71488019036349,103.31974719044022,109.41557312011719,412400,0.0,0.0,AEIS,1d
2025-03-10 00:00:00-04:00,106.69191015970847,107.70954049186479,103.86847370732823,105.23529815673828,309600,0.0,0.0,AEIS,1d
2025-03-11 00:00:00-04:00,105.24526876136976,106.6819305021212,101.71348038981905,103.01046752929688,316400,0.0,0.0,AEIS,1d
2025-03-12 00:00:00-04:00,105.1255541084268,107.01116887470168,104.07798696640961,105.52462005615234,275200,0.0,0.0,AEIS,1d
2025-03-13 00:00:00-04:00,105.11557556914427,105.1355258219271,100.28679994432584,101.37427520751953,275800,0.0,0.0,AEIS,1d
2025-03-14 00:00:00-04:00,102.92067989140178,106.29283579488805,102.40188199136088,105.94364929199219,144900,0.0,0.0,AEIS,1d
2025-03-17 00:00:00-04:00,105.2652257302942,108.19839994379407,104.09793427001183,107.14086151123047,173700,0.0,0.0,AEIS,1d
2025-03-18 00:00:00-04:00,105.6742737660419,106.5522371205489,104.62671423399841,105.2851791381836,250100,0.0,0.0,AEIS,1d
2025-03-19 00:00:00-04:00,104.94597167004825,107.38030592685259,104.00814994463717,106.0234603881836,198600,0.0,0.0,AEIS,1d
2025-03-20 00:00:00-04:00,104.3872672154898,106.45246473963996,104.34735909766864,105.58448791503906,177600,0.0,0.0,AEIS,1d
2025-03-21 00:00:00-04:00,104.29747722484419,105.45478216786543,101.84318512384023,105.01580810546875,701200,0.0,0.0,AEIS,1d
2025-03-24 00:00:00-04:00,107.55989377188521,108.43785716913517,106.34272277965808,106.92137908935547,198900,0.0,0.0,AEIS,1d
2025-03-25 00:00:00-04:00,106.84155397079164,108.08865404578003,104.686568999293,107.85919189453125,388300,0.0,0.0,AEIS,1d
2025-03-26 00:00:00-04:00,109.20606483975358,109.20606483975358,103.92833610034795,104.87613677978516,298600,0.0,0.0,AEIS,1d
2025-03-27 00:00:00-04:00,104.0081541921892,104.68657698922956,99.69817630854902,99.7879638671875,376900,0.0,0.0,AEIS,1d
2025-03-28 00:00:00-04:00,99.99747339773715,99.99747339773715,92.92391798156443,94.58007049560547,654300,0.0,0.0,AEIS,1d
2025-03-31 00:00:00-04:00,92.55477422410006,95.80721329499708,90.88865037938237,95.08888244628906,367600,0.0,0.0,AEIS,1d
2025-04-01 00:00:00-04:00,94.37055455250709,96.93459965008972,92.76429663601643,94.93923950195312,300600,0.0,0.0,AEIS,1d
2025-04-02 00:00:00-04:00,92.92391812552079,97.67287723742672,92.68447704768782,96.29607391357422,250800,0.0,0.0,AEIS,1d
2025-04-03 00:00:00-04:00,89.83111450932603,90.29004642859839,82.96707836082064,83.67543029785156,642800,0.0,0.0,AEIS,1d
2025-04-04 00:00:00-04:00,79.78447852565931,81.68007223112697,74.92577371606147,78.8466567993164,836000,0.0,0.0,AEIS,1d
2025-04-07 00:00:00-04:00,75.43459140268781,86.34921390566535,74.83598487746363,81.73992919921875,734300,0.0,0.0,AEIS,1d
2025-04-08 00:00:00-04:00,85.30165348596817,86.32926283055943,78.07845127527322,79.98401641845703,473000,0.0,0.0,AEIS,1d
2025-04-09 00:00:00-04:00,79.61487826525712,96.63529902830001,79.61487826525712,95.38819885253906,994200,0.0,0.0,AEIS,1d
2025-04-10 00:00:00-04:00,89.66151530750642,90.8986365275553,83.49585184886158,86.50884246826172,513500,0.0,0.0,AEIS,1d
2025-04-11 00:00:00-04:00,85.77056315001353,88.77358251306384,83.41603740254287,86.5687026977539,371300,0.0,0.0,AEIS,1d
2025-04-14 00:00:00-04:00,90.14039558910319,90.29004912656913,86.03992976569025,88.65385437011719,351000,0.0,0.0,AEIS,1d
2025-04-15 00:00:00-04:00,88.60396931231038,90.3997965788835,87.6162681215428,88.963134765625,308000,0.0,0.0,AEIS,1d
2025-04-16 00:00:00-04:00,86.60860399832393,87.76591652722276,82.44827995449302,85.3714828491211,409000,0.0,0.0,AEIS,1d
2025-04-17 00:00:00-04:00,85.74062703340584,88.16498989049549,84.42368965496793,86.58865356445312,281100,0.0,0.0,AEIS,1d
2025-04-21 00:00:00-04:00,84.32392261096815,86.06986286688628,84.00466526863951,85.84040069580078,234600,0.0,0.0,AEIS,1d
2025-04-22 00:00:00-04:00,87.39677489180922,88.79352854862091,86.06985853725334,87.90559387207031,252400,0.0,0.0,AEIS,1d
2025-04-23 00:00:00-04:00,92.57473525260933,96.48563932740495,91.17798162255521,91.27774810791016,275500,0.0,0.0,AEIS,1d
2025-04-24 00:00:00-04:00,92.6745027467543,97.04433879110564,92.6745027467543,96.69515228271484,229600,0.0,0.0,AEIS,1d
2025-04-25 00:00:00-04:00,95.50791295411925,100.51626337303973,95.1188107383033,100.43644714355469,412200,0.0,0.0,AEIS,1d
2025-04-28 00:00:00-04:00,99.63830562848631,100.76568130285278,96.6053574758684,98.66057586669922,267100,0.0,0.0,AEIS,1d
2025-04-29 00:00:00-04:00,98.0719577193436,98.76035181831988,94.46035298602766,97.00444030761719,554900,0.0,0.0,AEIS,1d
2025-04-30 00:00:00-04:00,93.98146121629756,97.43344101801777,92.61464436763866,97.18402099609375,435600,0.0,0.0,AEIS,1d
2025-05-01 00:00:00-04:00,110.0042118750352,114.62346807835485,107.81928998220188,108.05873107910156,1161400,0.0,0.0,AEIS,1d
2025-05-02 00:00:00-04:00,109.15617880624765,114.3441120634955,109.15617880624765,111.03181457519531,550400,0.0,0.0,AEIS,1d
2025-05-05 00:00:00-04:00,109.74482088290897,111.39099471849177,109.29586784215721,109.78472900390625,367000,0.0,0.0,AEIS,1d
2025-05-06 00:00:00-04:00,107.15084279080232,108.28819748024705,106.23297893821446,106.97126007080078,357600,0.0,0.0,AEIS,1d
2025-05-07 00:00:00-04:00,107.96894433028076,109.76476398801259,107.04110150969264,109.55525207519531,219100,0.0,0.0,AEIS,1d
2025-05-08 00:00:00-04:00,111.38100123492681,112.45849752600597,109.41557029981801,110.30350494384766,220300,0.0,0.0,AEIS,1d
2025-05-09 00:00:00-04:00,111.73018568181332,112.53831169113117,110.32346078181386,112.43853759765625,265200,0.0,0.0,AEIS,1d
2025-05-12 00:00:00-04:00,118.06546089872225,120.7192936524645,115.94040499860401,117.1076889038086,505400,0.0,0.0,AEIS,1d
2025-05-13 00:00:00-04:00,117.57659408736168,120.07079424878935,117.38704005104566,119.86128234863281,317900,0.0,0.0,AEIS,1d
2025-05-14 00:00:00-04:00,119.9410987639032,121.03854531426957,118.41464948064787,118.64411163330078,319500,0.0,0.0,AEIS,1d
2025-05-15 00:00:00-04:00,117.42694337116086,118.60420618005254,116.40931303004197,118.48448944091797,277000,0.0,0.0,AEIS,1d
2025-05-16 00:00:00-04:00,118.44458526283475,119.02324156021169,117.12764780669481,117.87590789794922,325400,0.0,0.0,AEIS,1d
2025-05-19 00:00:00-04:00,115.03251502720384,116.7684762163941,113.76545707672923,116.69863891601562,176400,0.0,0.0,AEIS,1d
2025-05-20 00:00:00-04:00,116.50908274347857,118.47451379012065,116.07010105664007,118.34481811523438,254100,0.0,0.0,AEIS,1d
2025-05-21 00:00:00-04:00,116.5290431510898,118.58426179941583,114.87289046856638,115.73089599609375,210000,0.0,0.0,AEIS,1d
2025-05-22 00:00:00-04:00,115.19214595895286,117.55665058802064,114.66337671222729,115.67103576660156,178400,0.0,0.0,AEIS,1d
2025-05-23 00:00:00-04:00,112.2460413123548,114.83225985581805,112.08627103317892,113.70391082763672,169700,0.1,0.0,AEIS,1d
2025-05-27 00:00:00-04:00,116.43991138950146,118.34712147130874,115.25164470477996,117.3386001586914,243200,0.0,0.0,AEIS,1d
2025-05-28 00:00:00-04:00,117.99763317134907,118.38706370050075,115.26163192036213,115.53123474121094,228400,0.0,0.0,AEIS,1d
2025-05-29 00:00:00-04:00,116.8293420759657,118.01760876227583,114.88218942200608,116.09042358398438,207500,0.0,0.0,AEIS,1d
2025-05-30 00:00:00-04:00,115.13181746995959,115.55120299680144,112.51563646383362,114.6125717163086,337100,0.0,0.0,AEIS,1d
2025-06-02 00:00:00-04:00,114.15325082195491,115.8707432229795,112.55558612969934,115.41141510009766,184000,0.0,0.0,AEIS,1d
2025-06-03 00:00:00-04:00,115.50127050400482,119.29573049661299,114.71242196171072,118.6167221069336,354000,0.0,0.0,AEIS,1d
2025-06-04 00:00:00-04:00,119.0860494967327,120.11454591980679,118.20732818904509,119.91483306884766,186200,0.0,0.0,AEIS,1d
2025-06-05 00:00:00-04:00,119.91483283033345,121.81206301020698,118.59675848969002,119.46549224853516,170400,0.0,0.0,AEIS,1d
2025-06-06 00:00:00-04:00,121.81205588103875,122.82058476711894,120.03465351552654,121.38268280029297,161200,0.0,0.0,AEIS,1d
2025-06-09 00:00:00-04:00,122.54100380495538,126.88465744141652,122.52102871040383,125.54661560058594,349900,0.0,0.0,AEIS,1d
2025-06-10 00:00:00-04:00,125.74631017632885,128.33253618632574,125.56657243193422,126.72488403320312,341900,0.0,0.0,AEIS,1d
2025-06-11 00:00:00-04:00,127.95309221754594,129.5507645250761,126.16570222765287,127.53370666503906,255400,0.0,0.0,AEIS,1d
2025-06-12 00:00:00-04:00,125.75629791632065,128.08290105060286,124.32838350539484,126.4952163696289,236700,0.0,0.0,AEIS,1d
2025-06-13 00:00:00-04:00,123.71928177976234,125.68640956934303,121.90193672479873,122.62088775634766,148300,0.0,0.0,AEIS,1d
2025-06-16 00:00:00-04:00,124.20855966668307,126.27553998556864,123.66934641589563,125.0772933959961,230700,0.0,0.0,AEIS,1d
2025-06-17 00:00:00-04:00,123.79916429385015,125.65644426158802,123.55950887624137,124.35834503173828,219800,0.0,0.0,AEIS,1d
2025-06-18 00:00:00-04:00,124.17861421651031,129.351051567533,124.01884392917681,128.78189086914062,765500,0.0,0.0,AEIS,1d
2025-06-20 00:00:00-04:00,130.52933064362722,131.09849130823815,127.41387878993545,128.4423828125,601700,0.0,0.0,AEIS,1d
2025-06-23 00:00:00-04:00,127.88319949495195,130.36955773398083,125.91606417539133,129.84033203125,470000,0.0,0.0,AEIS,1d
2025-06-24 00:00:00-04:00,131.8973258788531,134.6233547886842,130.55928410010162,132.31671142578125,333200,0.0,0.0,AEIS,1d
2025-06-25 00:00:00-04:00,134.0641681508934,135.4920903320431,132.7161463498023,133.08560180664062,395000,0.0,0.0,AEIS,1d
2025-06-26 00:00:00-04:00,133.24536493100186,134.46358664034452,132.70614405032504,133.644775390625,419200,0.0,0.0,AEIS,1d
2025-06-27 00:00:00-04:00,134.7331778719574,135.7616894864026,130.97866785798007,132.11700439453125,547300,0.0,0.0,AEIS,1d
2025-06-30 00:00:00-04:00,133.01570325800623,133.96431451687977,131.72757635189325,132.30673217773438,260000,0.0,0.0,AEIS,1d
2025-07-01 00:00:00-04:00,131.6476941563789,134.49354323314807,130.67910778212595,133.3951416015625,328600,0.0,0.0,AEIS,1d
2025-07-02 00:00:00-04:00,133.29528980613867,137.57902547780097,132.81597898959956,137.349365234375,269100,0.0,0.0,AEIS,1d
2025-07-03 00:00:00-04:00,137.79871189486346,139.086823584589,137.18960103717126,137.93850708007812,157400,0.0,0.0,AEIS,1d
2025-07-07 00:00:00-04:00,136.40075615551504,138.41779873662503,135.3522846780187,136.41073608398438,246200,0.0,0.0,AEIS,1d
2025-07-08 00:00:00-04:00,137.5391013276266,138.9070982038178,135.67181850253687,137.86862182617188,344800,0.0,0.0,AEIS,1d
2025-07-09 00:00:00-04:00,138.53763529243218,141.50330438311218,136.740257777394,140.9241485595703,525300,0.0,0.0,AEIS,1d
2025-07-10 00:00:00-04:00,140.92413393899858,144.32914808095208,140.5546633092325,143.41049194335938,367500,0.0,0.0,AEIS,1d
2025-07-11 00:00:00-04:00,141.82282603429692,143.03106776601572,140.51473930998108,140.52471923828125,220800,0.0,0.0,AEIS,1d
2025-07-14 00:00:00-04:00,140.33500449142062,141.3335459116248,138.03837141417733,141.2736358642578,254200,0.0,0.0,AEIS,1d
2025-07-15 00:00:00-04:00,142.90125537440466,143.23077585328414,138.18813891202927,138.89710998535156,483700,0.0,0.0,AEIS,1d
2025-07-16 00:00:00-04:00,139.19666919228803,139.34645954864857,134.4036825194117,139.21664428710938,475900,0.0,0.0,AEIS,1d
2025-07-17 00:00:00-04:00,139.00695017385635,143.49039115287826,139.00695017385635,142.5218048095703,379200,0.0,0.0,AEIS,1d
2025-07-18 00:00:00-04:00,143.8798325549109,143.8798325549109,141.5831841936556,143.0410614013672,239300,0.0,0.0,AEIS,1d
2025-07-21 00:00:00-04:00,143.6900857469093,145.30773299992032,141.9725935066705,142.451904296875,276500,0.0,0.0,AEIS,1d
2025-07-22 00:00:00-04:00,142.2621746105345,142.67158018413033,139.236595809968,140.4747772216797,341700,0.0,0.0,AEIS,1d
2025-07-23 00:00:00-04:00,141.11388084333905,142.9511934000925,140.2451394467556,142.63165283203125,217200,0.0,0.0,AEIS,1d
2025-07-24 00:00:00-04:00,142.16232963776,143.0909810326785,140.2151770181336,140.7044677734375,275300,0.0,0.0,AEIS,1d
2025-07-25 00:00:00-04:00,140.96407736705868,140.96407736705868,138.2879939230406,140.33499145507812,182600,0.0,0.0,AEIS,1d
2025-07-28 00:00:00-04:00,141.02400008113884,143.05103793907776,140.7843598923983,141.73297119140625,260400,0.0,0.0,AEIS,1d
2025-07-29 00:00:00-04:00,143.5303304304964,144.30919141734387,141.55320770708587,142.0025634765625,308000,0.0,0.0,AEIS,1d
2025-07-30 00:00:00-04:00,143.4704023002539,144.99818446032515,142.27215582405955,143.85984802246094,432000,0.0,0.0,AEIS,1d
2025-07-31 00:00:00-04:00,143.78995329769216,143.8798183617356,138.07829560055575,138.7173614501953,364800,0.0,0.0,AEIS,1d
2025-08-01 00:00:00-04:00,136.25096570246797,136.25096570246797,131.39805407707482,135.05271911621094,468800,0.0,0.0,AEIS,1d
2025-08-04 00:00:00-04:00,138.0782922240101,140.8242808483091,135.82159433064658,140.35496520996094,495300,0.0,0.0,AEIS,1d
2025-08-05 00:00:00-04:00,141.02399094558544,142.28216280110013,136.37079982275776,139.37640380859375,676500,0.0,0.0,AEIS,1d
2025-08-06 00:00:00-04:00,128.21271738482275,142.29215806713125,128.21271738482275,139.6060791015625,864400,0.0,0.0,AEIS,1d
2025-08-07 00:00:00-04:00,142.83134105216567,146.44607092417561,140.45482311560852,146.2863006591797,568200,0.0,0.0,AEIS,1d
2025-08-08 00:00:00-04:00,148.17355783568416,152.007953157482,147.3946967620856,150.6000213623047,470300,0.0,0.0,AEIS,1d
2025-08-11 00:00:00-04:00,150.639948966497,152.01794090789522,148.74272649238134,151.38885498046875,733400,0.0,0.0,AEIS,1d
2025-08-12 00:00:00-04:00,153.96509758885347,162.83214990562917,152.06785982778294,158.57835388183594,963900,0.0,0.0,AEIS,1d
2025-08-13 00:00:00-04:00,159.0576591650703,162.55255420268728,157.5898172668817,162.282958984375,489100,0.0,0.0,AEIS,1d
2025-08-14 00:00:00-04:00,159.61685183927344,162.76225121288473,159.10758596446558,161.65386962890625,896600,0.0,0.0,AEIS,1d
2025-08-15 00:00:00-04:00,160.186000634792,160.22595082102444,150.9095582497069,151.1791534423828,547000,0.0,0.0,AEIS,1d
2025-08-18 00:00:00-04:00,151.17915250807138,153.45582554023287,150.00088104253678,153.00648498535156,341800,0.0,0.0,AEIS,1d
2025-08-19 00:00:00-04:00,152.59710117826683,154.02500803975138,149.09221117910963,150.19061279296875,415400,0.0,0.0,AEIS,1d
2025-08-20 00:00:00-04:00,148.423202093949,148.72276757943533,143.1708794963512,147.52452087402344,491100,0.0,0.0,AEIS,1d
2025-08-21 00:00:00-04:00,147.33478862253207,147.99382961226942,145.68718614818866,147.85403442382812,232500,0.0,0.0,AEIS,1d
2025-08-22 00:00:00-04:00,148.66284461830452,156.23179006066619,147.6043931998414,154.2846221923828,375900,0.0,0.0,AEIS,1d
2025-08-25 00:00:00-04:00,154.44450360519332,155.21386742328878,152.68592288634738,152.88575744628906,258800,0.1,0.0,AEIS,1d
2025-08-26 00:00:00-04:00,153.69509879986757,155.87332122694733,151.49687309826635,154.31459045410156,273900,0.0,0.0,AEIS,1d
2025-08-27 00:00:00-04:00,155.6435155871265,156.61272914540544,153.43530344754288,153.60516357421875,422900,0.0,0.0,AEIS,1d
2025-08-28 00:00:00-04:00,154.4844516706385,156.7825870363259,153.97487129787757,155.42369079589844,244100,0.0,0.0,AEIS,1d
2025-08-29 00:00:00-04:00,154.5244378955237,154.72428771824298,147.57009706267843,149.5584716796875,290700,0.0,0.0,AEIS,1d
2025-09-02 00:00:00-04:00,145.78152745320776,147.4601712714449,143.9729995586447,145.3718719482422,435600,0.0,0.0,AEIS,1d
2025-09-03 00:00:00-04:00,146.5209356043087,147.58007250194842,144.21281363937698,145.13206481933594,284600,0.0,0.0,AEIS,1d
2025-09-04 00:00:00-04:00,145.391836470934,150.19794342831668,145.391836470934,150.01808166503906,243400,0.0,0.0,AEIS,1d
2025-09-05 00:00:00-04:00,151.38697305381095,154.3845371461319,149.95814148807636,153.61517333984375,243700,0.0,0.0,AEIS,1d
2025-09-08 00:00:00-04:00,154.7742308335012,156.29300101686863,152.84580511575743,154.3046112060547,304200,0.0,0.0,AEIS,1d
2025-09-09 00:00:00-04:00,154.11477156611537,155.50364235698294,151.82662237514086,154.63433837890625,192100,0.0,0.0,AEIS,1d
2025-09-10 00:00:00-04:00,155.40372494940718,158.45125172282934,154.64434747734154,157.12232971191406,289500,0.0,0.0,AEIS,1d
2025-09-11 00:00:00-04:00,158.01160323403488,161.28893893482345,157.46204673771967,159.39048767089844,301800,0.0,0.0,AEIS,1d
2025-09-12 00:00:00-04:00,158.65107259429132,159.49038687194707,155.70347098460084,157.31216430664062,227300,0.0,0.0,AEIS,1d
2025-09-15 00:00:00-04:00,157.122327631131,159.48041214057028,155.2638371682136,156.6127471923828,371700,0.0,0.0,AEIS,1d
2025-09-16 00:00:00-04:00,157.26219267766723,158.7809626483999,154.9440845347158,157.90167236328125,336000,0.0,0.0,AEIS,1d
2025-09-17 00:00:00-04:00,157.60191639477878,159.87007738669413,155.12393446427666,157.661865234375,254100,0.0,0.0,AEIS,1d
2025-09-18 00:00:00-04:00,160.54952464725093,171.0709885843002,160.54952464725093,169.61216735839844,855800,0.0,0.0,AEIS,1d
2025-09-19 00:00:00-04:00,171.74043946244774,174.36829355239504,166.3648031078043,174.20843505859375,1498500,0.0,0.0,AEIS,1d
2025-09-22 00:00:00-04:00,173.93865534907297,175.03775304217686,170.72126864950806,174.6280975341797,441400,0.0,0.0,AEIS,1d
2025-09-23 00:00:00-04:00,175.5073703150968,179.13442772102442,175.05773875358165,176.4466094970703,374400,0.0,0.0,AEIS,1d
2025-09-24 00:00:00-04:00,175.7172111742596,175.7371992042619,169.7120964793398,170.63134765625,234200,0.0,0.0,AEIS,1d
2025-09-25 00:00:00-04:00,168.09340170504944,168.09340170504944,163.56708104957622,167.21412658691406,397700,0.0,0.0,AEIS,1d
2025-09-26 00:00:00-04:00,166.87440088291703,167.81364014641946,163.7968996723263,166.32485961914062,274200,0.0,0.0,AEIS,1d
2025-09-29 00:00:00-04:00,168.113399039948,168.62297948592655,164.2665187285866,166.62460327148438,274500,0.0,0.0,AEIS,1d
2025-09-30 00:00:00-04:00,166.86441156938,170.4015307109974,162.9975585274287,170.00186157226562,434300,0.0,0.0,AEIS,1d
2025-10-01 00:00:00-04:00,168.09340060081348,176.43662687807438,167.09421255546008,176.0569305419922,537300,0.0,0.0,AEIS,1d
2025-10-02 00:00:00-04:00,179.61403814947877,180.75311191516533,173.79877163404728,177.93540954589844,380900,0.0,0.0,AEIS,1d
2025-10-03 00:00:00-04:00,177.60566700418084,179.85384000423377,172.76960074320274,173.7188262939453,310400,0.0,0.0,AEIS,1d
2025-10-06 00:00:00-04:00,177.13604658064122,179.26432188940058,173.71882546640714,175.8770751953125,397100,0.0,0.0,AEIS,1d
2025-10-07 00:00:00-04:00,176.96618766944343,177.805501932108,171.1409197873805,172.94944763183594,209500,0.0,0.0,AEIS,1d
2025-10-08 00:00:00-04:00,173.6388956096055,175.62728528918478,171.6804955977822,174.77796936035156,234600,0.0,0.0,AEIS,1d
2025-10-09 00:00:00-04:00,174.58812500325504,180.3834187855461,173.87871002047376,179.8338623046875,345500,0.0,0.0,AEIS,1d
2025-10-10 00:00:00-04:00,180.70316187566954,183.78064760063234,169.22248588722016,169.48226928710938,477900,0.0,0.0,AEIS,1d
2025-10-13 00:00:00-04:00,176.4366211502866,182.54166051905975,173.9786119300975,182.00209045410156,380300,0.0,0.0,AEIS,1d
2025-10-14 00:00:00-04:00,177.37585926883142,184.8497812920817,176.0069613317117,182.6016082763672,300300,0.0,0.0,AEIS,1d
2025-10-15 00:00:00-04:00,186.8381811116085,189.98561740682442,184.69991926981993,189.80577087402344,300300,0.0,0.0,AEIS,1d
2025-10-16 00:00:00-04:00,191.57432667732755,194.5319301082237,188.76661060655934,192.06393432617188,818800,0.0,0.0,AEIS,1d
2025-10-17 00:00:00-04:00,189.33615858559543,195.071488522744,189.33615858559543,191.82412719726562,533000,0.0,0.0,AEIS,1d
2025-10-20 00:00:00-04:00,192.35368852466354,198.5186770439734,192.35368852466354,197.27969360351562,787500,0.0,0.0,AEIS,1d
2025-10-21 00:00:00-04:00,196.41040850534966,197.2297348040792,192.35369208734673,196.42039489746094,386400,0.0,0.0,AEIS,1d
2025-10-22 00:00:00-04:00,195.24133494754133,196.54028243571543,185.3693675794968,190.30535888671875,517200,0.0,0.0,AEIS,1d
2025-10-23 00:00:00-04:00,190.13547731749628,203.0349980231112,189.13628932009277,198.25888061523438,487200,0.0,0.0,AEIS,1d
2025-10-24 00:00:00-04:00,200.8367870643185,205.19324733387808,200.2072937484036,202.4454803466797,341700,0.0,0.0,AEIS,1d
2025-10-27 00:00:00-04:00,204.3339537299825,206.68205171737097,202.98504378039348,204.9534454345703,270100,0.0,0.0,AEIS,1d
2025-10-28 00:00:00-04:00,204.97343948578623,205.30317337751453,200.5470436665731,204.453857421875,410100,0.0,0.0,AEIS,1d
2025-10-29 00:00:00-04:00,205.45303815343036,213.46653043486683,204.9634457757023,207.88107299804688,502500,0.0,0.0,AEIS,1d
2025-10-30 00:00:00-04:00,207.22160769663662,210.23915985648924,203.7044615151183,205.44305419921875,318400,0.0,0.0,AEIS,1d
2025-10-31 00:00:00-04:00,206.38228948249025,208.04094526207695,200.14735072173016,202.5653839111328,419700,0.0,0.0,AEIS,1d
2025-11-03 00:00:00-05:00,205.51298943412417,205.68286481832212,199.25807777157362,205.44305419921875,508200,0.0,0.0,AEIS,1d
2025-11-04 00:00:00-05:00,199.24809258521367,201.03663248518095,193.7925191272046,194.89163208007812,554300,0.0,0.0,AEIS,1d
2025-11-05 00:00:00-05:00,221.38010580607275,231.86159412333453,205.6129193199085,225.61666870117188,2805900,0.0,0.0,AEIS,1d
2025-11-06 00:00:00-05:00,225.71657534651567,225.8764490943245,215.68473399070598,219.0220184326172,526700,0.0,0.0,AEIS,1d
2025-11-07 00:00:00-05:00,214.1959317674304,219.02201175159797,209.95938430452503,216.55401611328125,562700,0.0,0.0,AEIS,1d
2025-11-10 00:00:00-05:00,224.07789696011278,224.2077962798699,218.63232537126697,219.12193298339844,391500,0.0,0.0,AEIS,1d
2025-11-11 00:00:00-05:00,216.95370184726025,218.9021154566107,213.87620088508646,215.80462646484375,409500,0.0,0.0,AEIS,1d
2025-11-12 00:00:00-05:00,220.87052105144622,222.7389978222887,211.96775188496218,212.61721801757812,597000,0.0,0.0,AEIS,1d
2025-11-13 00:00:00-05:00,210.03931798724983,210.99852993748138,198.91835057315916,202.6553192138672,511800,0.0,0.0,AEIS,1d
2025-11-14 00:00:00-05:00,192.4136552797338,207.69123426654937,192.4136552797338,202.3155975341797,450200,0.0,0.0,AEIS,1d
2025-11-17 00:00:00-05:00,200.10739044387057,206.34231397489145,197.36960976108298,198.3787841796875,280500,0.0,0.0,AEIS,1d
2025-11-18 00:00:00-05:00,196.6601975974076,201.97587004873822,193.06311455034208,199.05824279785156,513100,0.0,0.0,AEIS,1d
2025-11-19 00:00:00-05:00,199.0782375498067,206.911868398596,198.40878336913107,198.728515625,386200,0.0,0.0,AEIS,1d
2025-11-20 00:00:00-05:00,206.2424036295683,209.80949694602398,187.55759063579265,188.7266387939453,555700,0.0,0.0,AEIS,1d
2025-11-21 00:00:00-05:00,189.39609118622528,198.68854276978945,188.48682643394986,195.84085083007812,440900,0.0,0.0,AEIS,1d
2025-11-24 00:00:00-05:00,198.15016075496385,206.40766130450675,195.90084010213587,205.977783203125,306800,0.1,0.0,AEIS,1d
2025-11-25 00:00:00-05:00,205.83783562884793,209.7266606832349,200.2395353413822,205.8578338623047,316900,0.0,0.0,AEIS,1d
2025-11-26 00:00:00-05:00,206.51763440059526,213.27558803472536,205.8878197190867,209.8366241455078,545100,0.0,0.0,AEIS,1d
2025-11-28 00:00:00-05:00,211.4361552013692,211.96599399170466,208.70698356852273,211.12625122070312,148200,0.0,0.0,AEIS,1d
2025-12-01 00:00:00-05:00,207.39737443779012,210.85632131977934,204.88812244532386,207.71726989746094,277100,0.0,0.0,AEIS,1d
2025-12-02 00:00:00-05:00,209.6666860567213,214.08534999291595,205.7578779332072,210.87632751464844,281800,0.0,0.0,AEIS,1d
2025-12-03 00:00:00-05:00,211.61608615923538,217.98417341924645,207.9471959684024,213.3755645751953,431500,0.0,0.0,AEIS,1d
2025-12-04 00:00:00-05:00,210.26650198454706,218.59398893977294,210.26650198454706,214.58518981933594,423900,0.0,0.0,AEIS,1d
2025-12-05 00:00:00-05:00,214.10534774307547,220.79333070691436,213.7454558043071,219.31378173828125,403400,0.0,0.0,AEIS,1d
2025-12-08 00:00:00-05:00,219.9335876441847,223.74243506226247,217.4843302871656,221.7830352783203,277600,0.0,0.0,AEIS,1d
2025-12-09 00:00:00-05:00,219.67366443209596,222.5427930774687,216.3646509309822,221.2032012939453,317200,0.0,0.0,AEIS,1d
2025-12-10 00:00:00-05:00,221.20320063987276,223.89239094257385,217.3943533577383,221.40313720703125,416900,0.0,0.0,AEIS,1d
2025-12-11 00:00:00-05:00,220.8233140180826,224.30225915569557,214.71515798042378,224.04234313964844,354100,0.0,0.0,AEIS,1d
2025-12-12 00:00:00-05:00,220.7833350681564,223.27257361485934,210.25651512472794,215.0050811767578,534200,0.0,0.0,AEIS,1d
2025-12-15 00:00:00-05:00,218.33405650896688,222.27286941980967,216.1347237642749,216.8045196533203,421000,0.0,0.0,AEIS,1d
2025-12-16 00:00:00-05:00,217.28438827816515,222.34285822678996,212.44583787783571,215.0950469970703,330600,0.0,0.0,AEIS,1d
2025-12-17 00:00:00-05:00,214.86510370509944,216.744541000391,203.38857387404565,204.4282684326172,346800,0.0,0.0,AEIS,1d
2025-12-18 00:00:00-05:00,211.61608000355025,211.61608000355025,203.6184954485405,208.70697021484375,362000,0.0,0.0,AEIS,1d
2025-12-19 00:00:00-05:00,209.08685755936014,216.60459175991681,209.08685755936014,216.02476501464844,770400,0.0,0.0,AEIS,1d
2025-12-22 00:00:00-05:00,219.0838394362976,220.33346210078525,216.68457002215453,217.6942596435547,217100,0.0,0.0,AEIS,1d
2025-12-23 00:00:00-05:00,215.71486243444392,218.61398092540608,212.93570283839017,217.4443359375,230800,0.0,0.0,AEIS,1d
2025-12-24 00:00:00-05:00,218.28408569420998,218.78393474296777,216.51461579043624,217.16441345214844,69800,0.0,0.0,AEIS,1d
2025-12-26 00:00:00-05:00,217.82422495305997,218.43404142257634,215.56491267058402,217.7942352294922,96000,0.0,0.0,AEIS,1d
2025-12-29 00:00:00-05:00,217.1044278074527,219.93357517313626,214.15532155483115,217.19439697265625,221400,0.0,0.0,AEIS,1d
2025-12-30 00:00:00-05:00,218.8039242885951,218.8039242885951,211.6061008212998,213.3455810546875,287100,0.0,0.0,AEIS,1d
2025-12-31 00:00:00-05:00,214.06536608837533,214.9950780300043,208.92691829521678,209.30679321289062,237700,0.0,0.0,AEIS,1d
2026-01-02 00:00:00-05:00,215.58489128213105,223.34255837705143,215.58489128213105,221.92298889160156,337500,0.0,0.0,AEIS,1d
2026-01-05 00:00:00-05:00,226.2316850165091,231.92996118442792,224.40223564735416,227.58126831054688,501600,0.0,0.0,AEIS,1d
2026-01-06 00:00:00-05:00,228.0511209562427,231.84997670821363,223.45251894422069,229.63064575195312,562300,0.0,0.0,AEIS,1d
2026-01-07 00:00:00-05:00,228.11110242581586,228.23107656923452,218.93388129885753,224.33224487304688,575800,0.0,0.0,AEIS,1d
2026-01-08 00:00:00-05:00,222.17291934302764,224.3022660008876,201.49915394842688,210.9263153076172,762200,0.0,0.0,AEIS,1d
2026-01-09 00:00:00-05:00,210.9762752967694,220.34345664393405,210.9762752967694,219.52369689941406,389600,0.0,0.0,AEIS,1d
2026-01-12 00:00:00-05:00,222.48281431867363,229.23077646676575,221.73304074666342,227.5212860107422,291400,0.0,0.0,AEIS,1d
2026-01-13 00:00:00-05:00,228.88087965694103,237.86817117396726,227.9311695015212,233.84938049316406,451900,0.0,0.0,AEIS,1d
2026-01-14 00:00:00-05:00,235.35891526057753,238.8478671047707,230.8702805752408,237.8281707763672,425000,0.0,0.0,AEIS,1d
2026-01-15 00:00:00-05:00,247.185354995817,259.3816691735873,245.9057426052814,257.21234130859375,1063900,0.0,0.0,AEIS,1d
2026-01-16 00:00:00-05:00,262.3607670871622,263.92029365445114,252.12385323572636,253.78335571289062,457700,0.0,0.0,AEIS,1d
2026-01-20 00:00:00-05:00,248.5249556601106,255.22292993043874,245.92573447858263,250.87423706054688,339400,0.0,0.0,AEIS,1d
2026-01-21 00:00:00-05:00,253.5234478673271,271.53799690252174,248.2450430445913,268.9187927246094,804300,0.0,0.0,AEIS,1d
2026-01-22 00:00:00-05:00,274.5571044828814,276.76642877094946,266.59948553492796,275.48681640625,950600,0.0,0.0,AEIS,1d
2026-01-23 00:00:00-05:00,272.807621413635,272.807621413635,254.24322090128777,262.11083984375,615300,0.0,0.0,AEIS,1d
2026-01-26 00:00:00-05:00,260.7712574882951,265.6097926684308,258.1720363066711,262.9505920410156,427100,0.0,0.0,AEIS,1d
2026-01-27 00:00:00-05:00,266.6294604059181,269.098715828578,257.93210560962825,259.47161865234375,558800,0.0,0.0,AEIS,1d
2026-01-28 00:00:00-05:00,260.9512025173512,267.8491135355111,257.7821460110802,263.6803894042969,646300,0.0,0.0,AEIS,1d
2026-01-29 00:00:00-05:00,266.49951551789695,273.5773954013904,262.25079844234097,269.03875732421875,573900,0.0,0.0,AEIS,1d
2026-01-30 00:00:00-05:00,264.9399854795498,277.0663285885348,253.303515196348,255.2829132080078,6765000,0.0,0.0,AEIS,1d
2026-02-02 00:00:00-05:00,250.30441796405668,266.80944354267604,249.92452780046153,261.740966796875,781600,0.0,0.0,AEIS,1d
2026-02-03 00:00:00-05:00,271.47801567913564,271.47801567913564,256.0126847330926,262.9505920410156,624900,0.0,0.0,AEIS,1d
2026-02-04 00:00:00-05:00,265.8697243664908,272.51771069153295,244.10627700210094,254.46315002441406,820400,0.0,0.0,AEIS,1d
2026-02-05 00:00:00-05:00,250.57431508835634,259.9214981424599,240.41739429258314,257.5622253417969,506500,0.0,0.0,AEIS,1d
2026-02-06 00:00:00-05:00,265.09994277729777,274.85700628825606,263.18053945248465,273.1775207519531,566600,0.0,0.0,AEIS,1d
2026-02-09 00:00:00-05:00,279.2156589991444,281.35502751488605,273.4174223912675,279.0857238769531,621900,0.0,0.0,AEIS,1d
2026-02-10 00:00:00-05:00,279.01575947756544,283.63436004444117,270.62827736374044,278.9557800292969,944100,0.0,0.0,AEIS,1d
2026-02-11 00:00:00-05:00,298.9996879510356,325.5916623461325,292.8115545428366,308.6767578125,1447000,0.0,0.0,AEIS,1d
2026-02-12 00:00:00-05:00,312.2557048288769,324.9018795784898,309.0466824990745,312.85552978515625,1226200,0.0,0.0,AEIS,1d
2026-02-13 00:00:00-05:00,313.00548017484,321.4029380853504,310.436248744343,314.17510986328125,885500,0.0,0.0,AEIS,1d
2026-02-17 00:00:00-05:00,310.9461201333876,319.8934002425263,301.9188470878171,314.0251770019531,644300,0.0,0.0,AEIS,1d
2026-02-18 00:00:00-05:00,314.0251595184163,328.27085731765385,311.256006788874,321.24298095703125,672300,0.0,0.0,AEIS,1d
2026-02-19 00:00:00-05:00,318.35387161462626,323.0524343717302,316.42443109850365,320.543212890625,454100,0.0,0.0,AEIS,1d
2026-02-20 00:00:00-05:00,319.6934564462682,334.4289963321231,317.5540879184096,331.1300048828125,735300,0.0,0.0,AEIS,1d
2026-02-23 00:00:00-05:00,328.4200134277344,332.739990234375,325.4100036621094,329.239990234375,462400,0.1,0.0,AEIS,1d
2026-02-24 00:00:00-05:00,331.30999755859375,340.260009765625,328.0,335.739990234375,522800,0.0,0.0,AEIS,1d
2026-02-25 00:00:00-05:00,338.239990234375,347.2799987792969,337.42999267578125,338.510009765625,725000,0.0,0.0,AEIS,1d
2026-02-26 00:00:00-05:00,339.0299987792969,339.8800048828125,322.5,337.3500061035156,739500,0.0,0.0,AEIS,1d
2026-02-27 00:00:00-05:00,331.55999755859375,336.1700134277344,325.7900085449219,335.57000732421875,744900,0.0,0.0,AEIS,1d
2026-03-02 00:00:00-05:00,335.4700012207031,350.0,330.0,340.4200134277344,845500,0.0,0.0,AEIS,1d
2026-03-03 00:00:00-05:00,325.6000061035156,330.0,315.0,322.4700012207031,478400,0.0,0.0,AEIS,1d
2026-03-04 00:00:00-05:00,325.5799865722656,332.9100036621094,319.0,330.5400085449219,654800,0.0,0.0,AEIS,1d
2026-03-05 00:00:00-05:00,322.9800109863281,330.94000244140625,300.739990234375,311.4200134277344,823100,0.0,0.0,AEIS,1d
2026-03-06 00:00:00-05:00,297.82000732421875,311.0,288.9100036621094,290.7799987792969,676800,0.0,0.0,AEIS,1d
2026-03-09 00:00:00-04:00,284.3999938964844,305.5299987792969,280.0,305.0199890136719,978500,0.0,0.0,AEIS,1d
2026-03-10 00:00:00-04:00,305.4800109863281,323.5400085449219,305.17999267578125,311.3900146484375,635700,0.0,0.0,AEIS,1d
2026-03-11 00:00:00-04:00,307.1600036621094,316.92999267578125,302.25,314.8399963378906,545400,0.0,0.0,AEIS,1d
2026-03-12 00:00:00-04:00,306.0199890136719,311.5199890136719,296.489990234375,305.82000732421875,441100,0.0,0.0,AEIS,1d
2026-03-13 00:00:00-04:00,310.19000244140625,314.9800109863281,300.510009765625,302.0199890136719,342800,0.0,0.0,AEIS,1d
2026-03-16 00:00:00-04:00,312.5899963378906,317.0400085449219,306.9200134277344,308.30999755859375,559500,0.0,0.0,AEIS,1d
2026-03-17 00:00:00-04:00,308.30999755859375,317.4200134277344,304.1099853515625,315.9100036621094,376000,0.0,0.0,AEIS,1d
2026-03-18 00:00:00-04:00,315.989990234375,326.57000732421875,310.75,319.6300048828125,710600,0.0,0.0,AEIS,1d
2026-03-19 00:00:00-04:00,309.5199890136719,332.70001220703125,304.1400146484375,327.79998779296875,645800,0.0,0.0,AEIS,1d
2026-03-20 00:00:00-04:00,328.489990234375,330.69000244140625,311.8900146484375,317.2099914550781,1012200,0.0,0.0,AEIS,1d
2026-03-23 00:00:00-04:00,326.69000244140625,339.5,324.9100036621094,329.7799987792969,647600,0.0,0.0,AEIS,1d
2026-03-24 00:00:00-04:00,324.739990234375,358.25,324.739990234375,356.3800048828125,1069700,0.0,0.0,AEIS,1d
2026-03-25 00:00:00-04:00,357.3999938964844,360.0,340.29998779296875,342.8699951171875,641200,0.0,0.0,AEIS,1d
2026-03-26 00:00:00-04:00,332.489990234375,338.07000732421875,312.04998779296875,313.1099853515625,544800,0.0,0.0,AEIS,1d
2026-03-27 00:00:00-04:00,310.6300048828125,320.6199951171875,304.0,310.760009765625,623100,0.0,0.0,AEIS,1d
2026-03-30 00:00:00-04:00,314.8900146484375,319.9599914550781,295.6000061035156,298.2900085449219,598800,0.0,0.0,AEIS,1d
2026-03-31 00:00:00-04:00,303.8500061035156,325.94000244140625,300.0,322.7099914550781,761500,0.0,0.0,AEIS,1d
2026-04-01 00:00:00-04:00,329.7699890136719,340.6000061035156,327.3399963378906,332.82000732421875,557100,0.0,0.0,AEIS,1d
2026-04-02 00:00:00-04:00,315.4599914550781,335.2099914550781,315.0,332.30999755859375,320100,0.0,0.0,AEIS,1d
2026-04-06 00:00:00-04:00,333.7300109863281,337.69000244140625,324.989990234375,331.8999938964844,418100,0.0,0.0,AEIS,1d
2026-04-07 00:00:00-04:00,328.7699890136719,339.7699890136719,328.5400085449219,339.32000732421875,453200,0.0,0.0,AEIS,1d
2026-04-08 00:00:00-04:00,363.2099914550781,371.7200012207031,355.0,366.95001220703125,677500,0.0,0.0,AEIS,1d
2026-04-09 00:00:00-04:00,367.4100036621094,377.9100036621094,367.0199890136719,374.9800109863281,553800,0.0,0.0,AEIS,1d
2026-04-10 00:00:00-04:00,375.54998779296875,385.9700012207031,372.7900085449219,379.6400146484375,362100,0.0,0.0,AEIS,1d
2026-04-13 00:00:00-04:00,376.67999267578125,380.0,372.5,378.94000244140625,420900,0.0,0.0,AEIS,1d
2026-04-14 00:00:00-04:00,385.1499938964844,386.25,375.1199951171875,385.7300109863281,425800,0.0,0.0,AEIS,1d
2026-04-15 00:00:00-04:00,380.5199890136719,382.5299987792969,362.5400085449219,374.32000732421875,627000,0.0,0.0,AEIS,1d
2026-04-16 00:00:00-04:00,369.3999938964844,374.29998779296875,365.8500061035156,372.2300109863281,473300,0.0,0.0,AEIS,1d
2026-04-17 00:00:00-04:00,377.69000244140625,380.57000732421875,370.2699890136719,375.6000061035156,662900,0.0,0.0,AEIS,1d
