datetime,open,high,low,close,volume,dividends,stock_splits,ticker,interval
2026-01-22 09:30:00-05:00,6.690000057220459,6.739999771118164,6.639999866485596,6.709700107574463,101165,0.0,0.0,BCRX,15m
2026-01-22 09:45:00-05:00,6.710000038146973,6.764999866485596,6.684999942779541,6.755000114440918,75567,0.0,0.0,BCRX,15m
2026-01-22 10:00:00-05:00,6.755000114440918,6.809999942779541,6.730000019073486,6.775000095367432,89625,0.0,0.0,BCRX,15m
2026-01-22 10:15:00-05:00,6.77839994430542,6.849999904632568,6.769999980926514,6.835000038146973,119697,0.0,0.0,BCRX,15m
2026-01-22 10:30:00-05:00,6.835000038146973,6.855000019073486,6.820000171661377,6.829999923706055,68936,0.0,0.0,BCRX,15m
2026-01-22 10:45:00-05:00,6.840000152587891,6.84499979019165,6.795000076293945,6.824999809265137,63718,0.0,0.0,BCRX,15m
2026-01-22 11:00:00-05:00,6.824999809265137,6.824999809265137,6.800000190734863,6.815000057220459,38475,0.0,0.0,BCRX,15m
2026-01-22 11:15:00-05:00,6.815000057220459,6.829999923706055,6.789999961853027,6.824999809265137,96945,0.0,0.0,BCRX,15m
2026-01-22 11:30:00-05:00,6.825900077819824,6.8653998374938965,6.809999942779541,6.815000057220459,103146,0.0,0.0,BCRX,15m
2026-01-22 11:45:00-05:00,6.809999942779541,6.829999923706055,6.800000190734863,6.815000057220459,57077,0.0,0.0,BCRX,15m
2026-01-22 12:00:00-05:00,6.815000057220459,6.820000171661377,6.769999980926514,6.771500110626221,87809,0.0,0.0,BCRX,15m
2026-01-22 12:15:00-05:00,6.775000095367432,6.84499979019165,6.769999980926514,6.769999980926514,146171,0.0,0.0,BCRX,15m
2026-01-22 12:30:00-05:00,6.775000095367432,6.795000076293945,6.760000228881836,6.764999866485596,129257,0.0,0.0,BCRX,15m
2026-01-22 12:45:00-05:00,6.764999866485596,6.784999847412109,6.75,6.775000095367432,91634,0.0,0.0,BCRX,15m
2026-01-22 13:00:00-05:00,6.775000095367432,6.784999847412109,6.730000019073486,6.739999771118164,175623,0.0,0.0,BCRX,15m
2026-01-22 13:15:00-05:00,6.730000019073486,6.75540018081665,6.71999979019165,6.735000133514404,157236,0.0,0.0,BCRX,15m
2026-01-22 13:30:00-05:00,6.739999771118164,6.75,6.690000057220459,6.690000057220459,972991,0.0,0.0,BCRX,15m
2026-01-22 13:45:00-05:00,6.690000057220459,6.695000171661377,6.670000076293945,6.6819000244140625,73589,0.0,0.0,BCRX,15m
2026-01-22 14:00:00-05:00,6.685500144958496,6.710000038146973,6.630000114440918,6.710000038146973,107376,0.0,0.0,BCRX,15m
2026-01-22 14:15:00-05:00,6.710000038146973,6.755000114440918,6.690000057220459,6.690000057220459,240280,0.0,0.0,BCRX,15m
2026-01-22 14:30:00-05:00,6.695000171661377,6.704999923706055,6.659999847412109,6.695000171661377,114441,0.0,0.0,BCRX,15m
2026-01-22 14:45:00-05:00,6.690000057220459,6.699699878692627,6.679999828338623,6.684999942779541,69519,0.0,0.0,BCRX,15m
2026-01-22 15:00:00-05:00,6.679999828338623,6.704999923706055,6.670000076293945,6.684999942779541,95942,0.0,0.0,BCRX,15m
2026-01-22 15:15:00-05:00,6.684999942779541,6.730000019073486,6.659999847412109,6.710000038146973,147972,0.0,0.0,BCRX,15m
2026-01-22 15:30:00-05:00,6.71999979019165,6.739999771118164,6.690000057220459,6.704999923706055,234229,0.0,0.0,BCRX,15m
2026-01-22 15:45:00-05:00,6.704999923706055,6.775000095367432,6.684999942779541,6.760000228881836,471071,0.0,0.0,BCRX,15m
2026-01-23 09:30:00-05:00,6.71999979019165,6.980000019073486,6.699999809265137,6.948800086975098,247985,0.0,0.0,BCRX,15m
2026-01-23 09:45:00-05:00,6.949999809265137,7.144999980926514,6.940000057220459,7.139999866485596,150768,0.0,0.0,BCRX,15m
2026-01-23 10:00:00-05:00,7.139999866485596,7.150000095367432,7.039999961853027,7.045000076293945,147755,0.0,0.0,BCRX,15m
2026-01-23 10:15:00-05:00,7.050000190734863,7.070000171661377,6.980000019073486,7.025000095367432,136457,0.0,0.0,BCRX,15m
2026-01-23 10:30:00-05:00,7.03000020980835,7.039999961853027,7.010000228881836,7.03000020980835,350267,0.0,0.0,BCRX,15m
2026-01-23 10:45:00-05:00,7.025000095367432,7.050000190734863,6.985000133514404,7.045000076293945,49416,0.0,0.0,BCRX,15m
2026-01-23 11:00:00-05:00,7.045000076293945,7.090000152587891,7.025000095367432,7.085000038146973,67061,0.0,0.0,BCRX,15m
2026-01-23 11:15:00-05:00,7.085000038146973,7.085000038146973,7.019999980926514,7.03000020980835,75393,0.0,0.0,BCRX,15m
2026-01-23 11:30:00-05:00,7.039999961853027,7.059999942779541,6.985000133514404,7.039999961853027,96739,0.0,0.0,BCRX,15m
2026-01-23 11:45:00-05:00,7.039999961853027,7.039999961853027,6.949999809265137,6.949999809265137,59131,0.0,0.0,BCRX,15m
2026-01-23 12:00:00-05:00,6.949999809265137,6.949999809265137,6.870100021362305,6.885000228881836,89742,0.0,0.0,BCRX,15m
2026-01-23 12:15:00-05:00,6.885000228881836,6.900000095367432,6.869999885559082,6.894999980926514,55977,0.0,0.0,BCRX,15m
2026-01-23 12:30:00-05:00,6.900000095367432,6.920000076293945,6.880000114440918,6.885000228881836,93005,0.0,0.0,BCRX,15m
2026-01-23 12:45:00-05:00,6.880000114440918,6.900000095367432,6.869999885559082,6.875,71583,0.0,0.0,BCRX,15m
2026-01-23 13:00:00-05:00,6.880000114440918,6.889999866485596,6.855000019073486,6.855000019073486,60809,0.0,0.0,BCRX,15m
2026-01-23 13:15:00-05:00,6.855000019073486,6.860000133514404,6.800000190734863,6.815000057220459,804995,0.0,0.0,BCRX,15m
2026-01-23 13:30:00-05:00,6.809999942779541,6.820000171661377,6.795000076293945,6.804999828338623,854037,0.0,0.0,BCRX,15m
2026-01-23 13:45:00-05:00,6.809999942779541,6.849999904632568,6.800000190734863,6.840000152587891,49998,0.0,0.0,BCRX,15m
2026-01-23 14:00:00-05:00,6.835000038146973,6.860000133514404,6.820000171661377,6.855000019073486,924103,0.0,0.0,BCRX,15m
2026-01-23 14:15:00-05:00,6.855000019073486,6.90500020980835,6.8480000495910645,6.885000228881836,52991,0.0,0.0,BCRX,15m
2026-01-23 14:30:00-05:00,6.889999866485596,6.889999866485596,6.861499786376953,6.864999771118164,49694,0.0,0.0,BCRX,15m
2026-01-23 14:45:00-05:00,6.864999771118164,6.869999885559082,6.855000019073486,6.864999771118164,67434,0.0,0.0,BCRX,15m
2026-01-23 15:00:00-05:00,6.860000133514404,6.925000190734863,6.855000019073486,6.90500020980835,69435,0.0,0.0,BCRX,15m
2026-01-23 15:15:00-05:00,6.909999847412109,6.914999961853027,6.875,6.885000228881836,96016,0.0,0.0,BCRX,15m
2026-01-23 15:30:00-05:00,6.880000114440918,6.900000095367432,6.864999771118164,6.894999980926514,89011,0.0,0.0,BCRX,15m
2026-01-23 15:45:00-05:00,6.89900016784668,6.914999961853027,6.784999847412109,6.789999961853027,1748883,0.0,0.0,BCRX,15m
2026-01-26 09:30:00-05:00,6.784999847412109,7.070000171661377,6.784999847412109,7.070000171661377,411341,0.0,0.0,BCRX,15m
2026-01-26 09:45:00-05:00,7.059999942779541,7.070000171661377,7.005000114440918,7.019999980926514,129904,0.0,0.0,BCRX,15m
2026-01-26 10:00:00-05:00,7.03000020980835,7.034999847412109,6.914999961853027,6.915800094604492,77380,0.0,0.0,BCRX,15m
2026-01-26 10:15:00-05:00,6.920000076293945,6.929999828338623,6.855000019073486,6.855000019073486,62998,0.0,0.0,BCRX,15m
2026-01-26 10:30:00-05:00,6.860000133514404,6.914999961853027,6.829999923706055,6.840000152587891,69859,0.0,0.0,BCRX,15m
2026-01-26 10:45:00-05:00,6.8358001708984375,6.869999885559082,6.8358001708984375,6.864999771118164,52892,0.0,0.0,BCRX,15m
2026-01-26 11:00:00-05:00,6.864999771118164,6.869999885559082,6.815000057220459,6.815000057220459,55316,0.0,0.0,BCRX,15m
2026-01-26 11:15:00-05:00,6.814599990844727,6.829999923706055,6.75,6.769899845123291,316155,0.0,0.0,BCRX,15m
2026-01-26 11:30:00-05:00,6.769999980926514,6.775000095367432,6.75,6.764999866485596,91275,0.0,0.0,BCRX,15m
2026-01-26 11:45:00-05:00,6.764999866485596,6.775000095367432,6.755000114440918,6.764999866485596,57656,0.0,0.0,BCRX,15m
2026-01-26 12:00:00-05:00,6.764999866485596,6.784999847412109,6.760000228881836,6.784999847412109,51730,0.0,0.0,BCRX,15m
2026-01-26 12:15:00-05:00,6.784999847412109,6.804999828338623,6.769999980926514,6.775000095367432,69588,0.0,0.0,BCRX,15m
2026-01-26 12:30:00-05:00,6.775000095367432,6.795000076293945,6.769999980926514,6.795000076293945,41194,0.0,0.0,BCRX,15m
2026-01-26 12:45:00-05:00,6.800000190734863,6.804999828338623,6.784999847412109,6.784999847412109,56095,0.0,0.0,BCRX,15m
2026-01-26 13:00:00-05:00,6.784999847412109,6.795000076293945,6.769999980926514,6.769999980926514,45875,0.0,0.0,BCRX,15m
2026-01-26 13:15:00-05:00,6.769999980926514,6.789999961853027,6.760000228881836,6.760000228881836,44041,0.0,0.0,BCRX,15m
2026-01-26 13:30:00-05:00,6.764999866485596,6.7667999267578125,6.743800163269043,6.755000114440918,64182,0.0,0.0,BCRX,15m
2026-01-26 13:45:00-05:00,6.755000114440918,6.78000020980835,6.724999904632568,6.724999904632568,84702,0.0,0.0,BCRX,15m
2026-01-26 14:00:00-05:00,6.724999904632568,6.775000095367432,6.724999904632568,6.756499767303467,112443,0.0,0.0,BCRX,15m
2026-01-26 14:15:00-05:00,6.755000114440918,6.760000228881836,6.744999885559082,6.744999885559082,49917,0.0,0.0,BCRX,15m
2026-01-26 14:30:00-05:00,6.744999885559082,6.755000114440918,6.735000133514404,6.735000133514404,63981,0.0,0.0,BCRX,15m
2026-01-26 14:45:00-05:00,6.730000019073486,6.798399925231934,6.730000019073486,6.784999847412109,91375,0.0,0.0,BCRX,15m
2026-01-26 15:00:00-05:00,6.789999961853027,6.885000228881836,6.789999961853027,6.855000019073486,174720,0.0,0.0,BCRX,15m
2026-01-26 15:15:00-05:00,6.855000019073486,6.914999961853027,6.840000152587891,6.894999980926514,235938,0.0,0.0,BCRX,15m
2026-01-26 15:30:00-05:00,6.900000095367432,6.934999942779541,6.889999866485596,6.929999828338623,274231,0.0,0.0,BCRX,15m
2026-01-26 15:45:00-05:00,6.934999942779541,6.960000038146973,6.849999904632568,6.849999904632568,1504121,0.0,0.0,BCRX,15m
2026-01-27 09:30:00-05:00,6.809999942779541,6.929999828338623,6.78000020980835,6.789999961853027,161617,0.0,0.0,BCRX,15m
2026-01-27 09:45:00-05:00,6.795000076293945,6.809999942779541,6.699999809265137,6.710000038146973,68361,0.0,0.0,BCRX,15m
2026-01-27 10:00:00-05:00,6.710000038146973,6.71999979019165,6.679999828338623,6.684999942779541,90701,0.0,0.0,BCRX,15m
2026-01-27 10:15:00-05:00,6.684599876403809,6.760000228881836,6.670000076293945,6.75,89545,0.0,0.0,BCRX,15m
2026-01-27 10:30:00-05:00,6.75,6.784999847412109,6.710000038146973,6.784999847412109,75286,0.0,0.0,BCRX,15m
2026-01-27 10:45:00-05:00,6.784999847412109,6.789999961853027,6.71999979019165,6.75,93238,0.0,0.0,BCRX,15m
2026-01-27 11:00:00-05:00,6.755000114440918,6.769999980926514,6.710599899291992,6.715000152587891,77540,0.0,0.0,BCRX,15m
2026-01-27 11:15:00-05:00,6.715000152587891,6.730000019073486,6.715000152587891,6.715000152587891,25785,0.0,0.0,BCRX,15m
2026-01-27 11:30:00-05:00,6.715000152587891,6.7453999519348145,6.695000171661377,6.739799976348877,72594,0.0,0.0,BCRX,15m
2026-01-27 11:45:00-05:00,6.739999771118164,6.746500015258789,6.715000152587891,6.735000133514404,34726,0.0,0.0,BCRX,15m
2026-01-27 12:00:00-05:00,6.735000133514404,6.760000228881836,6.724999904632568,6.744999885559082,34644,0.0,0.0,BCRX,15m
2026-01-27 12:15:00-05:00,6.744999885559082,6.75,6.735000133514404,6.741300106048584,36599,0.0,0.0,BCRX,15m
2026-01-27 12:30:00-05:00,6.739999771118164,6.744999885559082,6.724999904632568,6.724999904632568,39324,0.0,0.0,BCRX,15m
2026-01-27 12:45:00-05:00,6.724999904632568,6.724999904632568,6.619999885559082,6.619999885559082,62311,0.0,0.0,BCRX,15m
2026-01-27 13:00:00-05:00,6.619999885559082,6.650000095367432,6.594600200653076,6.598599910736084,73535,0.0,0.0,BCRX,15m
2026-01-27 13:15:00-05:00,6.59499979019165,6.639999866485596,6.59499979019165,6.625800132751465,58944,0.0,0.0,BCRX,15m
2026-01-27 13:30:00-05:00,6.628799915313721,6.675000190734863,6.628799915313721,6.639999866485596,70353,0.0,0.0,BCRX,15m
2026-01-27 13:45:00-05:00,6.639999866485596,6.679900169372559,6.630000114440918,6.675000190734863,41743,0.0,0.0,BCRX,15m
2026-01-27 14:00:00-05:00,6.675000190734863,6.690000057220459,6.675000190734863,6.675000190734863,31329,0.0,0.0,BCRX,15m
2026-01-27 14:15:00-05:00,6.675000190734863,6.679999828338623,6.664999961853027,6.679999828338623,25764,0.0,0.0,BCRX,15m
2026-01-27 14:30:00-05:00,6.679999828338623,6.690000057220459,6.675000190734863,6.684999942779541,42680,0.0,0.0,BCRX,15m
2026-01-27 14:45:00-05:00,6.684999942779541,6.695000171661377,6.670000076293945,6.695000171661377,103188,0.0,0.0,BCRX,15m
2026-01-27 15:00:00-05:00,6.695000171661377,6.75,6.691400051116943,6.744999885559082,85455,0.0,0.0,BCRX,15m
2026-01-27 15:15:00-05:00,6.744999885559082,6.78000020980835,6.743100166320801,6.764999866485596,93702,0.0,0.0,BCRX,15m
2026-01-27 15:30:00-05:00,6.760000228881836,6.776700019836426,6.710000038146973,6.715000152587891,1267263,0.0,0.0,BCRX,15m
2026-01-27 15:45:00-05:00,6.715000152587891,6.769999980926514,6.699999809265137,6.764999866485596,291559,0.0,0.0,BCRX,15m
2026-01-28 09:30:00-05:00,6.760000228881836,6.824999809265137,6.710000038146973,6.739999771118164,121992,0.0,0.0,BCRX,15m
2026-01-28 09:45:00-05:00,6.739999771118164,6.739999771118164,6.642000198364258,6.644999980926514,120438,0.0,0.0,BCRX,15m
2026-01-28 10:00:00-05:00,6.639999866485596,6.695000171661377,6.639999866485596,6.659999847412109,42828,0.0,0.0,BCRX,15m
2026-01-28 10:15:00-05:00,6.659999847412109,6.702000141143799,6.659999847412109,6.675000190734863,37753,0.0,0.0,BCRX,15m
2026-01-28 10:30:00-05:00,6.675000190734863,6.690000057220459,6.670000076293945,6.675000190734863,25384,0.0,0.0,BCRX,15m
2026-01-28 10:45:00-05:00,6.675000190734863,6.699999809265137,6.664999961853027,6.690000057220459,48693,0.0,0.0,BCRX,15m
2026-01-28 11:00:00-05:00,6.687900066375732,6.695000171661377,6.679999828338623,6.695000171661377,29780,0.0,0.0,BCRX,15m
2026-01-28 11:15:00-05:00,6.695000171661377,6.699999809265137,6.675000190734863,6.690000057220459,33573,0.0,0.0,BCRX,15m
2026-01-28 11:30:00-05:00,6.684999942779541,6.695000171661377,6.664899826049805,6.664999961853027,31639,0.0,0.0,BCRX,15m
2026-01-28 11:45:00-05:00,6.664999961853027,6.684999942779541,6.659999847412109,6.664999961853027,39607,0.0,0.0,BCRX,15m
2026-01-28 12:00:00-05:00,6.664999961853027,6.676700115203857,6.663899898529053,6.675000190734863,28634,0.0,0.0,BCRX,15m
2026-01-28 12:15:00-05:00,6.675000190734863,6.679999828338623,6.664999961853027,6.675000190734863,37918,0.0,0.0,BCRX,15m
2026-01-28 12:30:00-05:00,6.675000190734863,6.675000190734863,6.650000095367432,6.65500020980835,20359,0.0,0.0,BCRX,15m
2026-01-28 12:45:00-05:00,6.65500020980835,6.659999847412109,6.651599884033203,6.65500020980835,15742,0.0,0.0,BCRX,15m
2026-01-28 13:00:00-05:00,6.65500020980835,6.659999847412109,6.639999866485596,6.644999980926514,43090,0.0,0.0,BCRX,15m
2026-01-28 13:15:00-05:00,6.644999980926514,6.65500020980835,6.644599914550781,6.649899959564209,38607,0.0,0.0,BCRX,15m
2026-01-28 13:30:00-05:00,6.650000095367432,6.656599998474121,6.639999866485596,6.644999980926514,20008,0.0,0.0,BCRX,15m
2026-01-28 13:45:00-05:00,6.644999980926514,6.664999961853027,6.644999980926514,6.65500020980835,22982,0.0,0.0,BCRX,15m
2026-01-28 14:00:00-05:00,6.650000095367432,6.656000137329102,6.610000133514404,6.644999980926514,58554,0.0,0.0,BCRX,15m
2026-01-28 14:15:00-05:00,6.639999866485596,6.644999980926514,6.625,6.625,25136,0.0,0.0,BCRX,15m
2026-01-28 14:30:00-05:00,6.614999771118164,6.699999809265137,6.610000133514404,6.635000228881836,102871,0.0,0.0,BCRX,15m
2026-01-28 14:45:00-05:00,6.635000228881836,6.650000095367432,6.630000114440918,6.639999866485596,45797,0.0,0.0,BCRX,15m
2026-01-28 15:00:00-05:00,6.635000228881836,6.656700134277344,6.625,6.635000228881836,42294,0.0,0.0,BCRX,15m
2026-01-28 15:15:00-05:00,6.635000228881836,6.664999961853027,6.630000114440918,6.644999980926514,68580,0.0,0.0,BCRX,15m
2026-01-28 15:30:00-05:00,6.644999980926514,6.679999828338623,6.635000228881836,6.659999847412109,71240,0.0,0.0,BCRX,15m
2026-01-28 15:45:00-05:00,6.65500020980835,6.690000057220459,6.635000228881836,6.650000095367432,225372,0.0,0.0,BCRX,15m
2026-01-29 09:30:00-05:00,6.650000095367432,6.710000038146973,6.610000133514404,6.684999942779541,110335,0.0,0.0,BCRX,15m
2026-01-29 09:45:00-05:00,6.679999828338623,6.679999828338623,6.619999885559082,6.625,43437,0.0,0.0,BCRX,15m
2026-01-29 10:00:00-05:00,6.619999885559082,6.690000057220459,6.610000133514404,6.690000057220459,110392,0.0,0.0,BCRX,15m
2026-01-29 10:15:00-05:00,6.689799785614014,6.706500053405762,6.644999980926514,6.644999980926514,54219,0.0,0.0,BCRX,15m
2026-01-29 10:30:00-05:00,6.639999866485596,6.664999961853027,6.639999866485596,6.644999980926514,45966,0.0,0.0,BCRX,15m
2026-01-29 10:45:00-05:00,6.648799896240234,6.648799896240234,6.619999885559082,6.635000228881836,53430,0.0,0.0,BCRX,15m
2026-01-29 11:00:00-05:00,6.639999866485596,6.65500020980835,6.630000114440918,6.644999980926514,67216,0.0,0.0,BCRX,15m
2026-01-29 11:15:00-05:00,6.650000095367432,6.730000019073486,6.650000095367432,6.71999979019165,117058,0.0,0.0,BCRX,15m
2026-01-29 11:30:00-05:00,6.715000152587891,6.75,6.710000038146973,6.744999885559082,26752,0.0,0.0,BCRX,15m
2026-01-29 11:45:00-05:00,6.740799903869629,6.764999866485596,6.730000019073486,6.739999771118164,35191,0.0,0.0,BCRX,15m
2026-01-29 12:00:00-05:00,6.739999771118164,6.795000076293945,6.739999771118164,6.78000020980835,51187,0.0,0.0,BCRX,15m
2026-01-29 12:15:00-05:00,6.784999847412109,6.789999961853027,6.760000228881836,6.775000095367432,34805,0.0,0.0,BCRX,15m
2026-01-29 12:30:00-05:00,6.775000095367432,6.78000020980835,6.769999980926514,6.78000020980835,15333,0.0,0.0,BCRX,15m
2026-01-29 12:45:00-05:00,6.78000020980835,6.78000020980835,6.71999979019165,6.724999904632568,48121,0.0,0.0,BCRX,15m
2026-01-29 13:00:00-05:00,6.71999979019165,6.760000228881836,6.71999979019165,6.744999885559082,37374,0.0,0.0,BCRX,15m
2026-01-29 13:15:00-05:00,6.744999885559082,6.78000020980835,6.739999771118164,6.764999866485596,54893,0.0,0.0,BCRX,15m
2026-01-29 13:30:00-05:00,6.760000228881836,6.78000020980835,6.75,6.760000228881836,47796,0.0,0.0,BCRX,15m
2026-01-29 13:45:00-05:00,6.75,6.755000114440918,6.675000190734863,6.675000190734863,77253,0.0,0.0,BCRX,15m
2026-01-29 14:00:00-05:00,6.670000076293945,6.695000171661377,6.670000076293945,6.679999828338623,44795,0.0,0.0,BCRX,15m
2026-01-29 14:15:00-05:00,6.679999828338623,6.690000057220459,6.659999847412109,6.670000076293945,40646,0.0,0.0,BCRX,15m
2026-01-29 14:30:00-05:00,6.659999847412109,6.664999961853027,6.619999885559082,6.644999980926514,143849,0.0,0.0,BCRX,15m
2026-01-29 14:45:00-05:00,6.644999980926514,6.650000095367432,6.630000114440918,6.635000228881836,35243,0.0,0.0,BCRX,15m
2026-01-29 15:00:00-05:00,6.635000228881836,6.664999961853027,6.605000019073486,6.608399868011475,200070,0.0,0.0,BCRX,15m
2026-01-29 15:15:00-05:00,6.605000019073486,6.684999942779541,6.605000019073486,6.670000076293945,167163,0.0,0.0,BCRX,15m
2026-01-29 15:30:00-05:00,6.670000076293945,6.710000038146973,6.664999961853027,6.695000171661377,58509,0.0,0.0,BCRX,15m
2026-01-29 15:45:00-05:00,6.695000171661377,6.730000019073486,6.659999847412109,6.659999847412109,485830,0.0,0.0,BCRX,15m
2026-01-30 09:30:00-05:00,6.610000133514404,6.715000152587891,6.565000057220459,6.570000171661377,119449,0.0,0.0,BCRX,15m
2026-01-30 09:45:00-05:00,6.574999809265137,6.574999809265137,6.449999809265137,6.454999923706055,78082,0.0,0.0,BCRX,15m
2026-01-30 10:00:00-05:00,6.454999923706055,6.480000019073486,6.440000057220459,6.454999923706055,74618,0.0,0.0,BCRX,15m
2026-01-30 10:15:00-05:00,6.454999923706055,6.488999843597412,6.429999828338623,6.434999942779541,104869,0.0,0.0,BCRX,15m
2026-01-30 10:30:00-05:00,6.434999942779541,6.445000171661377,6.429999828338623,6.439899921417236,10322,0.0,0.0,BCRX,15m
2026-02-02 14:00:00-05:00,6.699999809265137,6.71999979019165,6.695000171661377,6.699999809265137,936454,0.0,0.0,BCRX,15m
2026-02-02 14:15:00-05:00,6.699999809265137,6.704999923706055,6.675000190734863,6.684999942779541,41681,0.0,0.0,BCRX,15m
2026-02-02 14:30:00-05:00,6.679999828338623,6.684999942779541,6.661600112915039,6.679900169372559,43834,0.0,0.0,BCRX,15m
2026-02-02 14:45:00-05:00,6.679999828338623,6.690000057220459,6.670000076293945,6.675000190734863,77834,0.0,0.0,BCRX,15m
2026-02-02 15:00:00-05:00,6.679999828338623,6.690000057220459,6.664999961853027,6.664999961853027,101349,0.0,0.0,BCRX,15m
2026-02-02 15:15:00-05:00,6.664999961853027,6.684999942779541,6.650000095367432,6.675000190734863,98536,0.0,0.0,BCRX,15m
2026-02-02 15:30:00-05:00,6.677999973297119,6.684999942779541,6.639999866485596,6.641499996185303,100717,0.0,0.0,BCRX,15m
2026-02-02 15:45:00-05:00,6.639999866485596,6.65500020980835,6.610000133514404,6.619999885559082,425269,0.0,0.0,BCRX,15m
2026-02-03 09:30:00-05:00,6.619999885559082,6.710000038146973,6.602700233459473,6.625,86304,0.0,0.0,BCRX,15m
2026-02-03 09:45:00-05:00,6.630000114440918,6.670000076293945,6.59499979019165,6.670000076293945,106727,0.0,0.0,BCRX,15m
2026-02-03 10:00:00-05:00,6.664999961853027,6.71999979019165,6.664999961853027,6.710000038146973,84483,0.0,0.0,BCRX,15m
2026-02-03 10:15:00-05:00,6.71999979019165,6.744999885559082,6.695000171661377,6.695000171661377,165543,0.0,0.0,BCRX,15m
2026-02-03 10:30:00-05:00,6.690000057220459,6.690000057220459,6.630000114440918,6.644999980926514,77239,0.0,0.0,BCRX,15m
2026-02-03 10:45:00-05:00,6.650000095367432,6.71999979019165,6.650000095367432,6.710000038146973,82206,0.0,0.0,BCRX,15m
2026-02-03 11:00:00-05:00,6.710000038146973,6.710000038146973,6.650000095367432,6.65500020980835,117320,0.0,0.0,BCRX,15m
2026-02-03 11:15:00-05:00,6.650000095367432,6.659999847412109,6.639999866485596,6.639999866485596,41591,0.0,0.0,BCRX,15m
2026-02-03 11:30:00-05:00,6.644999980926514,6.659999847412109,6.635000228881836,6.659999847412109,30387,0.0,0.0,BCRX,15m
2026-02-03 11:45:00-05:00,6.659999847412109,6.659999847412109,6.619999885559082,6.619999885559082,56380,0.0,0.0,BCRX,15m
2026-02-03 12:00:00-05:00,6.625,6.65500020980835,6.610000133514404,6.635000228881836,63550,0.0,0.0,BCRX,15m
2026-02-03 12:15:00-05:00,6.630000114440918,6.635000228881836,6.554999828338623,6.554999828338623,49684,0.0,0.0,BCRX,15m
2026-02-03 12:30:00-05:00,6.554999828338623,6.579999923706055,6.550000190734863,6.571400165557861,64369,0.0,0.0,BCRX,15m
2026-02-03 12:45:00-05:00,6.574999809265137,6.639999866485596,6.574999809265137,6.635000228881836,58321,0.0,0.0,BCRX,15m
2026-02-03 13:00:00-05:00,6.630000114440918,6.639999866485596,6.585000038146973,6.585000038146973,80982,0.0,0.0,BCRX,15m
2026-02-03 13:15:00-05:00,6.585000038146973,6.610000133514404,6.560100078582764,6.59499979019165,77450,0.0,0.0,BCRX,15m
2026-02-03 13:30:00-05:00,6.59499979019165,6.619999885559082,6.574999809265137,6.610000133514404,107676,0.0,0.0,BCRX,15m
2026-02-03 13:45:00-05:00,6.610000133514404,6.630000114440918,6.605000019073486,6.625,42279,0.0,0.0,BCRX,15m
2026-02-03 14:00:00-05:00,6.619999885559082,6.690000057220459,6.619999885559082,6.670000076293945,117780,0.0,0.0,BCRX,15m
2026-02-03 14:15:00-05:00,6.670000076293945,6.710000038146973,6.659999847412109,6.664999961853027,152115,0.0,0.0,BCRX,15m
2026-02-03 14:30:00-05:00,6.670000076293945,6.715099811553955,6.65500020980835,6.704999923706055,101769,0.0,0.0,BCRX,15m
2026-02-03 14:45:00-05:00,6.703499794006348,6.704999923706055,6.670000076293945,6.68149995803833,48514,0.0,0.0,BCRX,15m
2026-02-03 15:00:00-05:00,6.684999942779541,6.690000057220459,6.650000095367432,6.664999961853027,47537,0.0,0.0,BCRX,15m
2026-02-03 15:15:00-05:00,6.670000076293945,6.679999828338623,6.635000228881836,6.644999980926514,100796,0.0,0.0,BCRX,15m
2026-02-03 15:30:00-05:00,6.639999866485596,6.65500020980835,6.630000114440918,6.650000095367432,95196,0.0,0.0,BCRX,15m
2026-02-03 15:45:00-05:00,6.644999980926514,6.715000152587891,6.635000228881836,6.710000038146973,430611,0.0,0.0,BCRX,15m
2026-02-04 09:30:00-05:00,6.739999771118164,6.760000228881836,6.630000114440918,6.638800144195557,69611,0.0,0.0,BCRX,15m
2026-02-04 09:45:00-05:00,6.639999866485596,6.648399829864502,6.570000171661377,6.574999809265137,96793,0.0,0.0,BCRX,15m
2026-02-04 10:00:00-05:00,6.579999923706055,6.605000019073486,6.570000171661377,6.585000038146973,49060,0.0,0.0,BCRX,15m
2026-02-04 10:15:00-05:00,6.585000038146973,6.614999771118164,6.585000038146973,6.605000019073486,30570,0.0,0.0,BCRX,15m
2026-02-04 10:30:00-05:00,6.605000019073486,6.610000133514404,6.574999809265137,6.59499979019165,51825,0.0,0.0,BCRX,15m
2026-02-04 10:45:00-05:00,6.59499979019165,6.59499979019165,6.559999942779541,6.559999942779541,63098,0.0,0.0,BCRX,15m
2026-02-04 11:00:00-05:00,6.565000057220459,6.565000057220459,6.53000020980835,6.545000076293945,41479,0.0,0.0,BCRX,15m
2026-02-04 11:15:00-05:00,6.550000190734863,6.559999942779541,6.53000020980835,6.534999847412109,73678,0.0,0.0,BCRX,15m
2026-02-04 11:30:00-05:00,6.539999961853027,6.559999942779541,6.519999980926514,6.525000095367432,63478,0.0,0.0,BCRX,15m
2026-02-04 11:45:00-05:00,6.524499893188477,6.534999847412109,6.510000228881836,6.514999866485596,80893,0.0,0.0,BCRX,15m
2026-02-04 12:00:00-05:00,6.510000228881836,6.519999980926514,6.5,6.519999980926514,27489,0.0,0.0,BCRX,15m
2026-02-04 12:15:00-05:00,6.514999866485596,6.519999980926514,6.400000095367432,6.425000190734863,418619,0.0,0.0,BCRX,15m
2026-02-04 12:30:00-05:00,6.429999828338623,6.449999809265137,6.400000095367432,6.414999961853027,107271,0.0,0.0,BCRX,15m
2026-02-04 12:45:00-05:00,6.420000076293945,6.429999828338623,6.40500020980835,6.414999961853027,36895,0.0,0.0,BCRX,15m
2026-02-04 13:00:00-05:00,6.414999961853027,6.449999809265137,6.400000095367432,6.414999961853027,138107,0.0,0.0,BCRX,15m
2026-02-04 13:15:00-05:00,6.414999961853027,6.460000038146973,6.400000095367432,6.454999923706055,87826,0.0,0.0,BCRX,15m
2026-02-04 13:30:00-05:00,6.449999809265137,6.46999979019165,6.425000190734863,6.429999828338623,63453,0.0,0.0,BCRX,15m
2026-02-04 13:45:00-05:00,6.429999828338623,6.449999809265137,6.420000076293945,6.429999828338623,63144,0.0,0.0,BCRX,15m
2026-02-04 14:00:00-05:00,6.440000057220459,6.440000057220459,6.425000190734863,6.425000190734863,25786,0.0,0.0,BCRX,15m
2026-02-04 14:15:00-05:00,6.429999828338623,6.429999828338623,6.400000095367432,6.40500020980835,61432,0.0,0.0,BCRX,15m
2026-02-04 14:30:00-05:00,6.40500020980835,6.46999979019165,6.40500020980835,6.465000152587891,62304,0.0,0.0,BCRX,15m
2026-02-04 14:45:00-05:00,6.465000152587891,6.519999980926514,6.454999923706055,6.519999980926514,69393,0.0,0.0,BCRX,15m
2026-02-04 15:00:00-05:00,6.514999866485596,6.514999866485596,6.465000152587891,6.494999885559082,84219,0.0,0.0,BCRX,15m
2026-02-04 15:15:00-05:00,6.5,6.5,6.440000057220459,6.440000057220459,68200,0.0,0.0,BCRX,15m
2026-02-04 15:30:00-05:00,6.445000171661377,6.480000019073486,6.429999828338623,6.454999923706055,133779,0.0,0.0,BCRX,15m
2026-02-04 15:45:00-05:00,6.454999923706055,6.474999904632568,6.409999847412109,6.429999828338623,366040,0.0,0.0,BCRX,15m
2026-02-05 09:30:00-05:00,6.440000057220459,6.534999847412109,6.429999828338623,6.519999980926514,116975,0.0,0.0,BCRX,15m
2026-02-05 09:45:00-05:00,6.539999961853027,6.570000171661377,6.449999809265137,6.474999904632568,62112,0.0,0.0,BCRX,15m
2026-02-05 10:00:00-05:00,6.480000019073486,6.489999771118164,6.360000133514404,6.385000228881836,172684,0.0,0.0,BCRX,15m
2026-02-05 10:15:00-05:00,6.380000114440918,6.440000057220459,6.364999771118164,6.414999961853027,64729,0.0,0.0,BCRX,15m
2026-02-05 10:30:00-05:00,6.414999961853027,6.434999942779541,6.394999980926514,6.400000095367432,84689,0.0,0.0,BCRX,15m
2026-02-05 10:45:00-05:00,6.409999847412109,6.414999961853027,6.364999771118164,6.364999771118164,102249,0.0,0.0,BCRX,15m
2026-02-05 11:00:00-05:00,6.364999771118164,6.369999885559082,6.329999923706055,6.335000038146973,47027,0.0,0.0,BCRX,15m
2026-02-05 11:15:00-05:00,6.340000152587891,6.375,6.340000152587891,6.369999885559082,60936,0.0,0.0,BCRX,15m
2026-02-05 11:30:00-05:00,6.369999885559082,6.385000228881836,6.349999904632568,6.364999771118164,46878,0.0,0.0,BCRX,15m
2026-02-05 11:45:00-05:00,6.360000133514404,6.400000095367432,6.349999904632568,6.394999980926514,45447,0.0,0.0,BCRX,15m
2026-02-05 12:00:00-05:00,6.400000095367432,6.400000095367432,6.360000133514404,6.364999771118164,93907,0.0,0.0,BCRX,15m
2026-02-05 12:15:00-05:00,6.364999771118164,6.385000228881836,6.340000152587891,6.385000228881836,80903,0.0,0.0,BCRX,15m
2026-02-05 12:30:00-05:00,6.385000228881836,6.400000095367432,6.380000114440918,6.394999980926514,44578,0.0,0.0,BCRX,15m
2026-02-05 12:45:00-05:00,6.394999980926514,6.394999980926514,6.340000152587891,6.34499979019165,58238,0.0,0.0,BCRX,15m
2026-02-05 13:00:00-05:00,6.34499979019165,6.380000114440918,6.34499979019165,6.355000019073486,68964,0.0,0.0,BCRX,15m
2026-02-05 13:15:00-05:00,6.355000019073486,6.355000019073486,6.320000171661377,6.329999923706055,67392,0.0,0.0,BCRX,15m
2026-02-05 13:30:00-05:00,6.329999923706055,6.349299907684326,6.329999923706055,6.34499979019165,61830,0.0,0.0,BCRX,15m
2026-02-05 13:45:00-05:00,6.340000152587891,6.34499979019165,6.320000171661377,6.320000171661377,110680,0.0,0.0,BCRX,15m
2026-02-05 14:00:00-05:00,6.315000057220459,6.335000038146973,6.309999942779541,6.324999809265137,80458,0.0,0.0,BCRX,15m
2026-02-05 14:15:00-05:00,6.324999809265137,6.34499979019165,6.309999942779541,6.324999809265137,52753,0.0,0.0,BCRX,15m
2026-02-05 14:30:00-05:00,6.324999809265137,6.329999923706055,6.289999961853027,6.304999828338623,83998,0.0,0.0,BCRX,15m
2026-02-05 14:45:00-05:00,6.304999828338623,6.315000057220459,6.289999961853027,6.309999942779541,91742,0.0,0.0,BCRX,15m
2026-02-05 15:00:00-05:00,6.315000057220459,6.324999809265137,6.289999961853027,6.320000171661377,68846,0.0,0.0,BCRX,15m
2026-02-05 15:15:00-05:00,6.320000171661377,6.320000171661377,6.28000020980835,6.284999847412109,87129,0.0,0.0,BCRX,15m
2026-02-05 15:30:00-05:00,6.284999847412109,6.289999961853027,6.260000228881836,6.271500110626221,119526,0.0,0.0,BCRX,15m
2026-02-05 15:45:00-05:00,6.275000095367432,6.289999961853027,6.230000019073486,6.244999885559082,557460,0.0,0.0,BCRX,15m
2026-02-06 09:30:00-05:00,6.389999866485596,6.429999828338623,6.300000190734863,6.360000133514404,77040,0.0,0.0,BCRX,15m
2026-02-06 09:45:00-05:00,6.385000228881836,6.389999866485596,6.269999980926514,6.275000095367432,66587,0.0,0.0,BCRX,15m
2026-02-06 10:00:00-05:00,6.275000095367432,6.329999923706055,6.261000156402588,6.3292999267578125,90680,0.0,0.0,BCRX,15m
2026-02-06 10:15:00-05:00,6.329999923706055,6.375,6.310999870300293,6.315000057220459,36745,0.0,0.0,BCRX,15m
2026-02-06 10:30:00-05:00,6.320000171661377,6.355000019073486,6.311500072479248,6.315000057220459,148627,0.0,0.0,BCRX,15m
2026-02-06 10:45:00-05:00,6.318600177764893,6.320000171661377,6.311399936676025,6.315000057220459,39412,0.0,0.0,BCRX,15m
2026-02-06 11:00:00-05:00,6.315000057220459,6.329999923706055,6.315000057220459,6.324999809265137,33099,0.0,0.0,BCRX,15m
2026-02-06 11:15:00-05:00,6.355000019073486,6.369999885559082,6.349999904632568,6.355000019073486,74840,0.0,0.0,BCRX,15m
2026-02-06 11:30:00-05:00,6.355000019073486,6.394999980926514,6.35129976272583,6.389900207519531,50099,0.0,0.0,BCRX,15m
2026-02-06 11:45:00-05:00,6.389999866485596,6.400000095367432,6.375,6.394999980926514,33409,0.0,0.0,BCRX,15m
2026-02-06 12:00:00-05:00,6.394999980926514,6.420000076293945,6.394999980926514,6.40500020980835,31091,0.0,0.0,BCRX,15m
2026-02-06 12:15:00-05:00,6.40500020980835,6.40500020980835,6.375,6.375,46032,0.0,0.0,BCRX,15m
2026-02-06 12:30:00-05:00,6.373000144958496,6.380000114440918,6.355000019073486,6.355000019073486,20788,0.0,0.0,BCRX,15m
2026-02-06 12:45:00-05:00,6.360000133514404,6.364999771118164,6.350200176239014,6.355000019073486,19272,0.0,0.0,BCRX,15m
2026-02-06 13:00:00-05:00,6.360000133514404,6.364999771118164,6.349999904632568,6.349999904632568,30082,0.0,0.0,BCRX,15m
2026-02-06 13:15:00-05:00,6.34499979019165,6.349999904632568,6.334499835968018,6.34499979019165,24388,0.0,0.0,BCRX,15m
2026-02-06 13:30:00-05:00,6.349999904632568,6.360000133514404,6.329999923706055,6.349999904632568,64982,0.0,0.0,BCRX,15m
2026-02-06 13:45:00-05:00,6.355000019073486,6.360000133514404,6.34499979019165,6.349999904632568,25031,0.0,0.0,BCRX,15m
2026-02-06 14:00:00-05:00,6.34499979019165,6.349999904632568,6.335000038146973,6.335000038146973,41596,0.0,0.0,BCRX,15m
2026-02-06 14:15:00-05:00,6.335000038146973,6.349999904632568,6.329999923706055,6.349999904632568,23521,0.0,0.0,BCRX,15m
2026-02-06 14:30:00-05:00,6.349999904632568,6.355000019073486,6.335000038146973,6.340000152587891,28077,0.0,0.0,BCRX,15m
2026-02-06 14:45:00-05:00,6.340000152587891,6.364999771118164,6.340000152587891,6.355000019073486,28373,0.0,0.0,BCRX,15m
2026-02-06 15:00:00-05:00,6.349999904632568,6.349999904632568,6.340000152587891,6.34499979019165,32616,0.0,0.0,BCRX,15m
2026-02-06 15:15:00-05:00,6.34499979019165,6.355000019073486,6.340000152587891,6.349999904632568,44416,0.0,0.0,BCRX,15m
2026-02-06 15:30:00-05:00,6.34499979019165,6.389999866485596,6.340000152587891,6.355000019073486,68948,0.0,0.0,BCRX,15m
2026-02-06 15:45:00-05:00,6.355000019073486,6.394999980926514,6.329999923706055,6.375,234140,0.0,0.0,BCRX,15m
2026-02-09 09:30:00-05:00,6.340000152587891,6.380000114440918,6.292600154876709,6.304999828338623,76034,0.0,0.0,BCRX,15m
2026-02-09 09:45:00-05:00,6.304999828338623,6.320000171661377,6.260300159454346,6.284999847412109,34245,0.0,0.0,BCRX,15m
2026-02-09 10:00:00-05:00,6.284999847412109,6.309999942779541,6.269999980926514,6.295000076293945,28875,0.0,0.0,BCRX,15m
2026-02-09 10:15:00-05:00,6.295000076293945,6.300000190734863,6.28000020980835,6.284999847412109,28126,0.0,0.0,BCRX,15m
2026-02-09 10:30:00-05:00,6.289899826049805,6.315000057220459,6.275000095367432,6.315000057220459,34869,0.0,0.0,BCRX,15m
2026-02-09 10:45:00-05:00,6.319900035858154,6.320000171661377,6.309999942779541,6.315000057220459,29982,0.0,0.0,BCRX,15m
2026-02-09 11:00:00-05:00,6.315000057220459,6.340000152587891,6.315000057220459,6.340000152587891,45812,0.0,0.0,BCRX,15m
2026-02-09 11:15:00-05:00,6.340000152587891,6.349999904632568,6.335000038146973,6.349999904632568,27773,0.0,0.0,BCRX,15m
2026-02-09 11:30:00-05:00,6.347499847412109,6.355000019073486,6.335000038146973,6.335000038146973,27712,0.0,0.0,BCRX,15m
2026-02-09 11:45:00-05:00,6.335000038146973,6.340000152587891,6.320000171661377,6.340000152587891,17960,0.0,0.0,BCRX,15m
2026-02-09 12:00:00-05:00,6.340000152587891,6.349999904632568,6.335000038146973,6.34499979019165,17754,0.0,0.0,BCRX,15m
2026-02-09 12:15:00-05:00,6.340000152587891,6.349999904632568,6.333499908447266,6.335000038146973,13906,0.0,0.0,BCRX,15m
2026-02-09 12:30:00-05:00,6.335000038146973,6.340000152587891,6.324999809265137,6.329999923706055,20979,0.0,0.0,BCRX,15m
2026-02-09 12:45:00-05:00,6.335000038146973,6.340000152587891,6.329999923706055,6.335000038146973,12910,0.0,0.0,BCRX,15m
2026-02-09 13:00:00-05:00,6.335000038146973,6.335000038146973,6.2829999923706055,6.295000076293945,31417,0.0,0.0,BCRX,15m
2026-02-09 13:15:00-05:00,6.295000076293945,6.304999828338623,6.284999847412109,6.295000076293945,22783,0.0,0.0,BCRX,15m
2026-02-09 13:30:00-05:00,6.295000076293945,6.300000190734863,6.289999961853027,6.295000076293945,17460,0.0,0.0,BCRX,15m
2026-02-09 13:45:00-05:00,6.289999961853027,6.295000076293945,6.269999980926514,6.28000020980835,63693,0.0,0.0,BCRX,15m
2026-02-09 14:00:00-05:00,6.284999847412109,6.284999847412109,6.264999866485596,6.264999866485596,35614,0.0,0.0,BCRX,15m
2026-02-09 14:15:00-05:00,6.269999980926514,6.284999847412109,6.260700225830078,6.28000020980835,30165,0.0,0.0,BCRX,15m
2026-02-09 14:30:00-05:00,6.284999847412109,6.295000076293945,6.275000095367432,6.284999847412109,31657,0.0,0.0,BCRX,15m
2026-02-09 14:45:00-05:00,6.280099868774414,6.295000076293945,6.28000020980835,6.284999847412109,20058,0.0,0.0,BCRX,15m
2026-02-09 15:00:00-05:00,6.284999847412109,6.304999828338623,6.284999847412109,6.298500061035156,36182,0.0,0.0,BCRX,15m
2026-02-09 15:15:00-05:00,6.295000076293945,6.295000076293945,6.269999980926514,6.275000095367432,43716,0.0,0.0,BCRX,15m
2026-02-09 15:30:00-05:00,6.28000020980835,6.28000020980835,6.260000228881836,6.260000228881836,34721,0.0,0.0,BCRX,15m
2026-02-09 15:45:00-05:00,6.264999866485596,6.304999828338623,6.264999866485596,6.300000190734863,209872,0.0,0.0,BCRX,15m
2026-02-10 09:30:00-05:00,6.309999942779541,6.420000076293945,6.300000190734863,6.414999961853027,75787,0.0,0.0,BCRX,15m
2026-02-10 09:45:00-05:00,6.414999961853027,6.414999961853027,6.369999885559082,6.394999980926514,59989,0.0,0.0,BCRX,15m
2026-02-10 10:00:00-05:00,6.392499923706055,6.425000190734863,6.392499923706055,6.425000190734863,43038,0.0,0.0,BCRX,15m
2026-02-10 10:15:00-05:00,6.424499988555908,6.465000152587891,6.420100212097168,6.460000038146973,45098,0.0,0.0,BCRX,15m
2026-02-10 10:30:00-05:00,6.4633002281188965,6.505000114440918,6.4633002281188965,6.489999771118164,62084,0.0,0.0,BCRX,15m
2026-02-10 10:45:00-05:00,6.481400012969971,6.545000076293945,6.465000152587891,6.494999885559082,84709,0.0,0.0,BCRX,15m
2026-02-10 11:00:00-05:00,6.494999885559082,6.53000020980835,6.494999885559082,6.53000020980835,31555,0.0,0.0,BCRX,15m
2026-02-10 11:15:00-05:00,6.53000020980835,6.550000190734863,6.525000095367432,6.545000076293945,28735,0.0,0.0,BCRX,15m
2026-02-10 11:30:00-05:00,6.545000076293945,6.545000076293945,6.5,6.5,24421,0.0,0.0,BCRX,15m
2026-02-10 11:45:00-05:00,6.499899864196777,6.525000095367432,6.494999885559082,6.5100998878479,23902,0.0,0.0,BCRX,15m
2026-02-10 12:00:00-05:00,6.514999866485596,6.539999961853027,6.514999866485596,6.534999847412109,57613,0.0,0.0,BCRX,15m
2026-02-10 12:15:00-05:00,6.539999961853027,6.579999923706055,6.534999847412109,6.554999828338623,66371,0.0,0.0,BCRX,15m
2026-02-10 12:30:00-05:00,6.559999942779541,6.585000038146973,6.550000190734863,6.574999809265137,57096,0.0,0.0,BCRX,15m
2026-02-10 12:45:00-05:00,6.574999809265137,6.619999885559082,6.574999809265137,6.605000019073486,63179,0.0,0.0,BCRX,15m
2026-02-10 13:00:00-05:00,6.605000019073486,6.630000114440918,6.580999851226807,6.619999885559082,83865,0.0,0.0,BCRX,15m
2026-02-10 13:15:00-05:00,6.614999771118164,6.619999885559082,6.580100059509277,6.601399898529053,101176,0.0,0.0,BCRX,15m
2026-02-10 13:30:00-05:00,6.605000019073486,6.610000133514404,6.579999923706055,6.585000038146973,29804,0.0,0.0,BCRX,15m
2026-02-10 13:45:00-05:00,6.585000038146973,6.585000038146973,6.514999866485596,6.545000076293945,82696,0.0,0.0,BCRX,15m
2026-02-10 14:00:00-05:00,6.539999961853027,6.590000152587891,6.539999961853027,6.590000152587891,42027,0.0,0.0,BCRX,15m
2026-02-10 14:15:00-05:00,6.579999923706055,6.590000152587891,6.570000171661377,6.579999923706055,32045,0.0,0.0,BCRX,15m
2026-02-10 14:30:00-05:00,6.574999809265137,6.590000152587891,6.570000171661377,6.574999809265137,44675,0.0,0.0,BCRX,15m
2026-02-10 14:45:00-05:00,6.574999809265137,6.610000133514404,6.564300060272217,6.605000019073486,51016,0.0,0.0,BCRX,15m
2026-02-10 15:00:00-05:00,6.605000019073486,6.636300086975098,6.605000019073486,6.614999771118164,64304,0.0,0.0,BCRX,15m
2026-02-10 15:15:00-05:00,6.610000133514404,6.635000228881836,6.570000171661377,6.574999809265137,65645,0.0,0.0,BCRX,15m
2026-02-10 15:30:00-05:00,6.570000171661377,6.574999809265137,6.559999942779541,6.565000057220459,62229,0.0,0.0,BCRX,15m
2026-02-10 15:45:00-05:00,6.565000057220459,6.565000057220459,6.505000114440918,6.554999828338623,1485691,0.0,0.0,BCRX,15m
2026-02-11 09:30:00-05:00,6.53000020980835,6.599999904632568,6.489999771118164,6.539999961853027,96893,0.0,0.0,BCRX,15m
2026-02-11 09:45:00-05:00,6.534999847412109,6.534999847412109,6.462500095367432,6.494999885559082,36895,0.0,0.0,BCRX,15m
2026-02-11 10:00:00-05:00,6.494999885559082,6.545000076293945,6.494999885559082,6.539999961853027,30313,0.0,0.0,BCRX,15m
2026-02-11 10:15:00-05:00,6.539999961853027,6.590000152587891,6.534999847412109,6.585000038146973,28016,0.0,0.0,BCRX,15m
2026-02-11 10:30:00-05:00,6.585000038146973,6.585000038146973,6.554999828338623,6.579999923706055,38637,0.0,0.0,BCRX,15m
2026-02-11 10:45:00-05:00,6.579999923706055,6.590000152587891,6.579999923706055,6.585000038146973,19459,0.0,0.0,BCRX,15m
2026-02-11 11:00:00-05:00,6.585000038146973,6.59499979019165,6.570000171661377,6.59499979019165,27269,0.0,0.0,BCRX,15m
2026-02-11 11:15:00-05:00,6.59499979019165,6.614999771118164,6.579999923706055,6.5903000831604,38657,0.0,0.0,BCRX,15m
2026-02-11 11:30:00-05:00,6.59499979019165,6.630000114440918,6.59499979019165,6.630000114440918,25123,0.0,0.0,BCRX,15m
2026-02-11 11:45:00-05:00,6.630000114440918,6.65500020980835,6.630000114440918,6.635000228881836,28737,0.0,0.0,BCRX,15m
2026-02-11 12:00:00-05:00,6.635000228881836,6.659999847412109,6.635000228881836,6.65500020980835,40809,0.0,0.0,BCRX,15m
2026-02-11 12:15:00-05:00,6.650000095367432,6.664999961853027,6.644999980926514,6.664999961853027,46609,0.0,0.0,BCRX,15m
2026-02-11 12:30:00-05:00,6.664999961853027,6.738699913024902,6.664999961853027,6.735000133514404,63459,0.0,0.0,BCRX,15m
2026-02-11 12:45:00-05:00,6.735000133514404,6.75,6.71999979019165,6.724999904632568,34881,0.0,0.0,BCRX,15m
2026-02-11 13:00:00-05:00,6.724999904632568,6.7266998291015625,6.699999809265137,6.704999923706055,50324,0.0,0.0,BCRX,15m
2026-02-11 13:15:00-05:00,6.699999809265137,6.730000019073486,6.699999809265137,6.71999979019165,26670,0.0,0.0,BCRX,15m
2026-02-11 13:30:00-05:00,6.724999904632568,6.75,6.724999904632568,6.75,14278,0.0,0.0,BCRX,15m
2026-02-11 13:45:00-05:00,6.75,6.764999866485596,6.739999771118164,6.744999885559082,55977,0.0,0.0,BCRX,15m
2026-02-11 14:00:00-05:00,6.744999885559082,6.769999980926514,6.735000133514404,6.764999866485596,29653,0.0,0.0,BCRX,15m
2026-02-11 14:15:00-05:00,6.769899845123291,6.769999980926514,6.752999782562256,6.755000114440918,19583,0.0,0.0,BCRX,15m
2026-02-11 14:30:00-05:00,6.755000114440918,6.78000020980835,6.753300189971924,6.78000020980835,34680,0.0,0.0,BCRX,15m
2026-02-11 14:45:00-05:00,6.78000020980835,6.820000171661377,6.769999980926514,6.804999828338623,47210,0.0,0.0,BCRX,15m
2026-02-11 15:00:00-05:00,6.804999828338623,6.824999809265137,6.800000190734863,6.804999828338623,86044,0.0,0.0,BCRX,15m
2026-02-11 15:15:00-05:00,6.804999828338623,6.90500020980835,6.804999828338623,6.894999980926514,299791,0.0,0.0,BCRX,15m
2026-02-11 15:30:00-05:00,6.894999980926514,6.894999980926514,6.75,6.809999942779541,167832,0.0,0.0,BCRX,15m
2026-02-11 15:45:00-05:00,6.804999828338623,6.864999771118164,6.804999828338623,6.84499979019165,490271,0.0,0.0,BCRX,15m
2026-02-12 09:30:00-05:00,6.820000171661377,6.849999904632568,6.639999866485596,6.639999866485596,67655,0.0,0.0,BCRX,15m
2026-02-12 09:45:00-05:00,6.640399932861328,6.659999847412109,6.610000133514404,6.644999980926514,42449,0.0,0.0,BCRX,15m
2026-02-12 10:00:00-05:00,6.641600131988525,6.699999809265137,6.630000114440918,6.699999809265137,48977,0.0,0.0,BCRX,15m
2026-02-12 10:15:00-05:00,6.704999923706055,6.724999904632568,6.699999809265137,6.715000152587891,24835,0.0,0.0,BCRX,15m
2026-02-12 10:30:00-05:00,6.715000152587891,6.724999904632568,6.710000038146973,6.715000152587891,20453,0.0,0.0,BCRX,15m
2026-02-12 10:45:00-05:00,6.715000152587891,6.724999904632568,6.684999942779541,6.715000152587891,52181,0.0,0.0,BCRX,15m
2026-02-12 11:00:00-05:00,6.715000152587891,6.730000019073486,6.713600158691406,6.715000152587891,18640,0.0,0.0,BCRX,15m
2026-02-12 11:15:00-05:00,6.715000152587891,6.715000152587891,6.670000076293945,6.675000190734863,32886,0.0,0.0,BCRX,15m
2026-02-12 11:30:00-05:00,6.670000076293945,6.675000190734863,6.644999980926514,6.644999980926514,23532,0.0,0.0,BCRX,15m
2026-02-12 11:45:00-05:00,6.644999980926514,6.664999961853027,6.639999866485596,6.65500020980835,12659,0.0,0.0,BCRX,15m
2026-02-12 12:00:00-05:00,6.65500020980835,6.675000190734863,6.65500020980835,6.65500020980835,14589,0.0,0.0,BCRX,15m
2026-02-12 12:15:00-05:00,6.65500020980835,6.684999942779541,6.650000095367432,6.684999942779541,24538,0.0,0.0,BCRX,15m
2026-02-12 12:30:00-05:00,6.684999942779541,6.726500034332275,6.670000076293945,6.71999979019165,17420,0.0,0.0,BCRX,15m
2026-02-12 12:45:00-05:00,6.720900058746338,6.720900058746338,6.684999942779541,6.695000171661377,20517,0.0,0.0,BCRX,15m
2026-02-12 13:00:00-05:00,6.695000171661377,6.735000133514404,6.695000171661377,6.724999904632568,18298,0.0,0.0,BCRX,15m
2026-02-12 13:15:00-05:00,6.7270002365112305,6.735000133514404,6.710000038146973,6.710000038146973,273916,0.0,0.0,BCRX,15m
2026-02-12 13:30:00-05:00,6.7170000076293945,6.739999771118164,6.710000038146973,6.730000019073486,17496,0.0,0.0,BCRX,15m
2026-02-12 13:45:00-05:00,6.730100154876709,6.764999866485596,6.730100154876709,6.764999866485596,14950,0.0,0.0,BCRX,15m
2026-02-12 14:00:00-05:00,6.764999866485596,6.769999980926514,6.75,6.755000114440918,24685,0.0,0.0,BCRX,15m
2026-02-12 14:15:00-05:00,6.755000114440918,6.764999866485596,6.739999771118164,6.755000114440918,30462,0.0,0.0,BCRX,15m
2026-02-12 14:30:00-05:00,6.755000114440918,6.78000020980835,6.755000114440918,6.775000095367432,25889,0.0,0.0,BCRX,15m
2026-02-12 14:45:00-05:00,6.775000095367432,6.78000020980835,6.764999866485596,6.775000095367432,28032,0.0,0.0,BCRX,15m
2026-02-12 15:00:00-05:00,6.775000095367432,6.800000190734863,6.769999980926514,6.78000020980835,28469,0.0,0.0,BCRX,15m
2026-02-12 15:15:00-05:00,6.786600112915039,6.786600112915039,6.755000114440918,6.755000114440918,36838,0.0,0.0,BCRX,15m
2026-02-12 15:30:00-05:00,6.75,6.800000190734863,6.75,6.795000076293945,120909,0.0,0.0,BCRX,15m
2026-02-12 15:45:00-05:00,6.795000076293945,6.800000190734863,6.755000114440918,6.800000190734863,248259,0.0,0.0,BCRX,15m
2026-02-13 09:30:00-05:00,6.840000152587891,6.869999885559082,6.769400119781494,6.809999942779541,45979,0.0,0.0,BCRX,15m
2026-02-13 09:45:00-05:00,6.809999942779541,6.860000133514404,6.809999942779541,6.835000038146973,21964,0.0,0.0,BCRX,15m
2026-02-13 10:00:00-05:00,6.840000152587891,6.907800197601318,6.824999809265137,6.885000228881836,23799,0.0,0.0,BCRX,15m
2026-02-13 10:15:00-05:00,6.885000228881836,6.894999980926514,6.835000038146973,6.855000019073486,23278,0.0,0.0,BCRX,15m
2026-02-13 10:30:00-05:00,6.860000133514404,6.869999885559082,6.809999942779541,6.860000133514404,42154,0.0,0.0,BCRX,15m
2026-02-13 10:45:00-05:00,6.864999771118164,6.880000114440918,6.849999904632568,6.875,12335,0.0,0.0,BCRX,15m
2026-02-13 11:00:00-05:00,6.880000114440918,6.894999980926514,6.875,6.885000228881836,12996,0.0,0.0,BCRX,15m
2026-02-13 11:15:00-05:00,6.885000228881836,6.889999866485596,6.849999904632568,6.864999771118164,18604,0.0,0.0,BCRX,15m
2026-02-13 11:30:00-05:00,6.864999771118164,6.868800163269043,6.860000133514404,6.864999771118164,10586,0.0,0.0,BCRX,15m
2026-02-13 11:45:00-05:00,6.864999771118164,6.864999771118164,6.829999923706055,6.840000152587891,18058,0.0,0.0,BCRX,15m
2026-02-13 12:00:00-05:00,6.829999923706055,6.864999771118164,6.820000171661377,6.849999904632568,59314,0.0,0.0,BCRX,15m
2026-02-13 12:15:00-05:00,6.849999904632568,6.864999771118164,6.849999904632568,6.855000019073486,24786,0.0,0.0,BCRX,15m
2026-02-13 12:30:00-05:00,6.855000019073486,6.869999885559082,6.850100040435791,6.864999771118164,37070,0.0,0.0,BCRX,15m
2026-02-13 12:45:00-05:00,6.864999771118164,6.864999771118164,6.840000152587891,6.840000152587891,20078,0.0,0.0,BCRX,15m
2026-02-13 13:00:00-05:00,6.84499979019165,6.849999904632568,6.820000171661377,6.84499979019165,39039,0.0,0.0,BCRX,15m
2026-02-13 13:15:00-05:00,6.84499979019165,6.84499979019165,6.809999942779541,6.809999942779541,30172,0.0,0.0,BCRX,15m
2026-02-13 13:30:00-05:00,6.809999942779541,6.840000152587891,6.804999828338623,6.815000057220459,28759,0.0,0.0,BCRX,15m
2026-02-13 13:45:00-05:00,6.815000057220459,6.815000057220459,6.789999961853027,6.800000190734863,24767,0.0,0.0,BCRX,15m
2026-02-13 14:00:00-05:00,6.800000190734863,6.815000057220459,6.795000076293945,6.804999828338623,41313,0.0,0.0,BCRX,15m
2026-02-13 14:15:00-05:00,6.804999828338623,6.820000171661377,6.795000076293945,6.804999828338623,53673,0.0,0.0,BCRX,15m
2026-02-13 14:30:00-05:00,6.804999828338623,6.84499979019165,6.804999828338623,6.815000057220459,73229,0.0,0.0,BCRX,15m
2026-02-13 14:45:00-05:00,6.809999942779541,6.855000019073486,6.804999828338623,6.804999828338623,67353,0.0,0.0,BCRX,15m
2026-02-13 15:00:00-05:00,6.809999942779541,6.820000171661377,6.78000020980835,6.78000020980835,57561,0.0,0.0,BCRX,15m
2026-02-13 15:15:00-05:00,6.784999847412109,6.804999828338623,6.75,6.75,48210,0.0,0.0,BCRX,15m
2026-02-13 15:30:00-05:00,6.755000114440918,6.809999942779541,6.71999979019165,6.739999771118164,309507,0.0,0.0,BCRX,15m
2026-02-13 15:45:00-05:00,6.744999885559082,6.78000020980835,6.739999771118164,6.78000020980835,230727,0.0,0.0,BCRX,15m
2026-02-17 09:30:00-05:00,6.78000020980835,6.929999828338623,6.760000228881836,6.869999885559082,111221,0.0,0.0,BCRX,15m
2026-02-17 09:45:00-05:00,6.875,6.974999904632568,6.860000133514404,6.945000171661377,55143,0.0,0.0,BCRX,15m
2026-02-17 10:00:00-05:00,6.945000171661377,6.945000171661377,6.900000095367432,6.925000190734863,42119,0.0,0.0,BCRX,15m
2026-02-17 10:15:00-05:00,6.920000076293945,6.934999942779541,6.904799938201904,6.925000190734863,183602,0.0,0.0,BCRX,15m
2026-02-17 10:30:00-05:00,6.925000190734863,6.934999942779541,6.864999771118164,6.894999980926514,43186,0.0,0.0,BCRX,15m
2026-02-17 10:45:00-05:00,6.894999980926514,6.909999847412109,6.885000228881836,6.900000095367432,34620,0.0,0.0,BCRX,15m
2026-02-17 11:00:00-05:00,6.900000095367432,6.940000057220459,6.894999980926514,6.934999942779541,40869,0.0,0.0,BCRX,15m
2026-02-17 11:15:00-05:00,6.934999942779541,6.985000133514404,6.929999828338623,6.934999942779541,91817,0.0,0.0,BCRX,15m
2026-02-17 11:30:00-05:00,6.934999942779541,6.934999942779541,6.890100002288818,6.900000095367432,37864,0.0,0.0,BCRX,15m
2026-02-17 11:45:00-05:00,6.8902997970581055,6.909999847412109,6.880000114440918,6.880000114440918,32033,0.0,0.0,BCRX,15m
2026-02-17 12:00:00-05:00,6.889999866485596,6.889999866485596,6.860000133514404,6.885000228881836,84058,0.0,0.0,BCRX,15m
2026-02-17 12:15:00-05:00,6.885000228881836,6.90500020980835,6.880000114440918,6.894999980926514,38388,0.0,0.0,BCRX,15m
2026-02-17 12:30:00-05:00,6.899400234222412,6.90500020980835,6.880000114440918,6.885000228881836,39691,0.0,0.0,BCRX,15m
2026-02-17 12:45:00-05:00,6.880000114440918,6.894999980926514,6.869999885559082,6.880000114440918,67161,0.0,0.0,BCRX,15m
2026-02-17 13:00:00-05:00,6.885000228881836,6.900000095367432,6.880000114440918,6.880000114440918,28652,0.0,0.0,BCRX,15m
2026-02-17 13:15:00-05:00,6.880000114440918,6.896500110626221,6.860000133514404,6.894999980926514,28567,0.0,0.0,BCRX,15m
2026-02-17 13:30:00-05:00,6.894999980926514,6.929999828338623,6.894999980926514,6.929999828338623,32818,0.0,0.0,BCRX,15m
2026-02-17 13:45:00-05:00,6.934999942779541,6.960000038146973,6.934999942779541,6.945000171661377,178165,0.0,0.0,BCRX,15m
2026-02-17 14:00:00-05:00,6.945000171661377,6.945000171661377,6.909999847412109,6.920000076293945,40341,0.0,0.0,BCRX,15m
2026-02-17 14:15:00-05:00,6.900000095367432,6.909999847412109,6.875,6.90500020980835,35560,0.0,0.0,BCRX,15m
2026-02-17 14:30:00-05:00,6.900000095367432,6.934999942779541,6.860000133514404,6.934999942779541,39269,0.0,0.0,BCRX,15m
2026-02-17 14:45:00-05:00,6.934999942779541,6.945000171661377,6.900000095367432,6.934999942779541,102312,0.0,0.0,BCRX,15m
2026-02-17 15:00:00-05:00,6.934999942779541,6.949999809265137,6.924499988555908,6.929999828338623,80199,0.0,0.0,BCRX,15m
2026-02-17 15:15:00-05:00,6.925000190734863,6.995999813079834,6.925000190734863,6.980000019073486,94095,0.0,0.0,BCRX,15m
2026-02-17 15:30:00-05:00,6.986000061035156,7.005000114440918,6.965000152587891,6.989999771118164,233284,0.0,0.0,BCRX,15m
2026-02-17 15:45:00-05:00,6.985000133514404,6.989999771118164,6.925000190734863,6.949999809265137,322632,0.0,0.0,BCRX,15m
2026-02-18 09:30:00-05:00,6.96999979019165,7.170000076293945,6.96999979019165,7.150000095367432,145698,0.0,0.0,BCRX,15m
2026-02-18 09:45:00-05:00,7.150000095367432,7.199999809265137,7.130000114440918,7.159999847412109,76197,0.0,0.0,BCRX,15m
2026-02-18 10:00:00-05:00,7.159999847412109,7.275000095367432,7.15500020980835,7.240699768066406,113583,0.0,0.0,BCRX,15m
2026-02-18 10:15:00-05:00,7.244999885559082,7.315000057220459,7.239999771118164,7.295000076293945,104364,0.0,0.0,BCRX,15m
2026-02-18 10:30:00-05:00,7.295000076293945,7.349999904632568,7.28000020980835,7.3491997718811035,155783,0.0,0.0,BCRX,15m
2026-02-18 10:45:00-05:00,7.349999904632568,7.355000019073486,7.300600051879883,7.320000171661377,52682,0.0,0.0,BCRX,15m
2026-02-18 11:00:00-05:00,7.329999923706055,7.329999923706055,7.230000019073486,7.244999885559082,70533,0.0,0.0,BCRX,15m
2026-02-18 11:15:00-05:00,7.244999885559082,7.315000057220459,7.2399001121521,7.315000057220459,94529,0.0,0.0,BCRX,15m
2026-02-18 11:30:00-05:00,7.315000057220459,7.315000057220459,7.269999980926514,7.295000076293945,51885,0.0,0.0,BCRX,15m
2026-02-18 11:45:00-05:00,7.295000076293945,7.304999828338623,7.28000020980835,7.300000190734863,28424,0.0,0.0,BCRX,15m
2026-02-18 12:00:00-05:00,7.295000076293945,7.315000057220459,7.295000076293945,7.304999828338623,14227,0.0,0.0,BCRX,15m
2026-02-18 12:15:00-05:00,7.300000190734863,7.304999828338623,7.260000228881836,7.296599864959717,46603,0.0,0.0,BCRX,15m
2026-02-18 12:30:00-05:00,7.300000190734863,7.320000171661377,7.300000190734863,7.320000171661377,21810,0.0,0.0,BCRX,15m
2026-02-18 12:45:00-05:00,7.320000171661377,7.329999923706055,7.309999942779541,7.315000057220459,28311,0.0,0.0,BCRX,15m
2026-02-18 13:00:00-05:00,7.315000057220459,7.320000171661377,7.275000095367432,7.289999961853027,28565,0.0,0.0,BCRX,15m
2026-02-18 13:15:00-05:00,7.295000076293945,7.304999828338623,7.260000228881836,7.260000228881836,528048,0.0,0.0,BCRX,15m
2026-02-18 13:30:00-05:00,7.255000114440918,7.275000095367432,7.235000133514404,7.235000133514404,23936,0.0,0.0,BCRX,15m
2026-02-18 13:45:00-05:00,7.235000133514404,7.25,7.21999979019165,7.230000019073486,28775,0.0,0.0,BCRX,15m
2026-02-18 14:00:00-05:00,7.224999904632568,7.25,7.21999979019165,7.224999904632568,27064,0.0,0.0,BCRX,15m
2026-02-18 14:15:00-05:00,7.21999979019165,7.289999961853027,7.215000152587891,7.264999866485596,50510,0.0,0.0,BCRX,15m
2026-02-18 14:30:00-05:00,7.260000228881836,7.260000228881836,7.235000133514404,7.235000133514404,26783,0.0,0.0,BCRX,15m
2026-02-18 14:45:00-05:00,7.235000133514404,7.25,7.199999809265137,7.204999923706055,28049,0.0,0.0,BCRX,15m
2026-02-18 15:00:00-05:00,7.210000038146973,7.25,7.210000038146973,7.215000152587891,38326,0.0,0.0,BCRX,15m
2026-02-18 15:15:00-05:00,7.210000038146973,7.215000152587891,7.199999809265137,7.204999923706055,35415,0.0,0.0,BCRX,15m
2026-02-18 15:30:00-05:00,7.204999923706055,7.239999771118164,7.199999809265137,7.239999771118164,47402,0.0,0.0,BCRX,15m
2026-02-18 15:45:00-05:00,7.235000133514404,7.269999980926514,7.204999923706055,7.269999980926514,264224,0.0,0.0,BCRX,15m
2026-02-19 09:30:00-05:00,7.260000228881836,7.380000114440918,7.159999847412109,7.230000019073486,105252,0.0,0.0,BCRX,15m
2026-02-19 09:45:00-05:00,7.224999904632568,7.244999885559082,7.170000076293945,7.21999979019165,34545,0.0,0.0,BCRX,15m
2026-02-19 10:00:00-05:00,7.21999979019165,7.269999980926514,7.215000152587891,7.244999885559082,44100,0.0,0.0,BCRX,15m
2026-02-19 10:15:00-05:00,7.244999885559082,7.269999980926514,7.215000152587891,7.255000114440918,31602,0.0,0.0,BCRX,15m
2026-02-19 10:30:00-05:00,7.255000114440918,7.340000152587891,7.255000114440918,7.289999961853027,61039,0.0,0.0,BCRX,15m
2026-02-19 10:45:00-05:00,7.284999847412109,7.335000038146973,7.282100200653076,7.329999923706055,56479,0.0,0.0,BCRX,15m
2026-02-19 11:00:00-05:00,7.329999923706055,7.364999771118164,7.324999809265137,7.324999809265137,82550,0.0,0.0,BCRX,15m
2026-02-19 11:15:00-05:00,7.329999923706055,7.375,7.329999923706055,7.369999885559082,46729,0.0,0.0,BCRX,15m
2026-02-19 11:30:00-05:00,7.375,7.3867998123168945,7.324999809265137,7.335000038146973,36093,0.0,0.0,BCRX,15m
2026-02-19 11:45:00-05:00,7.329999923706055,7.329999923706055,7.309999942779541,7.309999942779541,41326,0.0,0.0,BCRX,15m
2026-02-19 12:00:00-05:00,7.310699939727783,7.340000152587891,7.304999828338623,7.335000038146973,29577,0.0,0.0,BCRX,15m
2026-02-19 12:15:00-05:00,7.329999923706055,7.369999885559082,7.329999923706055,7.364999771118164,34992,0.0,0.0,BCRX,15m
2026-02-19 12:30:00-05:00,7.360000133514404,7.369999885559082,7.340000152587891,7.349999904632568,26114,0.0,0.0,BCRX,15m
2026-02-19 12:45:00-05:00,7.34499979019165,7.360000133514404,7.329999923706055,7.360000133514404,36462,0.0,0.0,BCRX,15m
2026-02-19 13:00:00-05:00,7.364999771118164,7.380000114440918,7.355000019073486,7.375,18156,0.0,0.0,BCRX,15m
2026-02-19 13:15:00-05:00,7.369999885559082,7.40500020980835,7.335000038146973,7.400000095367432,56120,0.0,0.0,BCRX,15m
2026-02-19 13:30:00-05:00,7.400000095367432,7.440000057220459,7.400000095367432,7.431099891662598,72971,0.0,0.0,BCRX,15m
2026-02-19 13:45:00-05:00,7.434999942779541,7.449999809265137,7.409999847412109,7.414999961853027,39923,0.0,0.0,BCRX,15m
2026-02-19 14:00:00-05:00,7.409999847412109,7.449999809265137,7.409999847412109,7.443399906158447,20383,0.0,0.0,BCRX,15m
2026-02-19 14:15:00-05:00,7.445000171661377,7.46999979019165,7.441400051116943,7.449999809265137,34312,0.0,0.0,BCRX,15m
2026-02-19 14:30:00-05:00,7.445000171661377,7.460000038146973,7.410099983215332,7.420000076293945,65327,0.0,0.0,BCRX,15m
2026-02-19 14:45:00-05:00,7.429999828338623,7.429999828338623,7.394999980926514,7.40500020980835,40885,0.0,0.0,BCRX,15m
2026-02-19 15:00:00-05:00,7.409999847412109,7.440000057220459,7.40500020980835,7.420000076293945,35430,0.0,0.0,BCRX,15m
2026-02-19 15:15:00-05:00,7.425000190734863,7.434999942779541,7.420000076293945,7.425000190734863,34310,0.0,0.0,BCRX,15m
2026-02-19 15:30:00-05:00,7.429999828338623,7.474999904632568,7.420000076293945,7.474999904632568,62237,0.0,0.0,BCRX,15m
2026-02-19 15:45:00-05:00,7.480000019073486,7.480000019073486,7.445000171661377,7.474999904632568,210352,0.0,0.0,BCRX,15m
2026-02-20 09:30:00-05:00,7.480000019073486,7.480000019073486,7.400000095367432,7.420000076293945,82675,0.0,0.0,BCRX,15m
2026-02-20 09:45:00-05:00,7.406899929046631,7.454999923706055,7.389999866485596,7.400000095367432,33041,0.0,0.0,BCRX,15m
2026-02-20 10:00:00-05:00,7.400000095367432,7.426499843597412,7.309999942779541,7.329699993133545,43771,0.0,0.0,BCRX,15m
2026-02-20 10:15:00-05:00,7.329999923706055,7.349999904632568,7.320000171661377,7.344799995422363,39812,0.0,0.0,BCRX,15m
2026-02-20 10:30:00-05:00,7.34499979019165,7.409999847412109,7.34499979019165,7.389999866485596,65842,0.0,0.0,BCRX,15m
2026-02-20 10:45:00-05:00,7.389999866485596,7.46999979019165,7.385000228881836,7.46999979019165,72321,0.0,0.0,BCRX,15m
2026-02-20 11:00:00-05:00,7.46999979019165,7.494999885559082,7.4629998207092285,7.4770002365112305,52074,0.0,0.0,BCRX,15m
2026-02-20 11:15:00-05:00,7.473999977111816,7.473999977111816,7.429999828338623,7.434999942779541,19108,0.0,0.0,BCRX,15m
2026-02-20 11:30:00-05:00,7.429999828338623,7.474999904632568,7.420000076293945,7.445000171661377,28050,0.0,0.0,BCRX,15m
2026-02-20 11:45:00-05:00,7.434999942779541,7.440000057220459,7.420000076293945,7.420000076293945,26441,0.0,0.0,BCRX,15m
2026-02-20 12:00:00-05:00,7.425000190734863,7.434999942779541,7.394999980926514,7.394999980926514,38316,0.0,0.0,BCRX,15m
2026-02-20 12:15:00-05:00,7.40500020980835,7.449999809265137,7.400000095367432,7.445000171661377,139378,0.0,0.0,BCRX,15m
2026-02-20 12:30:00-05:00,7.449999809265137,7.454999923706055,7.420000076293945,7.429999828338623,29834,0.0,0.0,BCRX,15m
2026-02-20 12:45:00-05:00,7.425000190734863,7.46999979019165,7.425000190734863,7.449999809265137,41578,0.0,0.0,BCRX,15m
2026-02-20 13:00:00-05:00,7.454999923706055,7.480000019073486,7.434999942779541,7.465000152587891,39271,0.0,0.0,BCRX,15m
2026-02-20 13:15:00-05:00,7.464000225067139,7.466599941253662,7.434999942779541,7.448999881744385,17583,0.0,0.0,BCRX,15m
2026-02-20 13:30:00-05:00,7.440000057220459,7.460000038146973,7.389999866485596,7.459799766540527,82884,0.0,0.0,BCRX,15m
2026-02-20 13:45:00-05:00,7.460000038146973,7.480000019073486,7.445000171661377,7.454999923706055,22433,0.0,0.0,BCRX,15m
2026-02-20 14:00:00-05:00,7.454999923706055,7.454999923706055,7.440000057220459,7.440000057220459,15885,0.0,0.0,BCRX,15m
2026-02-20 14:15:00-05:00,7.445000171661377,7.445000171661377,7.400000095367432,7.40500020980835,17448,0.0,0.0,BCRX,15m
2026-02-20 14:30:00-05:00,7.40500020980835,7.429999828338623,7.400000095367432,7.409999847412109,75702,0.0,0.0,BCRX,15m
2026-02-20 14:45:00-05:00,7.414999961853027,7.414999961853027,7.375,7.375,71190,0.0,0.0,BCRX,15m
2026-02-20 15:00:00-05:00,7.380000114440918,7.420000076293945,7.375,7.414999961853027,48866,0.0,0.0,BCRX,15m
2026-02-20 15:15:00-05:00,7.420000076293945,7.440000057220459,7.364999771118164,7.40500020980835,105167,0.0,0.0,BCRX,15m
2026-02-20 15:30:00-05:00,7.40500020980835,7.440000057220459,7.40500020980835,7.425000190734863,87071,0.0,0.0,BCRX,15m
2026-02-20 15:45:00-05:00,7.425000190734863,7.460000038146973,7.409999847412109,7.445000171661377,247461,0.0,0.0,BCRX,15m
2026-02-23 09:30:00-05:00,7.449999809265137,7.554999828338623,7.449999809265137,7.520299911499023,65216,0.0,0.0,BCRX,15m
2026-02-23 09:45:00-05:00,7.534999847412109,7.579999923706055,7.53000020980835,7.554999828338623,76230,0.0,0.0,BCRX,15m
2026-02-23 10:00:00-05:00,7.554999828338623,7.554999828338623,7.46999979019165,7.46999979019165,28546,0.0,0.0,BCRX,15m
2026-02-23 10:15:00-05:00,7.480000019073486,7.5,7.449999809265137,7.449999809265137,90088,0.0,0.0,BCRX,15m
2026-02-23 10:30:00-05:00,7.454999923706055,7.485000133514404,7.440000057220459,7.445000171661377,59139,0.0,0.0,BCRX,15m
2026-02-23 10:45:00-05:00,7.440000057220459,7.505000114440918,7.434999942779541,7.445000171661377,45502,0.0,0.0,BCRX,15m
2026-02-23 11:00:00-05:00,7.449999809265137,7.465000152587891,7.449999809265137,7.454999923706055,19423,0.0,0.0,BCRX,15m
2026-02-23 11:15:00-05:00,7.449999809265137,7.46999979019165,7.434999942779541,7.465000152587891,39411,0.0,0.0,BCRX,15m
2026-02-23 11:30:00-05:00,7.465000152587891,7.465000152587891,7.440000057220459,7.445000171661377,18740,0.0,0.0,BCRX,15m
2026-02-23 11:45:00-05:00,7.445000171661377,7.445000171661377,7.414999961853027,7.429999828338623,304681,0.0,0.0,BCRX,15m
2026-02-23 12:00:00-05:00,7.434999942779541,7.454999923706055,7.425000190734863,7.449999809265137,24939,0.0,0.0,BCRX,15m
2026-02-23 12:15:00-05:00,7.451399803161621,7.460000038146973,7.440000057220459,7.445000171661377,14856,0.0,0.0,BCRX,15m
2026-02-23 12:30:00-05:00,7.445000171661377,7.480000019073486,7.440000057220459,7.465000152587891,34217,0.0,0.0,BCRX,15m
2026-02-23 12:45:00-05:00,7.46999979019165,7.485000133514404,7.460000038146973,7.465000152587891,52223,0.0,0.0,BCRX,15m
2026-02-23 13:00:00-05:00,7.465000152587891,7.525000095367432,7.465000152587891,7.525000095367432,420193,0.0,0.0,BCRX,15m
2026-02-23 13:15:00-05:00,7.525000095367432,7.53000020980835,7.514999866485596,7.525000095367432,13957,0.0,0.0,BCRX,15m
2026-02-23 13:30:00-05:00,7.525000095367432,7.554999828338623,7.525000095367432,7.545000076293945,28269,0.0,0.0,BCRX,15m
2026-02-23 13:45:00-05:00,7.550000190734863,7.570000171661377,7.534999847412109,7.541399955749512,23813,0.0,0.0,BCRX,15m
2026-02-23 14:00:00-05:00,7.550000190734863,7.579999923706055,7.550000190734863,7.579999923706055,16333,0.0,0.0,BCRX,15m
2026-02-23 14:15:00-05:00,7.570000171661377,7.570000171661377,7.539999961853027,7.539999961853027,32999,0.0,0.0,BCRX,15m
2026-02-23 14:30:00-05:00,7.545000076293945,7.550000190734863,7.53000020980835,7.545000076293945,31228,0.0,0.0,BCRX,15m
2026-02-23 14:45:00-05:00,7.5432000160217285,7.574999809265137,7.53000020980835,7.5625,43538,0.0,0.0,BCRX,15m
2026-02-23 15:00:00-05:00,7.551400184631348,7.585000038146973,7.545000076293945,7.565000057220459,37814,0.0,0.0,BCRX,15m
2026-02-23 15:15:00-05:00,7.565000057220459,7.577899932861328,7.545000076293945,7.545000076293945,36437,0.0,0.0,BCRX,15m
2026-02-23 15:30:00-05:00,7.550000190734863,7.574999809265137,7.550000190734863,7.565000057220459,39370,0.0,0.0,BCRX,15m
2026-02-23 15:45:00-05:00,7.565000057220459,7.610000133514404,7.559999942779541,7.605000019073486,226766,0.0,0.0,BCRX,15m
2026-02-24 09:30:00-05:00,7.639999866485596,7.699699878692627,7.599999904632568,7.650000095367432,68283,0.0,0.0,BCRX,15m
2026-02-24 09:45:00-05:00,7.650000095367432,7.686999797821045,7.64139986038208,7.650000095367432,34410,0.0,0.0,BCRX,15m
2026-02-24 10:00:00-05:00,7.639999866485596,7.650000095367432,7.599999904632568,7.599999904632568,30663,0.0,0.0,BCRX,15m
2026-02-24 10:15:00-05:00,7.599999904632568,7.635000228881836,7.59499979019165,7.630000114440918,23972,0.0,0.0,BCRX,15m
2026-02-24 10:30:00-05:00,7.619999885559082,7.639999866485596,7.59499979019165,7.625,26111,0.0,0.0,BCRX,15m
2026-02-24 10:45:00-05:00,7.625,7.639999866485596,7.605000019073486,7.639999866485596,19113,0.0,0.0,BCRX,15m
2026-02-24 11:00:00-05:00,7.635000228881836,7.644999980926514,7.625,7.6392998695373535,9285,0.0,0.0,BCRX,15m
2026-02-24 11:15:00-05:00,7.635000228881836,7.635000228881836,7.590000152587891,7.59499979019165,30860,0.0,0.0,BCRX,15m
2026-02-24 11:30:00-05:00,7.59499979019165,7.599999904632568,7.559999942779541,7.59499979019165,58255,0.0,0.0,BCRX,15m
2026-02-24 11:45:00-05:00,7.590000152587891,7.59499979019165,7.559999942779541,7.59499979019165,18762,0.0,0.0,BCRX,15m
2026-02-24 12:00:00-05:00,7.59499979019165,7.599999904632568,7.585000038146973,7.590000152587891,20576,0.0,0.0,BCRX,15m
2026-02-24 12:15:00-05:00,7.599999904632568,7.609899997711182,7.590000152587891,7.609899997711182,13517,0.0,0.0,BCRX,15m
2026-02-24 12:30:00-05:00,7.605000019073486,7.614999771118164,7.599999904632568,7.614999771118164,15535,0.0,0.0,BCRX,15m
2026-02-24 12:45:00-05:00,7.614999771118164,7.619999885559082,7.605000019073486,7.611100196838379,14738,0.0,0.0,BCRX,15m
2026-02-24 13:00:00-05:00,7.614999771118164,7.635000228881836,7.59499979019165,7.619999885559082,27139,0.0,0.0,BCRX,15m
2026-02-24 13:15:00-05:00,7.619999885559082,7.630000114440918,7.605000019073486,7.605000019073486,12295,0.0,0.0,BCRX,15m
2026-02-24 13:30:00-05:00,7.605000019073486,7.630000114440918,7.605000019073486,7.625,16346,0.0,0.0,BCRX,15m
2026-02-24 13:45:00-05:00,7.628499984741211,7.644999980926514,7.619999885559082,7.635000228881836,13293,0.0,0.0,BCRX,15m
2026-02-24 14:00:00-05:00,7.639999866485596,7.648499965667725,7.635000228881836,7.639999866485596,28095,0.0,0.0,BCRX,15m
2026-02-24 14:15:00-05:00,7.644999980926514,7.65500020980835,7.610000133514404,7.614999771118164,78178,0.0,0.0,BCRX,15m
2026-02-24 14:30:00-05:00,7.614999771118164,7.65500020980835,7.611400127410889,7.639999866485596,22298,0.0,0.0,BCRX,15m
2026-02-24 14:45:00-05:00,7.630099773406982,7.635000228881836,7.610000133514404,7.625,27194,0.0,0.0,BCRX,15m
2026-02-24 15:00:00-05:00,7.619999885559082,7.639999866485596,7.614999771118164,7.615300178527832,73918,0.0,0.0,BCRX,15m
2026-02-24 15:15:00-05:00,7.614999771118164,7.625,7.570000171661377,7.574999809265137,443013,0.0,0.0,BCRX,15m
2026-02-24 15:30:00-05:00,7.579999923706055,7.619999885559082,7.579999923706055,7.619999885559082,63940,0.0,0.0,BCRX,15m
2026-02-24 15:45:00-05:00,7.614999771118164,7.630000114440918,7.59499979019165,7.599999904632568,188145,0.0,0.0,BCRX,15m
2026-02-25 09:30:00-05:00,7.559999942779541,7.679999828338623,7.559999942779541,7.670000076293945,95361,0.0,0.0,BCRX,15m
2026-02-25 09:45:00-05:00,7.670000076293945,7.690000057220459,7.635000228881836,7.650000095367432,33966,0.0,0.0,BCRX,15m
2026-02-25 10:00:00-05:00,7.65500020980835,7.65500020980835,7.619999885559082,7.619999885559082,19823,0.0,0.0,BCRX,15m
2026-02-25 10:15:00-05:00,7.619999885559082,7.630000114440918,7.545000076293945,7.559999942779541,27577,0.0,0.0,BCRX,15m
2026-02-25 10:30:00-05:00,7.559999942779541,7.579999923706055,7.550000190734863,7.554999828338623,18716,0.0,0.0,BCRX,15m
2026-02-25 10:45:00-05:00,7.554999828338623,7.570000171661377,7.539999961853027,7.562099933624268,24957,0.0,0.0,BCRX,15m
2026-02-25 11:00:00-05:00,7.565000057220459,7.585000038146973,7.550000190734863,7.574999809265137,21418,0.0,0.0,BCRX,15m
2026-02-25 11:15:00-05:00,7.579999923706055,7.59499979019165,7.565000057220459,7.585000038146973,32786,0.0,0.0,BCRX,15m
2026-02-25 11:30:00-05:00,7.590000152587891,7.599999904632568,7.570000171661377,7.585000038146973,18343,0.0,0.0,BCRX,15m
2026-02-25 11:45:00-05:00,7.590000152587891,7.599999904632568,7.580100059509277,7.585000038146973,19617,0.0,0.0,BCRX,15m
2026-02-25 12:00:00-05:00,7.585000038146973,7.625,7.585000038146973,7.610000133514404,32744,0.0,0.0,BCRX,15m
2026-02-25 12:15:00-05:00,7.599999904632568,7.619999885559082,7.59499979019165,7.619999885559082,190433,0.0,0.0,BCRX,15m
2026-02-25 12:30:00-05:00,7.619999885559082,7.630000114440918,7.599999904632568,7.599999904632568,17806,0.0,0.0,BCRX,15m
2026-02-25 12:45:00-05:00,7.59499979019165,7.610000133514404,7.585000038146973,7.610000133514404,35528,0.0,0.0,BCRX,15m
2026-02-25 13:00:00-05:00,7.610000133514404,7.625,7.599999904632568,7.614999771118164,24944,0.0,0.0,BCRX,15m
2026-02-25 13:15:00-05:00,7.619999885559082,7.619999885559082,7.599999904632568,7.614999771118164,15058,0.0,0.0,BCRX,15m
2026-02-25 13:30:00-05:00,7.614999771118164,7.619999885559082,7.550099849700928,7.554999828338623,86653,0.0,0.0,BCRX,15m
2026-02-25 13:45:00-05:00,7.554999828338623,7.554999828338623,7.519999980926514,7.53000020980835,93444,0.0,0.0,BCRX,15m
2026-02-25 14:00:00-05:00,7.525000095367432,7.559999942779541,7.519999980926514,7.534999847412109,128437,0.0,0.0,BCRX,15m
2026-02-25 14:15:00-05:00,7.539999961853027,7.539999961853027,7.465000152587891,7.474999904632568,154572,0.0,0.0,BCRX,15m
2026-02-25 14:30:00-05:00,7.480000019073486,7.539999961853027,7.474999904632568,7.505000114440918,102179,0.0,0.0,BCRX,15m
2026-02-25 14:45:00-05:00,7.505000114440918,7.519999980926514,7.5,7.5,51771,0.0,0.0,BCRX,15m
2026-02-25 15:00:00-05:00,7.494999885559082,7.519999980926514,7.489999771118164,7.514999866485596,34689,0.0,0.0,BCRX,15m
2026-02-25 15:15:00-05:00,7.519999980926514,7.585000038146973,7.510000228881836,7.570000171661377,121542,0.0,0.0,BCRX,15m
2026-02-25 15:30:00-05:00,7.570000171661377,7.599999904632568,7.559999942779541,7.570000171661377,216035,0.0,0.0,BCRX,15m
2026-02-25 15:45:00-05:00,7.567500114440918,7.567500114440918,7.510000228881836,7.545000076293945,321955,0.0,0.0,BCRX,15m
2026-02-26 09:30:00-05:00,8.149999618530273,8.173500061035156,7.610000133514404,7.739999771118164,676598,0.0,0.0,BCRX,15m
2026-02-26 09:45:00-05:00,7.75,7.784999847412109,7.590000152587891,7.659999847412109,322947,0.0,0.0,BCRX,15m
2026-02-26 10:00:00-05:00,7.670000076293945,7.949900150299072,7.639999866485596,7.949900150299072,298752,0.0,0.0,BCRX,15m
2026-02-26 10:15:00-05:00,7.945000171661377,8.020000457763672,7.880899906158447,7.914999961853027,158747,0.0,0.0,BCRX,15m
2026-02-26 10:30:00-05:00,7.914999961853027,7.994999885559082,7.815000057220459,7.84499979019165,214441,0.0,0.0,BCRX,15m
2026-02-26 10:45:00-05:00,7.849999904632568,7.849999904632568,7.684999942779541,7.699900150299072,142224,0.0,0.0,BCRX,15m
2026-02-26 11:00:00-05:00,7.695000171661377,7.698699951171875,7.605000019073486,7.609899997711182,145028,0.0,0.0,BCRX,15m
2026-02-26 11:15:00-05:00,7.608399868011475,7.815000057220459,7.605000019073486,7.800000190734863,168717,0.0,0.0,BCRX,15m
2026-02-26 11:30:00-05:00,7.803699970245361,7.809999942779541,7.71999979019165,7.71999979019165,95503,0.0,0.0,BCRX,15m
2026-02-26 11:45:00-05:00,7.710000038146973,7.715000152587891,7.650000095367432,7.695000171661377,74496,0.0,0.0,BCRX,15m
2026-02-26 12:00:00-05:00,7.695000171661377,7.849999904632568,7.644999980926514,7.824999809265137,137208,0.0,0.0,BCRX,15m
2026-02-26 12:15:00-05:00,7.824999809265137,7.849999904632568,7.795000076293945,7.804999828338623,68232,0.0,0.0,BCRX,15m
2026-02-26 12:30:00-05:00,7.804999828338623,7.804999828338623,7.71999979019165,7.795000076293945,72837,0.0,0.0,BCRX,15m
2026-02-26 12:45:00-05:00,7.789999961853027,7.914999961853027,7.78000020980835,7.894999980926514,405611,0.0,0.0,BCRX,15m
2026-02-26 13:00:00-05:00,7.889999866485596,7.954999923706055,7.835000038146973,7.855000019073486,122300,0.0,0.0,BCRX,15m
2026-02-26 13:15:00-05:00,7.855000019073486,7.855000019073486,7.699999809265137,7.699999809265137,67182,0.0,0.0,BCRX,15m
2026-02-26 13:30:00-05:00,7.695000171661377,7.764999866485596,7.675000190734863,7.739999771118164,79617,0.0,0.0,BCRX,15m
2026-02-26 13:45:00-05:00,7.744999885559082,7.789999961853027,7.724999904632568,7.784999847412109,57744,0.0,0.0,BCRX,15m
2026-02-26 14:00:00-05:00,7.775000095367432,7.820000171661377,7.764999866485596,7.818900108337402,42571,0.0,0.0,BCRX,15m
2026-02-26 14:15:00-05:00,7.820000171661377,7.829999923706055,7.78000020980835,7.824999809265137,101770,0.0,0.0,BCRX,15m
2026-02-26 14:30:00-05:00,7.824999809265137,7.824999809265137,7.695000171661377,7.715000152587891,59786,0.0,0.0,BCRX,15m
2026-02-26 14:45:00-05:00,7.71999979019165,7.78000020980835,7.690000057220459,7.699999809265137,132322,0.0,0.0,BCRX,15m
2026-02-26 15:00:00-05:00,7.704999923706055,7.784999847412109,7.659999847412109,7.764999866485596,164212,0.0,0.0,BCRX,15m
2026-02-26 15:15:00-05:00,7.764999866485596,7.835000038146973,7.755000114440918,7.824999809265137,130542,0.0,0.0,BCRX,15m
2026-02-26 15:30:00-05:00,7.824999809265137,7.900000095367432,7.815000057220459,7.828999996185303,220227,0.0,0.0,BCRX,15m
2026-02-26 15:45:00-05:00,7.824999809265137,7.920000076293945,7.804999828338623,7.909999847412109,700899,0.0,0.0,BCRX,15m
2026-02-27 09:30:00-05:00,7.949999809265137,8.479999542236328,7.909999847412109,8.244999885559082,554545,0.0,0.0,BCRX,15m
2026-02-27 09:45:00-05:00,8.239999771118164,8.399999618530273,8.199999809265137,8.370200157165527,300538,0.0,0.0,BCRX,15m
2026-02-27 10:00:00-05:00,8.385000228881836,8.475000381469727,8.279999732971191,8.4350004196167,289124,0.0,0.0,BCRX,15m
2026-02-27 10:15:00-05:00,8.4350004196167,8.470000267028809,8.40999984741211,8.4350004196167,691635,0.0,0.0,BCRX,15m
2026-02-27 10:30:00-05:00,8.4350004196167,8.569999694824219,8.425000190734863,8.53499984741211,455907,0.0,0.0,BCRX,15m
2026-02-27 10:45:00-05:00,8.53499984741211,8.710000038146973,8.53499984741211,8.699999809265137,317379,0.0,0.0,BCRX,15m
2026-02-27 11:00:00-05:00,8.694999694824219,8.760000228881836,8.640000343322754,8.675000190734863,332301,0.0,0.0,BCRX,15m
2026-02-27 11:15:00-05:00,8.675000190734863,8.734999656677246,8.609999656677246,8.654999732971191,271784,0.0,0.0,BCRX,15m
2026-02-27 11:30:00-05:00,8.649999618530273,8.699999809265137,8.574999809265137,8.59000015258789,135790,0.0,0.0,BCRX,15m
2026-02-27 11:45:00-05:00,8.592599868774414,8.699999809265137,8.579999923706055,8.619999885559082,214834,0.0,0.0,BCRX,15m
2026-02-27 12:00:00-05:00,8.625,8.645000457763672,8.53499984741211,8.55459976196289,123545,0.0,0.0,BCRX,15m
2026-02-27 12:15:00-05:00,8.555000305175781,8.675700187683105,8.55370044708252,8.671500205993652,387595,0.0,0.0,BCRX,15m
2026-02-27 12:30:00-05:00,8.679900169372559,8.744999885559082,8.679900169372559,8.6850004196167,399208,0.0,0.0,BCRX,15m
2026-02-27 12:45:00-05:00,8.6850004196167,8.824999809265137,8.670000076293945,8.8149995803833,240115,0.0,0.0,BCRX,15m
2026-02-27 13:00:00-05:00,8.8100004196167,8.8100004196167,8.694999694824219,8.710000038146973,258412,0.0,0.0,BCRX,15m
2026-02-27 13:15:00-05:00,8.710000038146973,8.765000343322754,8.640000343322754,8.640000343322754,703825,0.0,0.0,BCRX,15m
2026-02-27 13:30:00-05:00,8.640000343322754,8.734999656677246,8.640000343322754,8.71500015258789,521784,0.0,0.0,BCRX,15m
2026-02-27 13:45:00-05:00,8.704999923706055,8.805000305175781,8.699999809265137,8.704999923706055,204549,0.0,0.0,BCRX,15m
2026-02-27 14:00:00-05:00,8.710000038146973,8.765000343322754,8.694999694824219,8.725000381469727,165523,0.0,0.0,BCRX,15m
2026-02-27 14:15:00-05:00,8.729999542236328,8.765000343322754,8.6850004196167,8.725000381469727,218931,0.0,0.0,BCRX,15m
2026-02-27 14:30:00-05:00,8.725000381469727,8.734999656677246,8.664999961853027,8.733400344848633,270294,0.0,0.0,BCRX,15m
2026-02-27 14:45:00-05:00,8.734999656677246,8.734999656677246,8.664999961853027,8.664999961853027,521620,0.0,0.0,BCRX,15m
2026-02-27 15:00:00-05:00,8.664999961853027,8.694999694824219,8.600000381469727,8.694999694824219,301410,0.0,0.0,BCRX,15m
2026-02-27 15:15:00-05:00,8.694999694824219,8.774999618530273,8.6899995803833,8.774999618530273,224545,0.0,0.0,BCRX,15m
2026-02-27 15:30:00-05:00,8.779999732971191,8.829999923706055,8.739999771118164,8.75,198865,0.0,0.0,BCRX,15m
2026-02-27 15:45:00-05:00,8.755000114440918,8.774999618530273,8.729999542236328,8.755000114440918,905807,0.0,0.0,BCRX,15m
2026-03-02 09:30:00-05:00,8.640000343322754,8.859999656677246,8.529999732971191,8.609999656677246,461338,0.0,0.0,BCRX,15m
2026-03-02 09:45:00-05:00,8.612000465393066,8.680000305175781,8.600000381469727,8.614999771118164,163562,0.0,0.0,BCRX,15m
2026-03-02 10:00:00-05:00,8.609999656677246,8.65999984741211,8.600000381469727,8.630000114440918,105542,0.0,0.0,BCRX,15m
2026-03-02 10:15:00-05:00,8.630000114440918,8.675000190734863,8.59000015258789,8.600000381469727,170111,0.0,0.0,BCRX,15m
2026-03-02 10:30:00-05:00,8.600000381469727,8.635000228881836,8.53499984741211,8.635000228881836,96989,0.0,0.0,BCRX,15m
2026-03-02 10:45:00-05:00,8.630000114440918,8.720000267028809,8.625,8.654999732971191,112478,0.0,0.0,BCRX,15m
2026-03-02 11:00:00-05:00,8.654999732971191,8.664999961853027,8.604999542236328,8.635000228881836,125365,0.0,0.0,BCRX,15m
2026-03-02 11:15:00-05:00,8.630000114440918,8.630000114440918,8.564800262451172,8.625,72513,0.0,0.0,BCRX,15m
2026-03-02 11:30:00-05:00,8.625,8.65999984741211,8.600899696350098,8.604999542236328,59935,0.0,0.0,BCRX,15m
2026-03-02 11:45:00-05:00,8.604999542236328,8.619999885559082,8.59000015258789,8.595000267028809,67792,0.0,0.0,BCRX,15m
2026-03-02 12:00:00-05:00,8.609999656677246,8.649999618530273,8.581399917602539,8.585000038146973,72089,0.0,0.0,BCRX,15m
2026-03-02 12:15:00-05:00,8.585000038146973,8.604999542236328,8.574999809265137,8.595000267028809,44965,0.0,0.0,BCRX,15m
2026-03-02 12:30:00-05:00,8.595000267028809,8.6850004196167,8.590100288391113,8.664999961853027,777285,0.0,0.0,BCRX,15m
2026-03-02 12:45:00-05:00,8.65999984741211,8.719900131225586,8.649999618530273,8.704999923706055,824816,0.0,0.0,BCRX,15m
2026-03-02 13:00:00-05:00,8.704999923706055,8.729999542236328,8.650199890136719,8.670000076293945,75932,0.0,0.0,BCRX,15m
2026-03-02 13:15:00-05:00,8.664999961853027,8.699999809265137,8.664999961853027,8.694999694824219,896729,0.0,0.0,BCRX,15m
2026-03-02 13:30:00-05:00,8.699999809265137,8.710000038146973,8.670000076293945,8.704999923706055,54417,0.0,0.0,BCRX,15m
2026-03-02 13:45:00-05:00,8.704999923706055,8.734999656677246,8.694999694824219,8.704999923706055,60719,0.0,0.0,BCRX,15m
2026-03-02 14:00:00-05:00,8.704999923706055,8.734999656677246,8.699999809265137,8.704999923706055,57540,0.0,0.0,BCRX,15m
2026-03-02 14:15:00-05:00,8.704999923706055,8.710000038146973,8.664999961853027,8.6899995803833,76815,0.0,0.0,BCRX,15m
2026-03-02 14:30:00-05:00,8.6899995803833,8.725000381469727,8.65999984741211,8.675000190734863,60884,0.0,0.0,BCRX,15m
2026-03-02 14:45:00-05:00,8.675000190734863,8.699999809265137,8.654999732971191,8.664999961853027,89073,0.0,0.0,BCRX,15m
2026-03-02 15:00:00-05:00,8.664999961853027,8.664999961853027,8.555000305175781,8.585000038146973,1427736,0.0,0.0,BCRX,15m
2026-03-02 15:15:00-05:00,8.576499938964844,8.600000381469727,8.569999694824219,8.585000038146973,195970,0.0,0.0,BCRX,15m
2026-03-02 15:30:00-05:00,8.585000038146973,8.604999542236328,8.555000305175781,8.555000305175781,222729,0.0,0.0,BCRX,15m
2026-03-02 15:45:00-05:00,8.5600004196167,8.640000343322754,8.555000305175781,8.614999771118164,830401,0.0,0.0,BCRX,15m
2026-03-03 09:30:00-05:00,8.510000228881836,8.649999618530273,8.449999809265137,8.510000228881836,329220,0.0,0.0,BCRX,15m
2026-03-03 09:45:00-05:00,8.510000228881836,8.569999694824219,8.460000038146973,8.555000305175781,198550,0.0,0.0,BCRX,15m
2026-03-03 10:00:00-05:00,8.5649995803833,8.579999923706055,8.489999771118164,8.489999771118164,185696,0.0,0.0,BCRX,15m
2026-03-03 10:15:00-05:00,8.5,8.609999656677246,8.494999885559082,8.595000267028809,148494,0.0,0.0,BCRX,15m
2026-03-03 10:30:00-05:00,8.600000381469727,8.680000305175781,8.579999923706055,8.625,233590,0.0,0.0,BCRX,15m
2026-03-03 10:45:00-05:00,8.630000114440918,8.635000228881836,8.53499984741211,8.579999923706055,134527,0.0,0.0,BCRX,15m
2026-03-03 11:00:00-05:00,8.585000038146973,8.635000228881836,8.5600004196167,8.630000114440918,100192,0.0,0.0,BCRX,15m
2026-03-03 11:15:00-05:00,8.623499870300293,8.6850004196167,8.623499870300293,8.664999961853027,118536,0.0,0.0,BCRX,15m
2026-03-03 11:30:00-05:00,8.67199993133545,8.694999694824219,8.619999885559082,8.6850004196167,142477,0.0,0.0,BCRX,15m
2026-03-03 11:45:00-05:00,8.683699607849121,8.720000267028809,8.654999732971191,8.654999732971191,114472,0.0,0.0,BCRX,15m
2026-03-03 12:00:00-05:00,8.654999732971191,8.65999984741211,8.625,8.650199890136719,99289,0.0,0.0,BCRX,15m
2026-03-03 12:15:00-05:00,8.654999732971191,8.699999809265137,8.645000457763672,8.694999694824219,50860,0.0,0.0,BCRX,15m
2026-03-03 12:30:00-05:00,8.694999694824219,8.699999809265137,8.645000457763672,8.664999961853027,79200,0.0,0.0,BCRX,15m
2026-03-03 12:45:00-05:00,8.663599967956543,8.795000076293945,8.64009952545166,8.795000076293945,181000,0.0,0.0,BCRX,15m
2026-03-03 13:00:00-05:00,8.795000076293945,8.819999694824219,8.75,8.800000190734863,184158,0.0,0.0,BCRX,15m
2026-03-03 13:15:00-05:00,8.8100004196167,8.819999694824219,8.789999961853027,8.795000076293945,58563,0.0,0.0,BCRX,15m
2026-03-03 13:30:00-05:00,8.789999961853027,8.8149995803833,8.774999618530273,8.78499984741211,87108,0.0,0.0,BCRX,15m
2026-03-03 13:45:00-05:00,8.78499984741211,8.859999656677246,8.770099639892578,8.845000267028809,144766,0.0,0.0,BCRX,15m
2026-03-03 14:00:00-05:00,8.845000267028809,8.854999542236328,8.78499984741211,8.789999961853027,79811,0.0,0.0,BCRX,15m
2026-03-03 14:15:00-05:00,8.78499984741211,8.8100004196167,8.755000114440918,8.755000114440918,72204,0.0,0.0,BCRX,15m
2026-03-03 14:30:00-05:00,8.755000114440918,8.789999961853027,8.744999885559082,8.770000457763672,116300,0.0,0.0,BCRX,15m
2026-03-03 14:45:00-05:00,8.774999618530273,8.789999961853027,8.744999885559082,8.744999885559082,105323,0.0,0.0,BCRX,15m
2026-03-03 15:00:00-05:00,8.744999885559082,8.755000114440918,8.720000267028809,8.725000381469727,150879,0.0,0.0,BCRX,15m
2026-03-03 15:15:00-05:00,8.720000267028809,8.744999885559082,8.710000038146973,8.725000381469727,170072,0.0,0.0,BCRX,15m
2026-03-03 15:30:00-05:00,8.725000381469727,8.748900413513184,8.675000190734863,8.694999694824219,282232,0.0,0.0,BCRX,15m
2026-03-03 15:45:00-05:00,8.694999694824219,8.720000267028809,8.65250015258789,8.6850004196167,737177,0.0,0.0,BCRX,15m
2026-03-04 09:30:00-05:00,8.65999984741211,8.704999923706055,8.529999732971191,8.529999732971191,137927,0.0,0.0,BCRX,15m
2026-03-04 09:45:00-05:00,8.545000076293945,8.59000015258789,8.475000381469727,8.525500297546387,201346,0.0,0.0,BCRX,15m
2026-03-04 10:00:00-05:00,8.520000457763672,8.539999961853027,8.46500015258789,8.465499877929688,89970,0.0,0.0,BCRX,15m
2026-03-04 10:15:00-05:00,8.46500015258789,8.475000381469727,8.385000228881836,8.444999694824219,284015,0.0,0.0,BCRX,15m
2026-03-04 10:30:00-05:00,8.444999694824219,8.5600004196167,8.444999694824219,8.515000343322754,134827,0.0,0.0,BCRX,15m
2026-03-04 10:45:00-05:00,8.515000343322754,8.579999923706055,8.510000228881836,8.579999923706055,98757,0.0,0.0,BCRX,15m
2026-03-04 11:00:00-05:00,8.574999809265137,8.579999923706055,8.550000190734863,8.555000305175781,69738,0.0,0.0,BCRX,15m
2026-03-04 11:15:00-05:00,8.555000305175781,8.5600004196167,8.510000228881836,8.524999618530273,155068,0.0,0.0,BCRX,15m
2026-03-04 11:30:00-05:00,8.520000457763672,8.53499984741211,8.489999771118164,8.515000343322754,107778,0.0,0.0,BCRX,15m
2026-03-04 11:45:00-05:00,8.515000343322754,8.53499984741211,8.484999656677246,8.494999885559082,59336,0.0,0.0,BCRX,15m
2026-03-04 12:00:00-05:00,8.494999885559082,8.520000457763672,8.494999885559082,8.515000343322754,52182,0.0,0.0,BCRX,15m
2026-03-04 12:15:00-05:00,8.515000343322754,8.539999961853027,8.505000114440918,8.520000457763672,69318,0.0,0.0,BCRX,15m
2026-03-04 12:30:00-05:00,8.524999618530273,8.550000190734863,8.510000228881836,8.529999732971191,110718,0.0,0.0,BCRX,15m
2026-03-04 12:45:00-05:00,8.529999732971191,8.539999961853027,8.520000457763672,8.53499984741211,56412,0.0,0.0,BCRX,15m
2026-03-04 13:00:00-05:00,8.53499984741211,8.585000038146973,8.524999618530273,8.5649995803833,117146,0.0,0.0,BCRX,15m
2026-03-04 13:15:00-05:00,8.5600004196167,8.600000381469727,8.5600004196167,8.595000267028809,66037,0.0,0.0,BCRX,15m
2026-03-04 13:30:00-05:00,8.595000267028809,8.635000228881836,8.569999694824219,8.635000228881836,110653,0.0,0.0,BCRX,15m
2026-03-04 13:45:00-05:00,8.640000343322754,8.65999984741211,8.600000381469727,8.600000381469727,177729,0.0,0.0,BCRX,15m
2026-03-04 14:00:00-05:00,8.600000381469727,8.640000343322754,8.579999923706055,8.635000228881836,124057,0.0,0.0,BCRX,15m
2026-03-04 14:15:00-05:00,8.635000228881836,8.640000343322754,8.609999656677246,8.62399959564209,102482,0.0,0.0,BCRX,15m
2026-03-04 14:30:00-05:00,8.625,8.649999618530273,8.614999771118164,8.614999771118164,87840,0.0,0.0,BCRX,15m
2026-03-04 14:45:00-05:00,8.614999771118164,8.680000305175781,8.604999542236328,8.675000190734863,158043,0.0,0.0,BCRX,15m
2026-03-04 15:00:00-05:00,8.675000190734863,8.699999809265137,8.640000343322754,8.65999984741211,134111,0.0,0.0,BCRX,15m
2026-03-04 15:15:00-05:00,8.65999984741211,8.670000076293945,8.630000114440918,8.664999961853027,193187,0.0,0.0,BCRX,15m
2026-03-04 15:30:00-05:00,8.664999961853027,8.720000267028809,8.664999961853027,8.6850004196167,277511,0.0,0.0,BCRX,15m
2026-03-04 15:45:00-05:00,8.680000305175781,8.6899995803833,8.5600004196167,8.5600004196167,757813,0.0,0.0,BCRX,15m
2026-03-05 09:30:00-05:00,8.479999542236328,8.640000343322754,8.479999542236328,8.579999923706055,177188,0.0,0.0,BCRX,15m
2026-03-05 09:45:00-05:00,8.569999694824219,8.569999694824219,8.404999732971191,8.470000267028809,268117,0.0,0.0,BCRX,15m
2026-03-05 10:00:00-05:00,8.470000267028809,8.550000190734863,8.4399995803833,8.524999618530273,160987,0.0,0.0,BCRX,15m
2026-03-05 10:15:00-05:00,8.529999732971191,8.550000190734863,8.470000267028809,8.489999771118164,135840,0.0,0.0,BCRX,15m
2026-03-05 10:30:00-05:00,8.489999771118164,8.579999923706055,8.479999542236328,8.574999809265137,213031,0.0,0.0,BCRX,15m
2026-03-05 10:45:00-05:00,8.579999923706055,8.614999771118164,8.550000190734863,8.579999923706055,91436,0.0,0.0,BCRX,15m
2026-03-05 11:00:00-05:00,8.574999809265137,8.574999809265137,8.494999885559082,8.5,98359,0.0,0.0,BCRX,15m
2026-03-05 11:15:00-05:00,8.505000114440918,8.510000228881836,8.454999923706055,8.46500015258789,128641,0.0,0.0,BCRX,15m
2026-03-05 11:30:00-05:00,8.46500015258789,8.505000114440918,8.444999694824219,8.454999923706055,105749,0.0,0.0,BCRX,15m
2026-03-05 11:45:00-05:00,8.454999923706055,8.470000267028809,8.4399995803833,8.444999694824219,109403,0.0,0.0,BCRX,15m
2026-03-05 12:00:00-05:00,8.444999694824219,8.505000114440918,8.444999694824219,8.505000114440918,190736,0.0,0.0,BCRX,15m
2026-03-05 12:15:00-05:00,8.505000114440918,8.529999732971191,8.490099906921387,8.529999732971191,127489,0.0,0.0,BCRX,15m
2026-03-05 12:30:00-05:00,8.529999732971191,8.529999732971191,8.460000038146973,8.475000381469727,137210,0.0,0.0,BCRX,15m
2026-03-05 12:45:00-05:00,8.475000381469727,8.5,8.460000038146973,8.475000381469727,156548,0.0,0.0,BCRX,15m
2026-03-05 13:00:00-05:00,8.475000381469727,8.520000457763672,8.444999694824219,8.494999885559082,193286,0.0,0.0,BCRX,15m
2026-03-05 13:15:00-05:00,8.494999885559082,8.520000457763672,8.475000381469727,8.505000114440918,235286,0.0,0.0,BCRX,15m
2026-03-05 13:30:00-05:00,8.505000114440918,8.585000038146973,8.505000114440918,8.579999923706055,230590,0.0,0.0,BCRX,15m
2026-03-05 13:45:00-05:00,8.569999694824219,8.585000038146973,8.53499984741211,8.53499984741211,141984,0.0,0.0,BCRX,15m
2026-03-05 14:00:00-05:00,8.53499984741211,8.539999961853027,8.444999694824219,8.475000381469727,191103,0.0,0.0,BCRX,15m
2026-03-05 14:15:00-05:00,8.475000381469727,8.494999885559082,8.46500015258789,8.484999656677246,274284,0.0,0.0,BCRX,15m
2026-03-05 14:30:00-05:00,8.479999542236328,8.515000343322754,8.4399995803833,8.494999885559082,420301,0.0,0.0,BCRX,15m
2026-03-05 14:45:00-05:00,8.494999885559082,8.515000343322754,8.470000267028809,8.505000114440918,244375,0.0,0.0,BCRX,15m
2026-03-05 15:00:00-05:00,8.505000114440918,8.524999618530273,8.454999923706055,8.46500015258789,323613,0.0,0.0,BCRX,15m
2026-03-05 15:15:00-05:00,8.46500015258789,8.510000228881836,8.454999923706055,8.510000228881836,288883,0.0,0.0,BCRX,15m
2026-03-05 15:30:00-05:00,8.515000343322754,8.5600004196167,8.449999809265137,8.46500015258789,363149,0.0,0.0,BCRX,15m
2026-03-05 15:45:00-05:00,8.46500015258789,8.510000228881836,8.399999618530273,8.489999771118164,1453092,0.0,0.0,BCRX,15m
2026-03-06 09:30:00-05:00,8.399999618530273,8.479999542236328,8.350000381469727,8.380000114440918,226379,0.0,0.0,BCRX,15m
2026-03-06 09:45:00-05:00,8.375,8.4399995803833,8.359999656677246,8.359999656677246,102336,0.0,0.0,BCRX,15m
2026-03-06 10:00:00-05:00,8.354999542236328,8.395000457763672,8.324999809265137,8.375,175771,0.0,0.0,BCRX,15m
2026-03-06 10:15:00-05:00,8.380000114440918,8.425000190734863,8.354999542236328,8.40999984741211,171033,0.0,0.0,BCRX,15m
2026-03-06 10:30:00-05:00,8.420000076293945,8.4350004196167,8.395000457763672,8.395000457763672,95942,0.0,0.0,BCRX,15m
2026-03-06 10:45:00-05:00,8.395000457763672,8.420000076293945,8.34000015258789,8.399999618530273,75980,0.0,0.0,BCRX,15m
2026-03-06 11:00:00-05:00,8.395000457763672,8.460000038146973,8.395000457763672,8.4399995803833,97503,0.0,0.0,BCRX,15m
2026-03-06 11:15:00-05:00,8.430000305175781,8.449999809265137,8.390000343322754,8.414999961853027,127187,0.0,0.0,BCRX,15m
2026-03-06 11:30:00-05:00,8.414999961853027,8.449999809265137,8.399999618530273,8.40999984741211,62037,0.0,0.0,BCRX,15m
2026-03-06 11:45:00-05:00,8.420000076293945,8.4399995803833,8.395000457763672,8.404999732971191,62583,0.0,0.0,BCRX,15m
2026-03-06 12:00:00-05:00,8.399999618530273,8.414999961853027,8.385000228881836,8.390000343322754,69112,0.0,0.0,BCRX,15m
2026-03-06 12:15:00-05:00,8.390000343322754,8.399999618530273,8.350000381469727,8.350000381469727,73058,0.0,0.0,BCRX,15m
2026-03-06 12:30:00-05:00,8.350000381469727,8.380000114440918,8.319999694824219,8.324999809265137,68603,0.0,0.0,BCRX,15m
2026-03-06 12:45:00-05:00,8.324999809265137,8.354999542236328,8.3100004196167,8.324999809265137,168970,0.0,0.0,BCRX,15m
2026-03-06 13:00:00-05:00,8.324999809265137,8.349900245666504,8.319999694824219,8.335000038146973,85380,0.0,0.0,BCRX,15m
2026-03-06 13:15:00-05:00,8.335000038146973,8.385000228881836,8.329999923706055,8.385000228881836,63257,0.0,0.0,BCRX,15m
2026-03-06 13:30:00-05:00,8.385000228881836,8.404999732971191,8.364999771118164,8.395000457763672,44280,0.0,0.0,BCRX,15m
2026-03-06 13:45:00-05:00,8.39799976348877,8.399999618530273,8.375,8.375,52230,0.0,0.0,BCRX,15m
2026-03-06 14:00:00-05:00,8.375,8.380000114440918,8.354999542236328,8.359999656677246,44780,0.0,0.0,BCRX,15m
2026-03-06 14:15:00-05:00,8.364999771118164,8.380000114440918,8.354999542236328,8.380000114440918,52590,0.0,0.0,BCRX,15m
2026-03-06 14:30:00-05:00,8.380000114440918,8.395000457763672,8.364999771118164,8.395000457763672,50670,0.0,0.0,BCRX,15m
2026-03-06 14:45:00-05:00,8.395000457763672,8.399999618530273,8.375,8.375,39686,0.0,0.0,BCRX,15m
2026-03-06 15:00:00-05:00,8.375,8.430000305175781,8.369999885559082,8.425000190734863,73215,0.0,0.0,BCRX,15m
2026-03-06 15:15:00-05:00,8.430000305175781,8.494999885559082,8.420000076293945,8.483699798583984,193872,0.0,0.0,BCRX,15m
2026-03-06 15:30:00-05:00,8.484999656677246,8.5,8.454999923706055,8.484999656677246,185911,0.0,0.0,BCRX,15m
2026-03-06 15:45:00-05:00,8.484999656677246,8.505000114440918,8.460000038146973,8.489999771118164,473017,0.0,0.0,BCRX,15m
2026-03-09 09:30:00-04:00,8.399999618530273,8.630999565124512,8.390000343322754,8.556300163269043,464239,0.0,0.0,BCRX,15m
2026-03-09 09:45:00-04:00,8.5649995803833,8.65999984741211,8.53499984741211,8.545000076293945,287601,0.0,0.0,BCRX,15m
2026-03-09 10:00:00-04:00,8.545000076293945,8.609999656677246,8.520000457763672,8.585000038146973,199164,0.0,0.0,BCRX,15m
2026-03-09 10:15:00-04:00,8.585000038146973,8.600000381469727,8.539999961853027,8.5600004196167,85342,0.0,0.0,BCRX,15m
2026-03-09 10:30:00-04:00,8.5649995803833,8.5649995803833,8.515000343322754,8.545000076293945,117665,0.0,0.0,BCRX,15m
2026-03-09 10:45:00-04:00,8.550000190734863,8.664999961853027,8.524999618530273,8.630000114440918,464626,0.0,0.0,BCRX,15m
2026-03-09 11:00:00-04:00,8.635000228881836,8.640000343322754,8.59000015258789,8.595000267028809,205422,0.0,0.0,BCRX,15m
2026-03-09 11:15:00-04:00,8.600000381469727,8.614999771118164,8.59000015258789,8.609999656677246,145871,0.0,0.0,BCRX,15m
2026-03-09 11:30:00-04:00,8.604999542236328,8.604999542236328,8.550000190734863,8.5649995803833,121061,0.0,0.0,BCRX,15m
2026-03-09 11:45:00-04:00,8.5600004196167,8.5600004196167,8.520000457763672,8.520000457763672,94711,0.0,0.0,BCRX,15m
2026-03-09 12:00:00-04:00,8.524999618530273,8.5649995803833,8.515000343322754,8.529999732971191,62349,0.0,0.0,BCRX,15m
2026-03-09 12:15:00-04:00,8.529999732971191,8.550000190734863,8.515000343322754,8.545000076293945,53570,0.0,0.0,BCRX,15m
2026-03-09 12:30:00-04:00,8.550000190734863,8.595000267028809,8.545000076293945,8.595000267028809,41148,0.0,0.0,BCRX,15m
2026-03-09 12:45:00-04:00,8.595000267028809,8.604999542236328,8.574999809265137,8.579999923706055,80017,0.0,0.0,BCRX,15m
2026-03-09 13:00:00-04:00,8.585000038146973,8.585000038146973,8.539999961853027,8.539999961853027,96292,0.0,0.0,BCRX,15m
2026-03-09 13:15:00-04:00,8.545000076293945,8.545000076293945,8.515000343322754,8.524999618530273,62211,0.0,0.0,BCRX,15m
2026-03-09 13:30:00-04:00,8.524999618530273,8.524999618530273,8.5,8.510000228881836,95369,0.0,0.0,BCRX,15m
2026-03-09 13:45:00-04:00,8.5,8.539999961853027,8.494999885559082,8.529999732971191,97076,0.0,0.0,BCRX,15m
2026-03-09 14:00:00-04:00,8.53499984741211,8.550000190734863,8.524999618530273,8.550000190734863,65205,0.0,0.0,BCRX,15m
2026-03-09 14:15:00-04:00,8.550000190734863,8.555000305175781,8.5,8.5,71320,0.0,0.0,BCRX,15m
2026-03-09 14:30:00-04:00,8.5,8.520000457763672,8.5,8.505000114440918,65012,0.0,0.0,BCRX,15m
2026-03-09 14:45:00-04:00,8.505000114440918,8.529999732971191,8.479999542236328,8.505000114440918,93958,0.0,0.0,BCRX,15m
2026-03-09 15:00:00-04:00,8.505000114440918,8.515000343322754,8.489999771118164,8.5,127168,0.0,0.0,BCRX,15m
2026-03-09 15:15:00-04:00,8.505000114440918,8.579999923706055,8.489999771118164,8.574999809265137,396580,0.0,0.0,BCRX,15m
2026-03-09 15:30:00-04:00,8.574999809265137,8.574999809265137,8.539999961853027,8.5600004196167,187997,0.0,0.0,BCRX,15m
2026-03-09 15:45:00-04:00,8.5600004196167,8.640000343322754,8.555000305175781,8.619999885559082,638177,0.0,0.0,BCRX,15m
2026-03-10 09:30:00-04:00,8.630000114440918,8.819999694824219,8.630000114440918,8.755999565124512,236739,0.0,0.0,BCRX,15m
2026-03-10 09:45:00-04:00,8.75,8.84000015258789,8.739999771118164,8.795999526977539,219954,0.0,0.0,BCRX,15m
2026-03-10 10:00:00-04:00,8.79699993133545,8.805000305175781,8.704999923706055,8.729999542236328,80173,0.0,0.0,BCRX,15m
2026-03-10 10:15:00-04:00,8.729999542236328,8.770000457763672,8.704999923706055,8.755000114440918,112848,0.0,0.0,BCRX,15m
2026-03-10 10:30:00-04:00,8.75,8.8149995803833,8.739999771118164,8.789999961853027,215747,0.0,0.0,BCRX,15m
2026-03-10 10:45:00-04:00,8.789999961853027,8.80679988861084,8.774999618530273,8.781700134277344,90382,0.0,0.0,BCRX,15m
2026-03-10 11:00:00-04:00,8.779999732971191,8.8100004196167,8.770000457763672,8.770000457763672,95501,0.0,0.0,BCRX,15m
2026-03-10 11:15:00-04:00,8.770000457763672,8.805000305175781,8.755000114440918,8.755000114440918,170586,0.0,0.0,BCRX,15m
2026-03-10 11:30:00-04:00,8.75,8.8149995803833,8.739999771118164,8.795000076293945,52478,0.0,0.0,BCRX,15m
2026-03-10 11:45:00-04:00,8.795000076293945,8.859999656677246,8.795000076293945,8.850000381469727,101733,0.0,0.0,BCRX,15m
2026-03-10 12:00:00-04:00,8.845000267028809,8.858599662780762,8.779999732971191,8.789999961853027,63631,0.0,0.0,BCRX,15m
2026-03-10 12:15:00-04:00,8.795000076293945,8.859999656677246,8.795000076293945,8.845000267028809,142179,0.0,0.0,BCRX,15m
2026-03-10 12:30:00-04:00,8.84000015258789,8.850000381469727,8.8100004196167,8.824999809265137,44950,0.0,0.0,BCRX,15m
2026-03-10 12:45:00-04:00,8.824999809265137,8.829899787902832,8.800000190734863,8.800100326538086,40226,0.0,0.0,BCRX,15m
2026-03-10 13:00:00-04:00,8.805000305175781,8.824999809265137,8.789999961853027,8.8100004196167,32920,0.0,0.0,BCRX,15m
2026-03-10 13:15:00-04:00,8.8149995803833,8.850000381469727,8.8149995803833,8.835000038146973,35284,0.0,0.0,BCRX,15m
2026-03-10 13:30:00-04:00,8.829999923706055,8.869999885559082,8.795000076293945,8.795000076293945,142840,0.0,0.0,BCRX,15m
2026-03-10 13:45:00-04:00,8.799200057983398,8.835000038146973,8.789999961853027,8.829999923706055,46582,0.0,0.0,BCRX,15m
2026-03-10 14:00:00-04:00,8.824999809265137,8.899999618530273,8.800000190734863,8.800000190734863,217029,0.0,0.0,BCRX,15m
2026-03-10 14:15:00-04:00,8.800000190734863,8.824999809265137,8.734999656677246,8.824999809265137,84402,0.0,0.0,BCRX,15m
2026-03-10 14:30:00-04:00,8.824999809265137,8.829999923706055,8.774999618530273,8.774999618530273,53190,0.0,0.0,BCRX,15m
2026-03-10 14:45:00-04:00,8.774999618530273,8.8149995803833,8.734999656677246,8.734999656677246,87403,0.0,0.0,BCRX,15m
2026-03-10 15:00:00-04:00,8.734999656677246,8.746800422668457,8.725000381469727,8.739999771118164,74529,0.0,0.0,BCRX,15m
2026-03-10 15:15:00-04:00,8.744999885559082,8.765000343322754,8.725000381469727,8.729999542236328,104806,0.0,0.0,BCRX,15m
2026-03-10 15:30:00-04:00,8.729999542236328,8.744999885559082,8.710000038146973,8.734999656677246,217919,0.0,0.0,BCRX,15m
2026-03-10 15:45:00-04:00,8.734999656677246,8.770000457763672,8.720000267028809,8.744999885559082,545656,0.0,0.0,BCRX,15m
2026-03-11 09:30:00-04:00,8.6899995803833,8.789999961853027,8.550000190734863,8.550000190734863,167216,0.0,0.0,BCRX,15m
2026-03-11 09:45:00-04:00,8.539999961853027,8.545000076293945,8.460000038146973,8.505000114440918,144455,0.0,0.0,BCRX,15m
2026-03-11 10:00:00-04:00,8.505000114440918,8.520000457763672,8.454999923706055,8.494999885559082,95536,0.0,0.0,BCRX,15m
2026-03-11 10:15:00-04:00,8.489999771118164,8.520000457763672,8.454999923706055,8.5,85211,0.0,0.0,BCRX,15m
2026-03-11 10:30:00-04:00,8.5,8.600000381469727,8.494999885559082,8.600000381469727,104996,0.0,0.0,BCRX,15m
2026-03-11 10:45:00-04:00,8.595000267028809,8.619999885559082,8.579999923706055,8.595000267028809,125845,0.0,0.0,BCRX,15m
2026-03-11 11:00:00-04:00,8.592900276184082,8.604999542236328,8.5649995803833,8.5649995803833,41419,0.0,0.0,BCRX,15m
2026-03-11 11:15:00-04:00,8.5649995803833,8.574999809265137,8.533100128173828,8.555000305175781,55973,0.0,0.0,BCRX,15m
2026-03-11 11:30:00-04:00,8.550000190734863,8.550000190734863,8.510000228881836,8.510000228881836,36856,0.0,0.0,BCRX,15m
2026-03-11 11:45:00-04:00,8.510000228881836,8.515000343322754,8.420000076293945,8.430000305175781,103946,0.0,0.0,BCRX,15m
2026-03-11 12:00:00-04:00,8.425000190734863,8.470000267028809,8.404999732971191,8.470000267028809,99369,0.0,0.0,BCRX,15m
2026-03-11 12:15:00-04:00,8.475000381469727,8.475000381469727,8.444999694824219,8.46500015258789,49741,0.0,0.0,BCRX,15m
2026-03-11 12:30:00-04:00,8.470000267028809,8.479999542236328,8.40999984741211,8.430000305175781,133109,0.0,0.0,BCRX,15m
2026-03-11 12:45:00-04:00,8.430000305175781,8.4399995803833,8.395000457763672,8.395000457763672,143249,0.0,0.0,BCRX,15m
2026-03-11 13:00:00-04:00,8.395000457763672,8.479999542236328,8.390000343322754,8.454999923706055,164213,0.0,0.0,BCRX,15m
2026-03-11 13:15:00-04:00,8.454999923706055,8.5,8.4399995803833,8.5,35534,0.0,0.0,BCRX,15m
2026-03-11 13:30:00-04:00,8.498100280761719,8.505000114440918,8.46500015258789,8.46500015258789,51418,0.0,0.0,BCRX,15m
2026-03-11 13:45:00-04:00,8.470000267028809,8.510000228881836,8.460000038146973,8.470000267028809,74403,0.0,0.0,BCRX,15m
2026-03-11 14:00:00-04:00,8.475000381469727,8.484999656677246,8.430000305175781,8.444999694824219,69623,0.0,0.0,BCRX,15m
2026-03-11 14:15:00-04:00,8.4399995803833,8.449999809265137,8.4350004196167,8.444999694824219,34645,0.0,0.0,BCRX,15m
2026-03-11 14:30:00-04:00,8.444999694824219,8.470000267028809,8.430000305175781,8.4350004196167,42274,0.0,0.0,BCRX,15m
2026-03-11 14:45:00-04:00,8.4399995803833,8.489999771118164,8.4399995803833,8.479999542236328,66847,0.0,0.0,BCRX,15m
2026-03-11 15:00:00-04:00,8.479999542236328,8.489999771118164,8.454999923706055,8.454999923706055,54853,0.0,0.0,BCRX,15m
2026-03-11 15:15:00-04:00,8.454999923706055,8.5,8.451299667358398,8.479999542236328,84550,0.0,0.0,BCRX,15m
2026-03-11 15:30:00-04:00,8.489999771118164,8.550000190734863,8.489999771118164,8.525699615478516,285464,0.0,0.0,BCRX,15m
2026-03-11 15:45:00-04:00,8.524999618530273,8.524999618530273,8.475000381469727,8.5,351299,0.0,0.0,BCRX,15m
2026-03-12 09:30:00-04:00,8.489999771118164,8.579999923706055,8.369999885559082,8.4399995803833,226062,0.0,0.0,BCRX,15m
2026-03-12 09:45:00-04:00,8.4399995803833,8.579999923706055,8.4350004196167,8.569999694824219,297036,0.0,0.0,BCRX,15m
2026-03-12 10:00:00-04:00,8.5649995803833,8.5649995803833,8.475000381469727,8.524999618530273,168886,0.0,0.0,BCRX,15m
2026-03-12 10:15:00-04:00,8.529999732971191,8.529999732971191,8.470000267028809,8.470000267028809,54910,0.0,0.0,BCRX,15m
2026-03-12 10:30:00-04:00,8.470000267028809,8.510000228881836,8.40999984741211,8.420000076293945,111243,0.0,0.0,BCRX,15m
2026-03-12 10:45:00-04:00,8.40999984741211,8.425000190734863,8.378299713134766,8.380000114440918,118343,0.0,0.0,BCRX,15m
2026-03-12 11:00:00-04:00,8.385000228881836,8.390000343322754,8.34000015258789,8.354999542236328,135880,0.0,0.0,BCRX,15m
2026-03-12 11:15:00-04:00,8.359999656677246,8.40999984741211,8.34000015258789,8.359999656677246,151607,0.0,0.0,BCRX,15m
2026-03-12 11:30:00-04:00,8.369999885559082,8.430000305175781,8.369999885559082,8.425000190734863,89272,0.0,0.0,BCRX,15m
2026-03-12 11:45:00-04:00,8.425000190734863,8.425000190734863,8.364999771118164,8.385000228881836,48154,0.0,0.0,BCRX,15m
2026-03-12 12:00:00-04:00,8.380000114440918,8.395000457763672,8.354999542236328,8.375,76805,0.0,0.0,BCRX,15m
2026-03-12 12:15:00-04:00,8.390000343322754,8.430000305175781,8.375,8.420000076293945,121950,0.0,0.0,BCRX,15m
2026-03-12 12:30:00-04:00,8.40999984741211,8.454999923706055,8.40999984741211,8.449999809265137,86966,0.0,0.0,BCRX,15m
2026-03-12 12:45:00-04:00,8.444999694824219,8.470000267028809,8.420000076293945,8.46500015258789,75174,0.0,0.0,BCRX,15m
2026-03-12 13:00:00-04:00,8.46500015258789,8.484999656677246,8.4399995803833,8.444999694824219,110070,0.0,0.0,BCRX,15m
2026-03-12 13:15:00-04:00,8.443300247192383,8.46500015258789,8.443300247192383,8.459799766540527,44324,0.0,0.0,BCRX,15m
2026-03-12 13:30:00-04:00,8.460000038146973,8.46500015258789,8.4399995803833,8.444999694824219,50422,0.0,0.0,BCRX,15m
2026-03-12 13:45:00-04:00,8.4399995803833,8.444999694824219,8.420000076293945,8.4399995803833,49886,0.0,0.0,BCRX,15m
2026-03-12 14:00:00-04:00,8.449999809265137,8.475000381469727,8.444999694824219,8.460000038146973,57917,0.0,0.0,BCRX,15m
2026-03-12 14:15:00-04:00,8.470000267028809,8.479999542236328,8.430000305175781,8.449999809265137,63744,0.0,0.0,BCRX,15m
2026-03-12 14:30:00-04:00,8.444999694824219,8.449999809265137,8.430000305175781,8.4399995803833,50179,0.0,0.0,BCRX,15m
2026-03-12 14:45:00-04:00,8.444999694824219,8.46969985961914,8.430000305175781,8.449999809265137,82177,0.0,0.0,BCRX,15m
2026-03-12 15:00:00-04:00,8.449999809265137,8.460000038146973,8.430000305175781,8.4350004196167,80109,0.0,0.0,BCRX,15m
2026-03-12 15:15:00-04:00,8.4350004196167,8.4350004196167,8.390000343322754,8.395000457763672,125561,0.0,0.0,BCRX,15m
2026-03-12 15:30:00-04:00,8.395000457763672,8.4350004196167,8.380000114440918,8.399999618530273,264653,0.0,0.0,BCRX,15m
2026-03-12 15:45:00-04:00,8.404999732971191,8.404999732971191,8.350000381469727,8.380000114440918,581760,0.0,0.0,BCRX,15m
2026-03-13 09:30:00-04:00,8.449999809265137,8.479999542236328,8.369999885559082,8.430000305175781,96743,0.0,0.0,BCRX,15m
2026-03-13 09:45:00-04:00,8.430000305175781,8.470000267028809,8.404999732971191,8.444999694824219,76491,0.0,0.0,BCRX,15m
2026-03-13 10:00:00-04:00,8.444999694824219,8.5,8.425000190734863,8.449999809265137,208640,0.0,0.0,BCRX,15m
2026-03-13 10:15:00-04:00,8.444999694824219,8.53499984741211,8.444999694824219,8.46500015258789,187514,0.0,0.0,BCRX,15m
2026-03-13 10:30:00-04:00,8.460000038146973,8.475000381469727,8.420000076293945,8.425000190734863,45616,0.0,0.0,BCRX,15m
2026-03-13 10:45:00-04:00,8.420000076293945,8.420000076293945,8.354999542236328,8.354999542236328,55274,0.0,0.0,BCRX,15m
2026-03-13 11:00:00-04:00,8.359999656677246,8.369999885559082,8.319999694824219,8.364999771118164,76761,0.0,0.0,BCRX,15m
2026-03-13 11:15:00-04:00,8.359999656677246,8.375,8.329999923706055,8.335000038146973,105125,0.0,0.0,BCRX,15m
2026-03-13 11:30:00-04:00,8.335000038146973,8.345000267028809,8.281999588012695,8.28499984741211,102635,0.0,0.0,BCRX,15m
2026-03-13 11:45:00-04:00,8.279999732971191,8.289999961853027,8.244999885559082,8.255000114440918,68951,0.0,0.0,BCRX,15m
2026-03-13 12:00:00-04:00,8.25,8.265000343322754,8.225000381469727,8.225000381469727,81396,0.0,0.0,BCRX,15m
2026-03-13 12:15:00-04:00,8.225000381469727,8.279999732971191,8.225000381469727,8.244999885559082,112111,0.0,0.0,BCRX,15m
2026-03-13 12:30:00-04:00,8.239999771118164,8.25,8.225000381469727,8.229999542236328,40483,0.0,0.0,BCRX,15m
2026-03-13 12:45:00-04:00,8.234999656677246,8.239999771118164,8.199999809265137,8.211400032043457,133270,0.0,0.0,BCRX,15m
2026-03-13 13:00:00-04:00,8.21500015258789,8.244999885559082,8.210000038146973,8.239999771118164,54781,0.0,0.0,BCRX,15m
2026-03-13 13:15:00-04:00,8.239999771118164,8.270000457763672,8.239999771118164,8.260000228881836,70525,0.0,0.0,BCRX,15m
2026-03-13 13:30:00-04:00,8.255000114440918,8.260000228881836,8.239999771118164,8.260000228881836,68516,0.0,0.0,BCRX,15m
2026-03-13 13:45:00-04:00,8.255000114440918,8.255000114440918,8.220000267028809,8.225000381469727,72058,0.0,0.0,BCRX,15m
2026-03-13 14:00:00-04:00,8.227100372314453,8.244999885559082,8.21500015258789,8.234999656677246,62380,0.0,0.0,BCRX,15m
2026-03-13 14:15:00-04:00,8.229999542236328,8.265000343322754,8.229999542236328,8.255000114440918,69936,0.0,0.0,BCRX,15m
2026-03-13 14:30:00-04:00,8.255000114440918,8.279999732971191,8.253999710083008,8.260000228881836,52018,0.0,0.0,BCRX,15m
2026-03-13 14:45:00-04:00,8.255000114440918,8.260000228881836,8.239999771118164,8.246399879455566,60077,0.0,0.0,BCRX,15m
2026-03-13 15:00:00-04:00,8.244999885559082,8.25,8.229999542236328,8.234999656677246,43590,0.0,0.0,BCRX,15m
2026-03-13 15:15:00-04:00,8.234999656677246,8.234999656677246,8.199999809265137,8.204999923706055,131457,0.0,0.0,BCRX,15m
2026-03-13 15:30:00-04:00,8.204999923706055,8.236599922180176,8.15999984741211,8.169899940490723,292155,0.0,0.0,BCRX,15m
2026-03-13 15:45:00-04:00,8.15999984741211,8.220000267028809,8.149999618530273,8.210000038146973,610877,0.0,0.0,BCRX,15m
2026-03-16 09:30:00-04:00,8.220000267028809,8.300000190734863,8.194999694824219,8.265000343322754,90125,0.0,0.0,BCRX,15m
2026-03-16 09:45:00-04:00,8.260000228881836,8.279999732971191,8.25,8.255000114440918,34494,0.0,0.0,BCRX,15m
2026-03-16 10:00:00-04:00,8.260000228881836,8.265000343322754,8.229999542236328,8.239999771118164,33528,0.0,0.0,BCRX,15m
2026-03-16 10:15:00-04:00,8.239999771118164,8.270000457763672,8.239999771118164,8.260000228881836,22256,0.0,0.0,BCRX,15m
2026-03-16 10:30:00-04:00,8.265000343322754,8.819999694824219,8.210000038146973,8.619999885559082,706962,0.0,0.0,BCRX,15m
2026-03-16 10:45:00-04:00,8.625,9.475000381469727,8.555000305175781,9.1850004196167,2465720,0.0,0.0,BCRX,15m
2026-03-16 11:00:00-04:00,9.1850004196167,9.598699569702148,9.109999656677246,9.220000267028809,4528580,0.0,0.0,BCRX,15m
2026-03-16 11:15:00-04:00,9.210000038146973,9.21500015258789,9.079999923706055,9.170000076293945,569987,0.0,0.0,BCRX,15m
2026-03-16 11:30:00-04:00,9.170000076293945,9.204999923706055,8.970000267028809,9.114999771118164,424458,0.0,0.0,BCRX,15m
2026-03-16 11:45:00-04:00,9.109999656677246,9.140000343322754,9.0,9.055000305175781,230942,0.0,0.0,BCRX,15m
2026-03-16 12:00:00-04:00,9.0600004196167,9.239999771118164,9.010000228881836,9.188799858093262,281040,0.0,0.0,BCRX,15m
2026-03-16 12:15:00-04:00,9.1850004196167,9.260000228881836,9.130000114440918,9.165399551391602,375109,0.0,0.0,BCRX,15m
2026-03-16 12:30:00-04:00,9.164999961853027,9.175000190734863,9.119999885559082,9.145000457763672,175361,0.0,0.0,BCRX,15m
2026-03-16 12:45:00-04:00,9.145000457763672,9.178299903869629,9.09000015258789,9.125,144882,0.0,0.0,BCRX,15m
2026-03-16 13:00:00-04:00,9.119999885559082,9.1899995803833,9.079999923706055,9.145000457763672,237019,0.0,0.0,BCRX,15m
2026-03-16 13:15:00-04:00,9.140000343322754,9.194999694824219,9.135000228881836,9.170000076293945,167199,0.0,0.0,BCRX,15m
2026-03-16 13:30:00-04:00,9.164999961853027,9.175000190734863,9.095000267028809,9.104999542236328,132538,0.0,0.0,BCRX,15m
2026-03-16 13:45:00-04:00,9.104999542236328,9.149999618530273,9.050000190734863,9.0649995803833,122889,0.0,0.0,BCRX,15m
2026-03-16 14:00:00-04:00,9.0649995803833,9.100000381469727,9.055000305175781,9.074999809265137,151259,0.0,0.0,BCRX,15m
2026-03-16 14:15:00-04:00,9.074999809265137,9.109999656677246,9.0649995803833,9.085000038146973,79046,0.0,0.0,BCRX,15m
2026-03-16 14:30:00-04:00,9.085000038146973,9.085000038146973,8.994999885559082,9.024999618530273,133960,0.0,0.0,BCRX,15m
2026-03-16 14:45:00-04:00,9.020000457763672,9.09000015258789,9.010000228881836,9.055000305175781,168736,0.0,0.0,BCRX,15m
2026-03-16 15:00:00-04:00,9.050000190734863,9.085000038146973,9.029999732971191,9.03499984741211,191890,0.0,0.0,BCRX,15m
2026-03-16 15:15:00-04:00,9.029999732971191,9.145000457763672,9.010000228881836,9.130200386047363,344050,0.0,0.0,BCRX,15m
2026-03-16 15:30:00-04:00,9.135000228881836,9.335000038146973,9.130000114440918,9.248700141906738,1033338,0.0,0.0,BCRX,15m
2026-03-16 15:45:00-04:00,9.244999885559082,9.390000343322754,9.234999656677246,9.3149995803833,1232170,0.0,0.0,BCRX,15m
2026-03-17 09:30:00-04:00,9.270000457763672,9.479999542236328,9.25,9.399999618530273,395859,0.0,0.0,BCRX,15m
2026-03-17 09:45:00-04:00,9.40999984741211,9.479999542236328,9.390000343322754,9.460000038146973,157488,0.0,0.0,BCRX,15m
2026-03-17 10:00:00-04:00,9.449999809265137,9.5649995803833,9.420000076293945,9.489999771118164,246082,0.0,0.0,BCRX,15m
2026-03-17 10:15:00-04:00,9.494999885559082,9.567999839782715,9.414999961853027,9.420000076293945,194857,0.0,0.0,BCRX,15m
2026-03-17 10:30:00-04:00,9.420000076293945,9.4399995803833,9.380000114440918,9.430000305175781,64810,0.0,0.0,BCRX,15m
2026-03-17 10:45:00-04:00,9.430000305175781,9.444999694824219,9.390000343322754,9.430000305175781,116506,0.0,0.0,BCRX,15m
2026-03-17 11:00:00-04:00,9.425000190734863,9.425000190734863,9.199999809265137,9.21500015258789,181684,0.0,0.0,BCRX,15m
2026-03-17 11:15:00-04:00,9.21500015258789,9.220000267028809,9.0,9.039999961853027,150676,0.0,0.0,BCRX,15m
2026-03-17 11:30:00-04:00,9.050000190734863,9.050000190734863,8.949999809265137,8.994999885559082,98444,0.0,0.0,BCRX,15m
2026-03-17 11:45:00-04:00,9.0,9.050000190734863,8.979999542236328,9.039999961853027,81435,0.0,0.0,BCRX,15m
2026-03-17 12:00:00-04:00,9.045000076293945,9.079999923706055,8.994999885559082,9.015000343322754,68333,0.0,0.0,BCRX,15m
2026-03-17 12:15:00-04:00,9.005000114440918,9.029999732971191,8.989999771118164,9.017600059509277,47102,0.0,0.0,BCRX,15m
2026-03-17 12:30:00-04:00,9.015000343322754,9.029999732971191,8.979999542236328,8.994999885559082,85207,0.0,0.0,BCRX,15m
2026-03-17 12:45:00-04:00,8.99779987335205,9.020000457763672,8.975000381469727,9.020000457763672,86656,0.0,0.0,BCRX,15m
2026-03-17 13:00:00-04:00,9.020000457763672,9.020000457763672,8.990099906921387,9.00979995727539,58842,0.0,0.0,BCRX,15m
2026-03-17 13:15:00-04:00,9.0,9.039999961853027,9.0,9.010000228881836,25377,0.0,0.0,BCRX,15m
2026-03-17 13:30:00-04:00,9.015000343322754,9.039999961853027,9.0,9.0,55607,0.0,0.0,BCRX,15m
2026-03-17 13:45:00-04:00,9.005000114440918,9.03499984741211,9.0,9.03499984741211,39062,0.0,0.0,BCRX,15m
2026-03-17 14:00:00-04:00,9.029999732971191,9.03499984741211,8.979999542236328,9.015000343322754,56145,0.0,0.0,BCRX,15m
2026-03-17 14:15:00-04:00,9.020000457763672,9.024999618530273,8.984999656677246,9.0,86227,0.0,0.0,BCRX,15m
2026-03-17 14:30:00-04:00,9.005000114440918,9.015000343322754,8.975000381469727,8.989999771118164,50101,0.0,0.0,BCRX,15m
2026-03-17 14:45:00-04:00,8.984999656677246,9.050000190734863,8.975000381469727,9.050000190734863,49855,0.0,0.0,BCRX,15m
2026-03-17 15:00:00-04:00,9.050000190734863,9.125,9.039999961853027,9.104999542236328,70203,0.0,0.0,BCRX,15m
2026-03-17 15:15:00-04:00,9.109999656677246,9.229999542236328,9.109999656677246,9.1899995803833,228767,0.0,0.0,BCRX,15m
2026-03-17 15:30:00-04:00,9.1899995803833,9.21500015258789,9.154999732971191,9.180000305175781,157914,0.0,0.0,BCRX,15m
2026-03-17 15:45:00-04:00,9.180000305175781,9.239999771118164,9.154999732971191,9.229999542236328,536613,0.0,0.0,BCRX,15m
2026-03-18 09:30:00-04:00,9.154999732971191,9.180000305175781,8.989999771118164,8.989999771118164,116701,0.0,0.0,BCRX,15m
2026-03-18 09:45:00-04:00,8.989999771118164,9.09000015258789,8.970000267028809,9.079999923706055,85002,0.0,0.0,BCRX,15m
2026-03-18 10:00:00-04:00,9.069999694824219,9.074999809265137,8.949999809265137,8.989999771118164,259413,0.0,0.0,BCRX,15m
2026-03-18 10:15:00-04:00,8.996299743652344,9.0600004196167,8.989999771118164,9.020000457763672,393969,0.0,0.0,BCRX,15m
2026-03-18 10:30:00-04:00,9.005000114440918,9.119999885559082,9.005000114440918,9.079999923706055,66736,0.0,0.0,BCRX,15m
2026-03-18 10:45:00-04:00,9.079999923706055,9.095000267028809,9.05210018157959,9.0649995803833,30694,0.0,0.0,BCRX,15m
2026-03-18 11:00:00-04:00,9.069999694824219,9.069999694824219,9.005000114440918,9.020000457763672,40753,0.0,0.0,BCRX,15m
2026-03-18 11:15:00-04:00,9.020000457763672,9.050000190734863,8.970000267028809,9.005000114440918,46066,0.0,0.0,BCRX,15m
2026-03-18 11:30:00-04:00,9.005000114440918,9.010000228881836,8.90999984741211,8.930000305175781,288028,0.0,0.0,BCRX,15m
2026-03-18 11:45:00-04:00,8.929900169372559,8.96500015258789,8.920000076293945,8.954999923706055,56560,0.0,0.0,BCRX,15m
2026-03-18 12:00:00-04:00,8.954999923706055,9.02970027923584,8.954999923706055,9.023099899291992,41073,0.0,0.0,BCRX,15m
2026-03-18 12:15:00-04:00,9.020000457763672,9.03499984741211,9.005000114440918,9.029999732971191,42684,0.0,0.0,BCRX,15m
2026-03-18 12:30:00-04:00,9.029999732971191,9.045000076293945,9.010000228881836,9.020000457763672,34465,0.0,0.0,BCRX,15m
2026-03-18 12:45:00-04:00,9.024999618530273,9.024999618530273,9.0,9.010000228881836,28769,0.0,0.0,BCRX,15m
2026-03-18 13:00:00-04:00,9.015000343322754,9.015000343322754,8.960000038146973,8.96500015258789,34203,0.0,0.0,BCRX,15m
2026-03-18 13:15:00-04:00,8.970000267028809,9.015000343322754,8.970000267028809,9.015000343322754,28786,0.0,0.0,BCRX,15m
2026-03-18 13:30:00-04:00,9.015000343322754,9.045000076293945,9.010000228881836,9.010000228881836,30566,0.0,0.0,BCRX,15m
2026-03-18 13:45:00-04:00,9.015000343322754,9.058600425720215,9.010000228881836,9.03499984741211,84336,0.0,0.0,BCRX,15m
2026-03-18 14:00:00-04:00,9.03499984741211,9.050000190734863,9.020000457763672,9.029999732971191,29086,0.0,0.0,BCRX,15m
2026-03-18 14:15:00-04:00,9.020000457763672,9.020000457763672,8.979999542236328,9.015000343322754,40900,0.0,0.0,BCRX,15m
2026-03-18 14:30:00-04:00,9.017600059509277,9.024999618530273,8.970000267028809,8.989999771118164,66274,0.0,0.0,BCRX,15m
2026-03-18 14:45:00-04:00,8.989999771118164,9.039999961853027,8.949999809265137,9.039999961853027,97988,0.0,0.0,BCRX,15m
2026-03-18 15:00:00-04:00,9.029999732971191,9.069999694824219,9.024999618530273,9.039999961853027,77136,0.0,0.0,BCRX,15m
2026-03-18 15:15:00-04:00,9.045000076293945,9.130000114440918,9.04010009765625,9.125,113248,0.0,0.0,BCRX,15m
2026-03-18 15:30:00-04:00,9.125,9.154999732971191,9.119999885559082,9.154999732971191,171822,0.0,0.0,BCRX,15m
2026-03-18 15:45:00-04:00,9.154999732971191,9.1899995803833,9.131199836730957,9.170000076293945,457400,0.0,0.0,BCRX,15m
2026-03-19 09:30:00-04:00,9.149999618530273,9.199999809265137,9.050000190734863,9.149999618530273,1405444,0.0,0.0,BCRX,15m
2026-03-19 09:45:00-04:00,9.15999984741211,9.270000457763672,9.149999618530273,9.220000267028809,100070,0.0,0.0,BCRX,15m
2026-03-19 10:00:00-04:00,9.215100288391113,9.350000381469727,9.215100288391113,9.329999923706055,502196,0.0,0.0,BCRX,15m
2026-03-19 10:15:00-04:00,9.335000038146973,9.350000381469727,9.270000457763672,9.3149995803833,90972,0.0,0.0,BCRX,15m
2026-03-19 10:30:00-04:00,9.319999694824219,9.475000381469727,9.3149995803833,9.475000381469727,85693,0.0,0.0,BCRX,15m
2026-03-19 10:45:00-04:00,9.479999542236328,9.555000305175781,9.444999694824219,9.545000076293945,176849,0.0,0.0,BCRX,15m
2026-03-19 11:00:00-04:00,9.550000190734863,9.555000305175781,9.471400260925293,9.529999732971191,164401,0.0,0.0,BCRX,15m
2026-03-19 11:15:00-04:00,9.524999618530273,9.53499984741211,9.460000038146973,9.489999771118164,123927,0.0,0.0,BCRX,15m
2026-03-19 11:30:00-04:00,9.489999771118164,9.520000457763672,9.343500137329102,9.354999542236328,231887,0.0,0.0,BCRX,15m
2026-03-19 11:45:00-04:00,9.357500076293945,9.430000305175781,9.324999809265137,9.416999816894531,142222,0.0,0.0,BCRX,15m
2026-03-19 12:00:00-04:00,9.420000076293945,9.460000038146973,9.420000076293945,9.449999809265137,50741,0.0,0.0,BCRX,15m
2026-03-19 12:15:00-04:00,9.449999809265137,9.475000381469727,9.439900398254395,9.470000267028809,40609,0.0,0.0,BCRX,15m
2026-03-19 12:30:00-04:00,9.470000267028809,9.494999885559082,9.470000267028809,9.479999542236328,59477,0.0,0.0,BCRX,15m
2026-03-19 12:45:00-04:00,9.479999542236328,9.5,9.449999809265137,9.5,795936,0.0,0.0,BCRX,15m
2026-03-19 13:00:00-04:00,9.489999771118164,9.569999694824219,9.489999771118164,9.520000457763672,102190,0.0,0.0,BCRX,15m
2026-03-19 13:15:00-04:00,9.524999618530273,9.609999656677246,9.510000228881836,9.585000038146973,157887,0.0,0.0,BCRX,15m
2026-03-19 13:30:00-04:00,9.59000015258789,9.6850004196167,9.59000015258789,9.675000190734863,139721,0.0,0.0,BCRX,15m
2026-03-19 13:45:00-04:00,9.680000305175781,9.82859992980957,9.670000076293945,9.819999694824219,222252,0.0,0.0,BCRX,15m
2026-03-19 14:00:00-04:00,9.819999694824219,9.875,9.8100004196167,9.875,145116,0.0,0.0,BCRX,15m
2026-03-19 14:15:00-04:00,9.8774995803833,9.949999809265137,9.789999961853027,9.805000305175781,205194,0.0,0.0,BCRX,15m
2026-03-19 14:30:00-04:00,9.806699752807617,9.880000114440918,9.795000076293945,9.880000114440918,89006,0.0,0.0,BCRX,15m
2026-03-19 14:45:00-04:00,9.880000114440918,9.904999732971191,9.831999778747559,9.899999618530273,140915,0.0,0.0,BCRX,15m
2026-03-19 15:00:00-04:00,9.899999618530273,9.975000381469727,9.880000114440918,9.944999694824219,228393,0.0,0.0,BCRX,15m
2026-03-19 15:15:00-04:00,9.944999694824219,9.944999694824219,9.8149995803833,9.856800079345703,165552,0.0,0.0,BCRX,15m
2026-03-19 15:30:00-04:00,9.859999656677246,9.869999885559082,9.81149959564209,9.824999809265137,1934396,0.0,0.0,BCRX,15m
2026-03-19 15:45:00-04:00,9.824999809265137,9.885000228881836,9.789999961853027,9.795000076293945,724154,0.0,0.0,BCRX,15m
2026-03-20 09:30:00-04:00,9.729999542236328,10.039999961853027,9.729999542236328,9.979999542236328,792455,0.0,0.0,BCRX,15m
2026-03-20 09:45:00-04:00,9.944999694824219,9.989999771118164,9.890000343322754,9.9350004196167,182602,0.0,0.0,BCRX,15m
2026-03-20 10:00:00-04:00,9.920000076293945,9.970000267028809,9.8100004196167,9.84000015258789,184920,0.0,0.0,BCRX,15m
2026-03-20 10:15:00-04:00,9.835000038146973,9.890000343322754,9.800000190734863,9.880000114440918,192333,0.0,0.0,BCRX,15m
2026-03-20 10:30:00-04:00,9.880000114440918,10.135000228881836,9.880000114440918,10.09000015258789,439188,0.0,0.0,BCRX,15m
2026-03-20 10:45:00-04:00,10.085000038146973,10.1850004196167,9.994999885559082,10.15999984741211,287901,0.0,0.0,BCRX,15m
2026-03-20 11:00:00-04:00,10.15999984741211,10.210000038146973,10.140000343322754,10.194999694824219,153380,0.0,0.0,BCRX,15m
2026-03-20 11:15:00-04:00,10.194999694824219,10.25,10.145000457763672,10.229999542236328,378230,0.0,0.0,BCRX,15m
2026-03-20 11:30:00-04:00,10.225000381469727,10.25,10.125,10.140000343322754,433573,0.0,0.0,BCRX,15m
2026-03-20 11:45:00-04:00,10.149999618530273,10.255000114440918,10.135000228881836,10.225000381469727,336110,0.0,0.0,BCRX,15m
2026-03-20 12:00:00-04:00,10.239999771118164,10.3149995803833,10.234999656677246,10.244999885559082,331156,0.0,0.0,BCRX,15m
2026-03-20 12:15:00-04:00,10.24839973449707,10.270000457763672,10.170000076293945,10.1850004196167,194889,0.0,0.0,BCRX,15m
2026-03-20 12:30:00-04:00,10.1850004196167,10.204999923706055,10.15999984741211,10.199999809265137,115307,0.0,0.0,BCRX,15m
2026-03-20 12:45:00-04:00,10.196499824523926,10.204999923706055,10.109999656677246,10.149999618530273,155000,0.0,0.0,BCRX,15m
2026-03-20 13:00:00-04:00,10.15999984741211,10.170000076293945,10.095000267028809,10.109999656677246,178638,0.0,0.0,BCRX,15m
2026-03-20 13:15:00-04:00,10.114999771118164,10.114999771118164,10.0600004196167,10.085000038146973,181169,0.0,0.0,BCRX,15m
2026-03-20 13:30:00-04:00,10.085000038146973,10.085000038146973,9.989999771118164,10.024999618530273,167939,0.0,0.0,BCRX,15m
2026-03-20 13:45:00-04:00,10.024999618530273,10.024999618530273,9.961099624633789,9.994999885559082,110396,0.0,0.0,BCRX,15m
2026-03-20 14:00:00-04:00,9.994999885559082,9.994999885559082,9.869999885559082,9.875,435347,0.0,0.0,BCRX,15m
2026-03-20 14:15:00-04:00,9.875,9.880000114440918,9.84000015258789,9.869999885559082,161614,0.0,0.0,BCRX,15m
2026-03-20 14:30:00-04:00,9.864999771118164,9.868300437927246,9.801300048828125,9.845000267028809,95407,0.0,0.0,BCRX,15m
2026-03-20 14:45:00-04:00,9.845000267028809,9.850000381469727,9.78499984741211,9.789999961853027,145340,0.0,0.0,BCRX,15m
2026-03-20 15:00:00-04:00,9.789999961853027,9.8100004196167,9.75,9.795000076293945,128248,0.0,0.0,BCRX,15m
2026-03-20 15:15:00-04:00,9.800000190734863,9.829999923706055,9.725000381469727,9.744999885559082,412462,0.0,0.0,BCRX,15m
2026-03-20 15:30:00-04:00,9.75,9.78499984741211,9.6850004196167,9.760000228881836,383939,0.0,0.0,BCRX,15m
2026-03-20 15:45:00-04:00,9.755000114440918,9.760000228881836,9.640000343322754,9.710000038146973,1125369,0.0,0.0,BCRX,15m
2026-03-23 09:30:00-04:00,9.824999809265137,9.969900131225586,9.680000305175781,9.875,476952,0.0,0.0,BCRX,15m
2026-03-23 09:45:00-04:00,9.90999984741211,9.979999542236328,9.84000015258789,9.970000267028809,295337,0.0,0.0,BCRX,15m
2026-03-23 10:00:00-04:00,9.970000267028809,10.039999961853027,9.8149995803833,9.8149995803833,189683,0.0,0.0,BCRX,15m
2026-03-23 10:15:00-04:00,9.8149995803833,9.82509994506836,9.75,9.779999732971191,94677,0.0,0.0,BCRX,15m
2026-03-23 10:30:00-04:00,9.78499984741211,9.9399995803833,9.770000457763672,9.88010025024414,222127,0.0,0.0,BCRX,15m
2026-03-23 10:45:00-04:00,9.885000228881836,9.920000076293945,9.854999542236328,9.890000343322754,218272,0.0,0.0,BCRX,15m
2026-03-23 11:00:00-04:00,9.880000114440918,9.914999961853027,9.875,9.880000114440918,62585,0.0,0.0,BCRX,15m
2026-03-23 11:15:00-04:00,9.880000114440918,9.880000114440918,9.805000305175781,9.805000305175781,212104,0.0,0.0,BCRX,15m
2026-03-23 11:30:00-04:00,9.800000190734863,9.800000190734863,9.744999885559082,9.789999961853027,128987,0.0,0.0,BCRX,15m
2026-03-23 11:45:00-04:00,9.795000076293945,9.795000076293945,9.6850004196167,9.6899995803833,77333,0.0,0.0,BCRX,15m
2026-03-23 12:00:00-04:00,9.699999809265137,9.710000038146973,9.675000190734863,9.699999809265137,72000,0.0,0.0,BCRX,15m
2026-03-23 12:15:00-04:00,9.708800315856934,9.725000381469727,9.675000190734863,9.704999923706055,160493,0.0,0.0,BCRX,15m
2026-03-23 12:30:00-04:00,9.704999923706055,9.749699592590332,9.6899995803833,9.699999809265137,56234,0.0,0.0,BCRX,15m
2026-03-23 12:45:00-04:00,9.6899995803833,9.729999542236328,9.649999618530273,9.654999732971191,170757,0.0,0.0,BCRX,15m
2026-03-23 13:00:00-04:00,9.65999984741211,9.680000305175781,9.630000114440918,9.654999732971191,67018,0.0,0.0,BCRX,15m
2026-03-23 13:15:00-04:00,9.654999732971191,9.6899995803833,9.635000228881836,9.670000076293945,139749,0.0,0.0,BCRX,15m
2026-03-23 13:30:00-04:00,9.670000076293945,9.744999885559082,9.654999732971191,9.734999656677246,81128,0.0,0.0,BCRX,15m
2026-03-23 13:45:00-04:00,9.729999542236328,9.729999542236328,9.680000305175781,9.694999694824219,44433,0.0,0.0,BCRX,15m
2026-03-23 14:00:00-04:00,9.699999809265137,9.71500015258789,9.649999618530273,9.680000305175781,94953,0.0,0.0,BCRX,15m
2026-03-23 14:15:00-04:00,9.6850004196167,9.729999542236328,9.675000190734863,9.680000305175781,130857,0.0,0.0,BCRX,15m
2026-03-23 14:30:00-04:00,9.689900398254395,9.75,9.670000076293945,9.6899995803833,167138,0.0,0.0,BCRX,15m
2026-03-23 14:45:00-04:00,9.6899995803833,9.694999694824219,9.670000076293945,9.675000190734863,24003,0.0,0.0,BCRX,15m
2026-03-23 15:00:00-04:00,9.675000190734863,9.6899995803833,9.664999961853027,9.6899995803833,59777,0.0,0.0,BCRX,15m
2026-03-23 15:15:00-04:00,9.680000305175781,9.729999542236328,9.664999961853027,9.710000038146973,219597,0.0,0.0,BCRX,15m
2026-03-23 15:30:00-04:00,9.704999923706055,9.78499984741211,9.694999694824219,9.765000343322754,306005,0.0,0.0,BCRX,15m
2026-03-23 15:45:00-04:00,9.770000457763672,9.824999809265137,9.704999923706055,9.779999732971191,2303126,0.0,0.0,BCRX,15m
2026-03-24 09:30:00-04:00,10.022000312805176,10.130000114440918,9.420000076293945,9.569999694824219,1079463,0.0,0.0,BCRX,15m
2026-03-24 09:45:00-04:00,9.577300071716309,9.619999885559082,9.5,9.550000190734863,515777,0.0,0.0,BCRX,15m
2026-03-24 10:00:00-04:00,9.5600004196167,9.699999809265137,9.505000114440918,9.65999984741211,534310,0.0,0.0,BCRX,15m
2026-03-24 10:15:00-04:00,9.670000076293945,9.979999542236328,9.664999961853027,9.875,1248377,0.0,0.0,BCRX,15m
2026-03-24 10:30:00-04:00,9.880000114440918,9.914999961853027,9.79010009765625,9.805000305175781,429626,0.0,0.0,BCRX,15m
2026-03-24 10:45:00-04:00,9.811699867248535,9.854999542236328,9.772199630737305,9.8100004196167,376605,0.0,0.0,BCRX,15m
2026-03-24 11:00:00-04:00,9.8100004196167,9.880000114440918,9.729999542236328,9.744999885559082,399826,0.0,0.0,BCRX,15m
2026-03-24 11:15:00-04:00,9.744999885559082,9.829999923706055,9.744999885559082,9.805000305175781,188039,0.0,0.0,BCRX,15m
2026-03-24 11:30:00-04:00,9.805000305175781,9.8100004196167,9.654999732971191,9.65999984741211,263993,0.0,0.0,BCRX,15m
2026-03-24 11:45:00-04:00,9.654999732971191,9.670000076293945,9.601200103759766,9.664999961853027,168160,0.0,0.0,BCRX,15m
2026-03-24 12:00:00-04:00,9.664999961853027,9.6850004196167,9.529999732971191,9.5649995803833,337077,0.0,0.0,BCRX,15m
2026-03-24 12:15:00-04:00,9.56779956817627,9.640000343322754,9.54010009765625,9.5649995803833,198830,0.0,0.0,BCRX,15m
2026-03-24 12:30:00-04:00,9.560999870300293,9.600000381469727,9.5,9.524999618530273,153567,0.0,0.0,BCRX,15m
2026-03-24 12:45:00-04:00,9.524999618530273,9.579999923706055,9.520000457763672,9.574999809265137,141864,0.0,0.0,BCRX,15m
2026-03-24 13:00:00-04:00,9.574999809265137,9.640000343322754,9.524999618530273,9.541000366210938,129856,0.0,0.0,BCRX,15m
2026-03-24 13:15:00-04:00,9.545000076293945,9.680000305175781,9.545000076293945,9.654999732971191,163195,0.0,0.0,BCRX,15m
2026-03-24 13:30:00-04:00,9.65999984741211,9.704999923706055,9.65999984741211,9.664999961853027,104703,0.0,0.0,BCRX,15m
2026-03-24 13:45:00-04:00,9.670000076293945,9.71500015258789,9.654999732971191,9.689900398254395,333820,0.0,0.0,BCRX,15m
2026-03-24 14:00:00-04:00,9.6850004196167,9.739899635314941,9.654999732971191,9.654999732971191,329529,0.0,0.0,BCRX,15m
2026-03-24 14:15:00-04:00,9.654999732971191,9.675000190734863,9.59000015258789,9.600000381469727,152498,0.0,0.0,BCRX,15m
2026-03-24 14:30:00-04:00,9.609999656677246,9.625,9.570099830627441,9.604999542236328,102167,0.0,0.0,BCRX,15m
2026-03-24 14:45:00-04:00,9.600000381469727,9.630000114440918,9.58899974822998,9.619999885559082,138470,0.0,0.0,BCRX,15m
2026-03-24 15:00:00-04:00,9.614999771118164,9.680000305175781,9.609999656677246,9.654999732971191,280064,0.0,0.0,BCRX,15m
2026-03-24 15:15:00-04:00,9.654999732971191,9.739999771118164,9.649999618530273,9.694999694824219,493465,0.0,0.0,BCRX,15m
2026-03-24 15:30:00-04:00,9.6899995803833,9.704999923706055,9.625,9.635000228881836,172409,0.0,0.0,BCRX,15m
2026-03-24 15:45:00-04:00,9.635000228881836,9.699999809265137,9.585000038146973,9.675000190734863,1109279,0.0,0.0,BCRX,15m
2026-03-25 09:30:00-04:00,9.899999618530273,10.109999656677246,9.829999923706055,9.949999809265137,899851,0.0,0.0,BCRX,15m
2026-03-25 09:45:00-04:00,9.949999809265137,9.960000038146973,9.820599555969238,9.84000015258789,301329,0.0,0.0,BCRX,15m
2026-03-25 10:00:00-04:00,9.829999923706055,9.84000015258789,9.739999771118164,9.819999694824219,360668,0.0,0.0,BCRX,15m
2026-03-25 10:15:00-04:00,9.819999694824219,9.850000381469727,9.680000305175781,9.6850004196167,291365,0.0,0.0,BCRX,15m
2026-03-25 10:30:00-04:00,9.689200401306152,9.699999809265137,9.539999961853027,9.550000190734863,262047,0.0,0.0,BCRX,15m
2026-03-25 10:45:00-04:00,9.550000190734863,9.600000381469727,9.529999732971191,9.53499984741211,199386,0.0,0.0,BCRX,15m
2026-03-25 11:00:00-04:00,9.53499984741211,9.550000190734863,9.430000305175781,9.4350004196167,371660,0.0,0.0,BCRX,15m
2026-03-25 11:15:00-04:00,9.4399995803833,9.470000267028809,9.260000228881836,9.395000457763672,511178,0.0,0.0,BCRX,15m
2026-03-25 11:30:00-04:00,9.399999618530273,9.404999732971191,9.244999885559082,9.3149995803833,373371,0.0,0.0,BCRX,15m
2026-03-25 11:45:00-04:00,9.3149995803833,9.449999809265137,9.3149995803833,9.420000076293945,390219,0.0,0.0,BCRX,15m
2026-03-25 12:00:00-04:00,9.425000190734863,9.449999809265137,9.34000015258789,9.350000381469727,129431,0.0,0.0,BCRX,15m
2026-03-25 12:15:00-04:00,9.350000381469727,9.426400184631348,9.350000381469727,9.369999885559082,75094,0.0,0.0,BCRX,15m
2026-03-25 12:30:00-04:00,9.364999771118164,9.399999618530273,9.364999771118164,9.399999618530273,70826,0.0,0.0,BCRX,15m
2026-03-25 12:45:00-04:00,9.399999618530273,9.529999732971191,9.369999885559082,9.515000343322754,630412,0.0,0.0,BCRX,15m
2026-03-25 13:00:00-04:00,9.515000343322754,9.579999923706055,9.515000343322754,9.5649995803833,165783,0.0,0.0,BCRX,15m
2026-03-25 13:15:00-04:00,9.5649995803833,9.585000038146973,9.53499984741211,9.569999694824219,98762,0.0,0.0,BCRX,15m
2026-03-25 13:30:00-04:00,9.574999809265137,9.640000343322754,9.569999694824219,9.59000015258789,211113,0.0,0.0,BCRX,15m
2026-03-25 13:45:00-04:00,9.585000038146973,9.614999771118164,9.5649995803833,9.574999809265137,113251,0.0,0.0,BCRX,15m
2026-03-25 14:00:00-04:00,9.574999809265137,9.635000228881836,9.574999809265137,9.619999885559082,119690,0.0,0.0,BCRX,15m
2026-03-25 14:15:00-04:00,9.619999885559082,9.630000114440918,9.50220012664795,9.520000457763672,131552,0.0,0.0,BCRX,15m
2026-03-25 14:30:00-04:00,9.520000457763672,9.520000457763672,9.454999923706055,9.470000267028809,93070,0.0,0.0,BCRX,15m
2026-03-25 14:45:00-04:00,9.46500015258789,9.475000381469727,9.375,9.399999618530273,91438,0.0,0.0,BCRX,15m
2026-03-25 15:00:00-04:00,9.404999732971191,9.444999694824219,9.390000343322754,9.420000076293945,91634,0.0,0.0,BCRX,15m
2026-03-25 15:15:00-04:00,9.420000076293945,9.449999809265137,9.399999618530273,9.404999732971191,151822,0.0,0.0,BCRX,15m
2026-03-25 15:30:00-04:00,9.404999732971191,9.4399995803833,9.3100004196167,9.324999809265137,269883,0.0,0.0,BCRX,15m
2026-03-25 15:45:00-04:00,9.319999694824219,9.420000076293945,9.3100004196167,9.390000343322754,688894,0.0,0.0,BCRX,15m
2026-03-26 09:30:00-04:00,9.1899995803833,9.25,8.890000343322754,9.050000190734863,889941,0.0,0.0,BCRX,15m
2026-03-26 09:45:00-04:00,9.0600004196167,9.300000190734863,9.0600004196167,9.289999961853027,345010,0.0,0.0,BCRX,15m
2026-03-26 10:00:00-04:00,9.289999961853027,9.4399995803833,9.244999885559082,9.430000305175781,244786,0.0,0.0,BCRX,15m
2026-03-26 10:15:00-04:00,9.4350004196167,9.5649995803833,9.425000190734863,9.539999961853027,345437,0.0,0.0,BCRX,15m
2026-03-26 10:30:00-04:00,9.53499984741211,9.635000228881836,9.520000457763672,9.529999732971191,199642,0.0,0.0,BCRX,15m
2026-03-26 10:45:00-04:00,9.539999961853027,9.5600004196167,9.449999809265137,9.529999732971191,158312,0.0,0.0,BCRX,15m
2026-03-26 11:00:00-04:00,9.520000457763672,9.555000305175781,9.489999771118164,9.494999885559082,83711,0.0,0.0,BCRX,15m
2026-03-26 11:15:00-04:00,9.489999771118164,9.574999809265137,9.489999771118164,9.569999694824219,62471,0.0,0.0,BCRX,15m
2026-03-26 11:30:00-04:00,9.574999809265137,9.675000190734863,9.574999809265137,9.649999618530273,142398,0.0,0.0,BCRX,15m
2026-03-26 11:45:00-04:00,9.654999732971191,9.6850004196167,9.5600004196167,9.585000038146973,108552,0.0,0.0,BCRX,15m
2026-03-26 12:00:00-04:00,9.579999923706055,9.630000114440918,9.5649995803833,9.604999542236328,173511,0.0,0.0,BCRX,15m
2026-03-26 12:15:00-04:00,9.604999542236328,9.604999542236328,9.520000457763672,9.550000190734863,127789,0.0,0.0,BCRX,15m
2026-03-26 12:30:00-04:00,9.550000190734863,9.569999694824219,9.524999618530273,9.5649995803833,101834,0.0,0.0,BCRX,15m
2026-03-26 12:45:00-04:00,9.5649995803833,9.600000381469727,9.555000305175781,9.585000038146973,130717,0.0,0.0,BCRX,15m
2026-03-26 13:00:00-04:00,9.585000038146973,9.609999656677246,9.550000190734863,9.555000305175781,157190,0.0,0.0,BCRX,15m
2026-03-26 13:15:00-04:00,9.550100326538086,9.574999809265137,9.53499984741211,9.574999809265137,77744,0.0,0.0,BCRX,15m
2026-03-26 13:30:00-04:00,9.579999923706055,9.609999656677246,9.550000190734863,9.5649995803833,108320,0.0,0.0,BCRX,15m
2026-03-26 13:45:00-04:00,9.569999694824219,9.640000343322754,9.520000457763672,9.630000114440918,357508,0.0,0.0,BCRX,15m
2026-03-26 14:00:00-04:00,9.630000114440918,9.65999984741211,9.609999656677246,9.630000114440918,129894,0.0,0.0,BCRX,15m
2026-03-26 14:15:00-04:00,9.619999885559082,9.635000228881836,9.5600004196167,9.5600004196167,129222,0.0,0.0,BCRX,15m
2026-03-26 14:30:00-04:00,9.5600004196167,9.604999542236328,9.5600004196167,9.585000038146973,145762,0.0,0.0,BCRX,15m
2026-03-26 14:45:00-04:00,9.579999923706055,9.640000343322754,9.555000305175781,9.5649995803833,157365,0.0,0.0,BCRX,15m
2026-03-26 15:00:00-04:00,9.5649995803833,9.579999923706055,9.529999732971191,9.529999732971191,118037,0.0,0.0,BCRX,15m
2026-03-26 15:15:00-04:00,9.524999618530273,9.574999809265137,9.520000457763672,9.574999809265137,152829,0.0,0.0,BCRX,15m
2026-03-26 15:30:00-04:00,9.569999694824219,9.579999923706055,9.5,9.505000114440918,231249,0.0,0.0,BCRX,15m
2026-03-26 15:45:00-04:00,9.510000228881836,9.579999923706055,9.494999885559082,9.5600004196167,807690,0.0,0.0,BCRX,15m
2026-03-27 09:30:00-04:00,9.59000015258789,9.729999542236328,9.479999542236328,9.635000228881836,239483,0.0,0.0,BCRX,15m
2026-03-27 09:45:00-04:00,9.630000114440918,9.720000267028809,9.630000114440918,9.630000114440918,140162,0.0,0.0,BCRX,15m
2026-03-27 10:00:00-04:00,9.630000114440918,9.710000038146973,9.630000114440918,9.649999618530273,136194,0.0,0.0,BCRX,15m
2026-03-27 10:15:00-04:00,9.640000343322754,9.640000343322754,9.59000015258789,9.59000015258789,89588,0.0,0.0,BCRX,15m
2026-03-27 10:30:00-04:00,9.595000267028809,9.600000381469727,9.524999618530273,9.550000190734863,68866,0.0,0.0,BCRX,15m
2026-03-27 10:45:00-04:00,9.550000190734863,9.604999542236328,9.529999732971191,9.573200225830078,103157,0.0,0.0,BCRX,15m
2026-03-27 11:00:00-04:00,9.579999923706055,9.609999656677246,9.574999809265137,9.574999809265137,59108,0.0,0.0,BCRX,15m
2026-03-27 11:15:00-04:00,9.570099830627441,9.640000343322754,9.570099830627441,9.600000381469727,95637,0.0,0.0,BCRX,15m
2026-03-27 11:30:00-04:00,9.600199699401855,9.640000343322754,9.595000267028809,9.600000381469727,68473,0.0,0.0,BCRX,15m
2026-03-27 11:45:00-04:00,9.595000267028809,9.619999885559082,9.5600004196167,9.579999923706055,45783,0.0,0.0,BCRX,15m
2026-03-27 12:00:00-04:00,9.574999809265137,9.574999809265137,9.5,9.539999961853027,105445,0.0,0.0,BCRX,15m
2026-03-27 12:15:00-04:00,9.53499984741211,9.550000190734863,9.47070026397705,9.47070026397705,112824,0.0,0.0,BCRX,15m
2026-03-27 12:30:00-04:00,9.47249984741211,9.5,9.449999809265137,9.470100402832031,94653,0.0,0.0,BCRX,15m
2026-03-27 12:45:00-04:00,9.470000267028809,9.515000343322754,9.470000267028809,9.475000381469727,57659,0.0,0.0,BCRX,15m
2026-03-27 13:00:00-04:00,9.470000267028809,9.510000228881836,9.470000267028809,9.479999542236328,81049,0.0,0.0,BCRX,15m
2026-03-27 13:15:00-04:00,9.479999542236328,9.489999771118164,9.454999923706055,9.460000038146973,63223,0.0,0.0,BCRX,15m
2026-03-27 13:30:00-04:00,9.460000038146973,9.515000343322754,9.444999694824219,9.484999656677246,104483,0.0,0.0,BCRX,15m
2026-03-27 13:45:00-04:00,9.484999656677246,9.5,9.470499992370605,9.489999771118164,64709,0.0,0.0,BCRX,15m
2026-03-27 14:00:00-04:00,9.479999542236328,9.485099792480469,9.425000190734863,9.4350004196167,89136,0.0,0.0,BCRX,15m
2026-03-27 14:15:00-04:00,9.4350004196167,9.454999923706055,9.40999984741211,9.449999809265137,115370,0.0,0.0,BCRX,15m
2026-03-27 14:30:00-04:00,9.454999923706055,9.470000267028809,9.432499885559082,9.449999809265137,85124,0.0,0.0,BCRX,15m
2026-03-27 14:45:00-04:00,9.444999694824219,9.470000267028809,9.444999694824219,9.444999694824219,78555,0.0,0.0,BCRX,15m
2026-03-27 15:00:00-04:00,9.449999809265137,9.449999809265137,9.40999984741211,9.425000190734863,236299,0.0,0.0,BCRX,15m
2026-03-27 15:15:00-04:00,9.420000076293945,9.475000381469727,9.414999961853027,9.41670036315918,240823,0.0,0.0,BCRX,15m
2026-03-27 15:30:00-04:00,9.414999961853027,9.420000076293945,9.345000267028809,9.385000228881836,219580,0.0,0.0,BCRX,15m
2026-03-27 15:45:00-04:00,9.385000228881836,9.414999961853027,9.329999923706055,9.329999923706055,905879,0.0,0.0,BCRX,15m
2026-03-30 09:30:00-04:00,9.279999732971191,9.454999923706055,9.170000076293945,9.40429973602295,174406,0.0,0.0,BCRX,15m
2026-03-30 09:45:00-04:00,9.420000076293945,9.484999656677246,9.399999618530273,9.40999984741211,57202,0.0,0.0,BCRX,15m
2026-03-30 10:00:00-04:00,9.430000305175781,9.479999542236328,9.420000076293945,9.452799797058105,83557,0.0,0.0,BCRX,15m
2026-03-30 10:15:00-04:00,9.454999923706055,9.515000343322754,9.440099716186523,9.505000114440918,82193,0.0,0.0,BCRX,15m
2026-03-30 10:30:00-04:00,9.505000114440918,9.510000228881836,9.470000267028809,9.489999771118164,82695,0.0,0.0,BCRX,15m
2026-03-30 10:45:00-04:00,9.479999542236328,9.484999656677246,9.414999961853027,9.4350004196167,80955,0.0,0.0,BCRX,15m
2026-03-30 11:00:00-04:00,9.4350004196167,9.459199905395508,9.40999984741211,9.414999961853027,44871,0.0,0.0,BCRX,15m
2026-03-30 11:15:00-04:00,9.425000190734863,9.460000038146973,9.399999618530273,9.45989990234375,68741,0.0,0.0,BCRX,15m
2026-03-30 11:30:00-04:00,9.460000038146973,9.505000114440918,9.460000038146973,9.494999885559082,42252,0.0,0.0,BCRX,15m
2026-03-30 11:45:00-04:00,9.494999885559082,9.520000457763672,9.494999885559082,9.505000114440918,42562,0.0,0.0,BCRX,15m
2026-03-30 12:00:00-04:00,9.489999771118164,9.489999771118164,9.454999923706055,9.46500015258789,51329,0.0,0.0,BCRX,15m
2026-03-30 12:15:00-04:00,9.468000411987305,9.510000228881836,9.467499732971191,9.470000267028809,59488,0.0,0.0,BCRX,15m
2026-03-30 12:30:00-04:00,9.46500015258789,9.479999542236328,9.460000038146973,9.475000381469727,23512,0.0,0.0,BCRX,15m
2026-03-30 12:45:00-04:00,9.475000381469727,9.484999656677246,9.460000038146973,9.46500015258789,32507,0.0,0.0,BCRX,15m
2026-03-30 13:00:00-04:00,9.46500015258789,9.470000267028809,9.4399995803833,9.449999809265137,28402,0.0,0.0,BCRX,15m
2026-03-30 13:15:00-04:00,9.449999809265137,9.460000038146973,9.430000305175781,9.444999694824219,31614,0.0,0.0,BCRX,15m
2026-03-30 13:30:00-04:00,9.449999809265137,9.475000381469727,9.430000305175781,9.449999809265137,52228,0.0,0.0,BCRX,15m
2026-03-30 13:45:00-04:00,9.444999694824219,9.46500015258789,9.412799835205078,9.420000076293945,39061,0.0,0.0,BCRX,15m
2026-03-30 14:00:00-04:00,9.429900169372559,9.475000381469727,9.425000190734863,9.475000381469727,33077,0.0,0.0,BCRX,15m
2026-03-30 14:15:00-04:00,9.475000381469727,9.479999542236328,9.444999694824219,9.444999694824219,69249,0.0,0.0,BCRX,15m
2026-03-30 14:30:00-04:00,9.449999809265137,9.479999542236328,9.444999694824219,9.452199935913086,51037,0.0,0.0,BCRX,15m
2026-03-30 14:45:00-04:00,9.458499908447266,9.458499908447266,9.420000076293945,9.4350004196167,63286,0.0,0.0,BCRX,15m
2026-03-30 15:00:00-04:00,9.432700157165527,9.449999809265137,9.390000343322754,9.395000457763672,99356,0.0,0.0,BCRX,15m
2026-03-30 15:15:00-04:00,9.395500183105469,9.420000076293945,9.385000228881836,9.414999961853027,63648,0.0,0.0,BCRX,15m
2026-03-30 15:30:00-04:00,9.414999961853027,9.444999694824219,9.399999618530273,9.4350004196167,102061,0.0,0.0,BCRX,15m
2026-03-30 15:45:00-04:00,9.4399995803833,9.484999656677246,9.40999984741211,9.470000267028809,455734,0.0,0.0,BCRX,15m
2026-03-31 09:30:00-04:00,9.569999694824219,9.687000274658203,9.300000190734863,9.489999771118164,222105,0.0,0.0,BCRX,15m
2026-03-31 09:45:00-04:00,9.479999542236328,9.609999656677246,9.449999809265137,9.569999694824219,122884,0.0,0.0,BCRX,15m
2026-03-31 10:00:00-04:00,9.5649995803833,9.654999732971191,9.5600004196167,9.5600004196167,189021,0.0,0.0,BCRX,15m
2026-03-31 10:15:00-04:00,9.5600004196167,9.59000015258789,9.489999771118164,9.539999961853027,104690,0.0,0.0,BCRX,15m
2026-03-31 10:30:00-04:00,9.545000076293945,9.5649995803833,9.470000267028809,9.479999542236328,108790,0.0,0.0,BCRX,15m
2026-03-31 10:45:00-04:00,9.479999542236328,9.489999771118164,9.395000457763672,9.425000190734863,114356,0.0,0.0,BCRX,15m
2026-03-31 11:00:00-04:00,9.425000190734863,9.579999923706055,9.425000190734863,9.579999923706055,110686,0.0,0.0,BCRX,15m
2026-03-31 11:15:00-04:00,9.579999923706055,9.625,9.547100067138672,9.59000015258789,262508,0.0,0.0,BCRX,15m
2026-03-31 11:30:00-04:00,9.579999923706055,9.579999923706055,9.479999542236328,9.5,73126,0.0,0.0,BCRX,15m
2026-03-31 11:45:00-04:00,9.5,9.520000457763672,9.484999656677246,9.489999771118164,62714,0.0,0.0,BCRX,15m
2026-03-31 12:00:00-04:00,9.489999771118164,9.53499984741211,9.489999771118164,9.510000228881836,82380,0.0,0.0,BCRX,15m
2026-03-31 12:15:00-04:00,9.510000228881836,9.555000305175781,9.505000114440918,9.529999732971191,52122,0.0,0.0,BCRX,15m
2026-03-31 12:30:00-04:00,9.524999618530273,9.574999809265137,9.510000228881836,9.550000190734863,141520,0.0,0.0,BCRX,15m
2026-03-31 12:45:00-04:00,9.545000076293945,9.640000343322754,9.539999961853027,9.600000381469727,186944,0.0,0.0,BCRX,15m
2026-03-31 13:00:00-04:00,9.600000381469727,9.619999885559082,9.585000038146973,9.595000267028809,76535,0.0,0.0,BCRX,15m
2026-03-31 13:15:00-04:00,9.600000381469727,9.625,9.5600004196167,9.5600004196167,176930,0.0,0.0,BCRX,15m
2026-03-31 13:30:00-04:00,9.569999694824219,9.579999923706055,9.475000381469727,9.510000228881836,172954,0.0,0.0,BCRX,15m
2026-03-31 13:45:00-04:00,9.515000343322754,9.555000305175781,9.505000114440918,9.520000457763672,113838,0.0,0.0,BCRX,15m
2026-03-31 14:00:00-04:00,9.524999618530273,9.529999732971191,9.4399995803833,9.470000267028809,422037,0.0,0.0,BCRX,15m
2026-03-31 14:15:00-04:00,9.460000038146973,9.489999771118164,9.411800384521484,9.484999656677246,150956,0.0,0.0,BCRX,15m
2026-03-31 14:30:00-04:00,9.484999656677246,9.515000343322754,9.475000381469727,9.505000114440918,100275,0.0,0.0,BCRX,15m
2026-03-31 14:45:00-04:00,9.510000228881836,9.595499992370605,9.510000228881836,9.59000015258789,185181,0.0,0.0,BCRX,15m
2026-03-31 15:00:00-04:00,9.59000015258789,9.604999542236328,9.524999618530273,9.53499984741211,403586,0.0,0.0,BCRX,15m
2026-03-31 15:15:00-04:00,9.53499984741211,9.550000190734863,9.489999771118164,9.545000076293945,175143,0.0,0.0,BCRX,15m
2026-03-31 15:30:00-04:00,9.545000076293945,9.595000267028809,9.529999732971191,9.5649995803833,256835,0.0,0.0,BCRX,15m
2026-03-31 15:45:00-04:00,9.569999694824219,9.574999809265137,9.505000114440918,9.529999732971191,562678,0.0,0.0,BCRX,15m
2026-04-01 09:30:00-04:00,9.539999961853027,9.65999984741211,9.510000228881836,9.585000038146973,281701,0.0,0.0,BCRX,15m
2026-04-01 09:45:00-04:00,9.5649995803833,9.595000267028809,9.505000114440918,9.574999809265137,101118,0.0,0.0,BCRX,15m
2026-04-01 10:00:00-04:00,9.569999694824219,9.59000015258789,9.444999694824219,9.454999923706055,142637,0.0,0.0,BCRX,15m
2026-04-01 10:15:00-04:00,9.449999809265137,9.5600004196167,9.449999809265137,9.520000457763672,108619,0.0,0.0,BCRX,15m
2026-04-01 10:30:00-04:00,9.520000457763672,9.550000190734863,9.5,9.505000114440918,81519,0.0,0.0,BCRX,15m
2026-04-01 10:45:00-04:00,9.5,9.505000114440918,9.390000343322754,9.4399995803833,344977,0.0,0.0,BCRX,15m
2026-04-01 11:00:00-04:00,9.4399995803833,9.460000038146973,9.420000076293945,9.420000076293945,76476,0.0,0.0,BCRX,15m
2026-04-01 11:15:00-04:00,9.430000305175781,9.444999694824219,9.40999984741211,9.4350004196167,73200,0.0,0.0,BCRX,15m
2026-04-01 11:30:00-04:00,9.430000305175781,9.470000267028809,9.414999961853027,9.4350004196167,63870,0.0,0.0,BCRX,15m
2026-04-01 11:45:00-04:00,9.430000305175781,9.454999923706055,9.40999984741211,9.414999961853027,87971,0.0,0.0,BCRX,15m
2026-04-01 12:00:00-04:00,9.414999961853027,9.4399995803833,9.390000343322754,9.390000343322754,84422,0.0,0.0,BCRX,15m
2026-04-01 12:15:00-04:00,9.390000343322754,9.470000267028809,9.390000343322754,9.4350004196167,91937,0.0,0.0,BCRX,15m
2026-04-01 12:30:00-04:00,9.4350004196167,9.475000381469727,9.430000305175781,9.475000381469727,64388,0.0,0.0,BCRX,15m
2026-04-01 12:45:00-04:00,9.476099967956543,9.476099967956543,9.449999809265137,9.454999923706055,53203,0.0,0.0,BCRX,15m
2026-04-01 13:00:00-04:00,9.454999923706055,9.479999542236328,9.425000190734863,9.425000190734863,79926,0.0,0.0,BCRX,15m
2026-04-01 13:15:00-04:00,9.429100036621094,9.444999694824219,9.425000190734863,9.428000450134277,58020,0.0,0.0,BCRX,15m
2026-04-01 13:30:00-04:00,9.4399995803833,9.449999809265137,9.369999885559082,9.375,86842,0.0,0.0,BCRX,15m
2026-04-01 13:45:00-04:00,9.369999885559082,9.375,9.3100004196167,9.335000038146973,120012,0.0,0.0,BCRX,15m
2026-04-01 14:00:00-04:00,9.329999923706055,9.34000015258789,9.289999961853027,9.305000305175781,95369,0.0,0.0,BCRX,15m
2026-04-01 14:15:00-04:00,9.300000190734863,9.319999694824219,9.274999618530273,9.28499984741211,94699,0.0,0.0,BCRX,15m
2026-04-01 14:30:00-04:00,9.289999961853027,9.3149995803833,9.270000457763672,9.295000076293945,63957,0.0,0.0,BCRX,15m
2026-04-01 14:45:00-04:00,9.295000076293945,9.319999694824219,9.279999732971191,9.305000305175781,79990,0.0,0.0,BCRX,15m
2026-04-01 15:00:00-04:00,9.305000305175781,9.324999809265137,9.300100326538086,9.3149995803833,66804,0.0,0.0,BCRX,15m
2026-04-01 15:15:00-04:00,9.319999694824219,9.359999656677246,9.3149995803833,9.345000267028809,93495,0.0,0.0,BCRX,15m
2026-04-01 15:30:00-04:00,9.350000381469727,9.484999656677246,9.3149995803833,9.4350004196167,279142,0.0,0.0,BCRX,15m
2026-04-01 15:45:00-04:00,9.4350004196167,9.444999694824219,9.369999885559082,9.375,572621,0.0,0.0,BCRX,15m
2026-04-02 09:30:00-04:00,9.3100004196167,9.350000381469727,9.220000267028809,9.3100004196167,275879,0.0,0.0,BCRX,15m
2026-04-02 09:45:00-04:00,9.3149995803833,9.348999977111816,9.229999542236328,9.249099731445312,111632,0.0,0.0,BCRX,15m
2026-04-02 10:00:00-04:00,9.239999771118164,9.25,9.170000076293945,9.180000305175781,119458,0.0,0.0,BCRX,15m
2026-04-02 10:15:00-04:00,9.175000190734863,9.1850004196167,9.135000228881836,9.15999984741211,115339,0.0,0.0,BCRX,15m
2026-04-02 10:30:00-04:00,9.15999984741211,9.220199584960938,9.100000381469727,9.1850004196167,1353480,0.0,0.0,BCRX,15m
2026-04-02 10:45:00-04:00,9.1850004196167,9.1850004196167,9.039999961853027,9.09000015258789,680660,0.0,0.0,BCRX,15m
2026-04-02 11:00:00-04:00,9.087800025939941,9.158599853515625,9.015000343322754,9.114999771118164,1510994,0.0,0.0,BCRX,15m
2026-04-02 11:15:00-04:00,9.114999771118164,9.15999984741211,9.095000267028809,9.15999984741211,117664,0.0,0.0,BCRX,15m
2026-04-02 11:30:00-04:00,9.15880012512207,9.175000190734863,9.125,9.145000457763672,82513,0.0,0.0,BCRX,15m
2026-04-02 11:45:00-04:00,9.149999618530273,9.170000076293945,9.130999565124512,9.145000457763672,87155,0.0,0.0,BCRX,15m
2026-04-02 12:00:00-04:00,9.149999618530273,9.149999618530273,9.03499984741211,9.0600004196167,77046,0.0,0.0,BCRX,15m
2026-04-02 12:15:00-04:00,9.055000305175781,9.069999694824219,9.020000457763672,9.038599967956543,123688,0.0,0.0,BCRX,15m
2026-04-02 12:30:00-04:00,9.039999961853027,9.069999694824219,9.024999618530273,9.031000137329102,91731,0.0,0.0,BCRX,15m
2026-04-02 12:45:00-04:00,9.03499984741211,9.039999961853027,8.975000381469727,8.979999542236328,399956,0.0,0.0,BCRX,15m
2026-04-02 13:00:00-04:00,8.989899635314941,8.994999885559082,8.9350004196167,8.954999923706055,499501,0.0,0.0,BCRX,15m
2026-04-02 13:15:00-04:00,8.954999923706055,8.960000038146973,8.925000190734863,8.925000190734863,135581,0.0,0.0,BCRX,15m
2026-04-02 13:30:00-04:00,8.92080020904541,8.99590015411377,8.920700073242188,8.989999771118164,139952,0.0,0.0,BCRX,15m
2026-04-02 13:45:00-04:00,8.984000205993652,9.010000228881836,8.979999542236328,8.994999885559082,74036,0.0,0.0,BCRX,15m
2026-04-02 14:00:00-04:00,9.0,9.149999618530273,9.0,9.125,150199,0.0,0.0,BCRX,15m
2026-04-02 14:15:00-04:00,9.125,9.130000114440918,9.053000450134277,9.053000450134277,111734,0.0,0.0,BCRX,15m
2026-04-02 14:30:00-04:00,9.059700012207031,9.09000015258789,9.045000076293945,9.09000015258789,79550,0.0,0.0,BCRX,15m
2026-04-02 14:45:00-04:00,9.085000038146973,9.09000015258789,9.045000076293945,9.055000305175781,64653,0.0,0.0,BCRX,15m
2026-04-02 15:00:00-04:00,9.055000305175781,9.095000267028809,9.050000190734863,9.076899528503418,78854,0.0,0.0,BCRX,15m
2026-04-02 15:15:00-04:00,9.079999923706055,9.100000381469727,9.055000305175781,9.0649995803833,83373,0.0,0.0,BCRX,15m
2026-04-02 15:30:00-04:00,9.069999694824219,9.100000381469727,9.055000305175781,9.055000305175781,105371,0.0,0.0,BCRX,15m
2026-04-02 15:45:00-04:00,9.05270004272461,9.085000038146973,9.010000228881836,9.024999618530273,566566,0.0,0.0,BCRX,15m
2026-04-06 09:30:00-04:00,8.979999542236328,9.25,8.979999542236328,9.199999809265137,210657,0.0,0.0,BCRX,15m
2026-04-06 09:45:00-04:00,9.199999809265137,9.265000343322754,9.1899995803833,9.239999771118164,97685,0.0,0.0,BCRX,15m
2026-04-06 10:00:00-04:00,9.234999656677246,9.270000457763672,9.164999961853027,9.270000457763672,66494,0.0,0.0,BCRX,15m
2026-04-06 10:15:00-04:00,9.270700454711914,9.329999923706055,9.270000457763672,9.300000190734863,53483,0.0,0.0,BCRX,15m
2026-04-06 10:30:00-04:00,9.305000305175781,9.4350004196167,9.305000305175781,9.4350004196167,119024,0.0,0.0,BCRX,15m
2026-04-06 10:45:00-04:00,9.439599990844727,9.45009994506836,9.414999961853027,9.4399995803833,66616,0.0,0.0,BCRX,15m
2026-04-06 11:00:00-04:00,9.4399995803833,9.5,9.4399995803833,9.494999885559082,121589,0.0,0.0,BCRX,15m
2026-04-06 11:15:00-04:00,9.489999771118164,9.515000343322754,9.444999694824219,9.505000114440918,154410,0.0,0.0,BCRX,15m
2026-04-06 11:30:00-04:00,9.510000228881836,9.585000038146973,9.510000228881836,9.585000038146973,110392,0.0,0.0,BCRX,15m
2026-04-06 11:45:00-04:00,9.585000038146973,9.614999771118164,9.539999961853027,9.574999809265137,270427,0.0,0.0,BCRX,15m
2026-04-06 12:00:00-04:00,9.579999923706055,9.675000190734863,9.579999923706055,9.609999656677246,185365,0.0,0.0,BCRX,15m
2026-04-06 12:15:00-04:00,9.600000381469727,9.625,9.545000076293945,9.579999923706055,146322,0.0,0.0,BCRX,15m
2026-04-06 12:30:00-04:00,9.585000038146973,9.609999656677246,9.579999923706055,9.595000267028809,76984,0.0,0.0,BCRX,15m
2026-04-06 12:45:00-04:00,9.595000267028809,9.604999542236328,9.555000305175781,9.5649995803833,61018,0.0,0.0,BCRX,15m
2026-04-06 13:00:00-04:00,9.5649995803833,9.569999694824219,9.515000343322754,9.515000343322754,70979,0.0,0.0,BCRX,15m
2026-04-06 13:15:00-04:00,9.520000457763672,9.529999732971191,9.489999771118164,9.510000228881836,108932,0.0,0.0,BCRX,15m
2026-04-06 13:30:00-04:00,9.510000228881836,9.510000228881836,9.47070026397705,9.479999542236328,52949,0.0,0.0,BCRX,15m
2026-04-06 13:45:00-04:00,9.484999656677246,9.506799697875977,9.470000267028809,9.494999885559082,104801,0.0,0.0,BCRX,15m
2026-04-06 14:00:00-04:00,9.5,9.550000190734863,9.475000381469727,9.5,104219,0.0,0.0,BCRX,15m
2026-04-06 14:15:00-04:00,9.505000114440918,9.529999732971191,9.500100135803223,9.529999732971191,39882,0.0,0.0,BCRX,15m
2026-04-06 14:30:00-04:00,9.520000457763672,9.520000457763672,9.484999656677246,9.494999885559082,37203,0.0,0.0,BCRX,15m
2026-04-06 14:45:00-04:00,9.489999771118164,9.5,9.460000038146973,9.468799591064453,44355,0.0,0.0,BCRX,15m
2026-04-06 15:00:00-04:00,9.470000267028809,9.479999542236328,9.430000305175781,9.460000038146973,89712,0.0,0.0,BCRX,15m
2026-04-06 15:15:00-04:00,9.454999923706055,9.470000267028809,9.4399995803833,9.460000038146973,86140,0.0,0.0,BCRX,15m
2026-04-06 15:30:00-04:00,9.454999923706055,9.550000190734863,9.454999923706055,9.545000076293945,132037,0.0,0.0,BCRX,15m
2026-04-06 15:45:00-04:00,9.545000076293945,9.5649995803833,9.460000038146973,9.475000381469727,417212,0.0,0.0,BCRX,15m
2026-04-07 09:30:00-04:00,9.420000076293945,9.420000076293945,9.149999618530273,9.289999961853027,234209,0.0,0.0,BCRX,15m
2026-04-07 09:45:00-04:00,9.279999732971191,9.319899559020996,9.260000228881836,9.295000076293945,74153,0.0,0.0,BCRX,15m
2026-04-07 10:00:00-04:00,9.295000076293945,9.354999542236328,9.260000228881836,9.295000076293945,179772,0.0,0.0,BCRX,15m
2026-04-07 10:15:00-04:00,9.300000190734863,9.38010025024414,9.270000457763672,9.375,98763,0.0,0.0,BCRX,15m
2026-04-07 10:30:00-04:00,9.375,9.380000114440918,9.350000381469727,9.354999542236328,70995,0.0,0.0,BCRX,15m
2026-04-07 10:45:00-04:00,9.350000381469727,9.390000343322754,9.34000015258789,9.375,80849,0.0,0.0,BCRX,15m
2026-04-07 11:00:00-04:00,9.369999885559082,9.399999618530273,9.350000381469727,9.375,36534,0.0,0.0,BCRX,15m
2026-04-07 11:15:00-04:00,9.369999885559082,9.390000343322754,9.369999885559082,9.385000228881836,45610,0.0,0.0,BCRX,15m
2026-04-07 11:30:00-04:00,9.385000228881836,9.40999984741211,9.369999885559082,9.375,25057,0.0,0.0,BCRX,15m
2026-04-07 11:45:00-04:00,9.375,9.385000228881836,9.350000381469727,9.369999885559082,44380,0.0,0.0,BCRX,15m
2026-04-07 12:00:00-04:00,9.369999885559082,9.414999961853027,9.369999885559082,9.395000457763672,115833,0.0,0.0,BCRX,15m
2026-04-07 12:15:00-04:00,9.395000457763672,9.395500183105469,9.369999885559082,9.385000228881836,37312,0.0,0.0,BCRX,15m
2026-04-07 12:30:00-04:00,9.380000114440918,9.40999984741211,9.380000114440918,9.40999984741211,32428,0.0,0.0,BCRX,15m
2026-04-07 12:45:00-04:00,9.420000076293945,9.444999694824219,9.420000076293945,9.425000190734863,29139,0.0,0.0,BCRX,15m
2026-04-07 13:00:00-04:00,9.425000190734863,9.449999809265137,9.425000190734863,9.449999809265137,22247,0.0,0.0,BCRX,15m
2026-04-07 13:15:00-04:00,9.444999694824219,9.470000267028809,9.4399995803833,9.460000038146973,41535,0.0,0.0,BCRX,15m
2026-04-07 13:30:00-04:00,9.464099884033203,9.550000190734863,9.464099884033203,9.545000076293945,50521,0.0,0.0,BCRX,15m
2026-04-07 13:45:00-04:00,9.545000076293945,9.5600004196167,9.524999618530273,9.53499984741211,118700,0.0,0.0,BCRX,15m
2026-04-07 14:00:00-04:00,9.53499984741211,9.579999923706055,9.524999618530273,9.579999923706055,87011,0.0,0.0,BCRX,15m
2026-04-07 14:15:00-04:00,9.585000038146973,9.59000015258789,9.569999694824219,9.585000038146973,21696,0.0,0.0,BCRX,15m
2026-04-07 14:30:00-04:00,9.580100059509277,9.595000267028809,9.570099830627441,9.585000038146973,60540,0.0,0.0,BCRX,15m
2026-04-07 14:45:00-04:00,9.579999923706055,9.600000381469727,9.550000190734863,9.569999694824219,74545,0.0,0.0,BCRX,15m
2026-04-07 15:00:00-04:00,9.569999694824219,9.569999694824219,9.520000457763672,9.53499984741211,33380,0.0,0.0,BCRX,15m
2026-04-07 15:15:00-04:00,9.532899856567383,9.59000015258789,9.529999732971191,9.545000076293945,77363,0.0,0.0,BCRX,15m
2026-04-07 15:30:00-04:00,9.545000076293945,9.550000190734863,9.505000114440918,9.520000457763672,66068,0.0,0.0,BCRX,15m
2026-04-07 15:45:00-04:00,9.524999618530273,9.614999771118164,9.524999618530273,9.595000267028809,485800,0.0,0.0,BCRX,15m
2026-04-08 09:30:00-04:00,9.649999618530273,9.885000228881836,9.640000343322754,9.729999542236328,360071,0.0,0.0,BCRX,15m
2026-04-08 09:45:00-04:00,9.710000038146973,9.770000457763672,9.6850004196167,9.699999809265137,212019,0.0,0.0,BCRX,15m
2026-04-08 10:00:00-04:00,9.694999694824219,9.8100004196167,9.680000305175781,9.755000114440918,391268,0.0,0.0,BCRX,15m
2026-04-08 10:15:00-04:00,9.755000114440918,9.770000457763672,9.734999656677246,9.755000114440918,220233,0.0,0.0,BCRX,15m
2026-04-08 10:30:00-04:00,9.760000228881836,9.779999732971191,9.720000267028809,9.755000114440918,178906,0.0,0.0,BCRX,15m
2026-04-08 10:45:00-04:00,9.760000228881836,9.8100004196167,9.710000038146973,9.805000305175781,155991,0.0,0.0,BCRX,15m
2026-04-08 11:00:00-04:00,9.8100004196167,9.859999656677246,9.779999732971191,9.859999656677246,86263,0.0,0.0,BCRX,15m
2026-04-08 11:15:00-04:00,9.859999656677246,9.920000076293945,9.789999961853027,9.800000190734863,175556,0.0,0.0,BCRX,15m
2026-04-08 11:30:00-04:00,9.789999961853027,9.819999694824219,9.75,9.753499984741211,56148,0.0,0.0,BCRX,15m
2026-04-08 11:45:00-04:00,9.760000228881836,9.819999694824219,9.755000114440918,9.800000190734863,168825,0.0,0.0,BCRX,15m
2026-04-08 12:00:00-04:00,9.800000190734863,9.850000381469727,9.800000190734863,9.805000305175781,99914,0.0,0.0,BCRX,15m
2026-04-08 12:15:00-04:00,9.805000305175781,9.8149995803833,9.789999961853027,9.805000305175781,41433,0.0,0.0,BCRX,15m
2026-04-08 12:30:00-04:00,9.800000190734863,9.824999809265137,9.770000457763672,9.819999694824219,142324,0.0,0.0,BCRX,15m
2026-04-08 12:45:00-04:00,9.8100004196167,9.845000267028809,9.779999732971191,9.800000190734863,282284,0.0,0.0,BCRX,15m
2026-04-08 13:00:00-04:00,9.804499626159668,9.845000267028809,9.804499626159668,9.829999923706055,48409,0.0,0.0,BCRX,15m
2026-04-08 13:15:00-04:00,9.835000038146973,9.837200164794922,9.805000305175781,9.835000038146973,48653,0.0,0.0,BCRX,15m
2026-04-08 13:30:00-04:00,9.84000015258789,9.859999656677246,9.835000038146973,9.854999542236328,44354,0.0,0.0,BCRX,15m
2026-04-08 13:45:00-04:00,9.859999656677246,9.859999656677246,9.835000038146973,9.859999656677246,53127,0.0,0.0,BCRX,15m
2026-04-08 14:00:00-04:00,9.854999542236328,9.90999984741211,9.765000343322754,9.765000343322754,228536,0.0,0.0,BCRX,15m
2026-04-08 14:15:00-04:00,9.765000343322754,9.795000076293945,9.75,9.779999732971191,186298,0.0,0.0,BCRX,15m
2026-04-08 14:30:00-04:00,9.779999732971191,9.78499984741211,9.725000381469727,9.729999542236328,132312,0.0,0.0,BCRX,15m
2026-04-08 14:45:00-04:00,9.734999656677246,9.760000228881836,9.734999656677246,9.760000228881836,47552,0.0,0.0,BCRX,15m
2026-04-08 15:00:00-04:00,9.755000114440918,9.760000228881836,9.744999885559082,9.75,90170,0.0,0.0,BCRX,15m
2026-04-08 15:15:00-04:00,9.75,9.770000457763672,9.739999771118164,9.755000114440918,84332,0.0,0.0,BCRX,15m
2026-04-08 15:30:00-04:00,9.755000114440918,9.819999694824219,9.755000114440918,9.8100004196167,165641,0.0,0.0,BCRX,15m
2026-04-08 15:45:00-04:00,9.805000305175781,9.829999923706055,9.75,9.789999961853027,650970,0.0,0.0,BCRX,15m
2026-04-09 09:30:00-04:00,9.710000038146973,9.786299705505371,9.710000038146973,9.75,206505,0.0,0.0,BCRX,15m
2026-04-09 09:45:00-04:00,9.760000228881836,9.880000114440918,9.75,9.824999809265137,295696,0.0,0.0,BCRX,15m
2026-04-09 10:00:00-04:00,9.819999694824219,9.890000343322754,9.8149995803833,9.819999694824219,150692,0.0,0.0,BCRX,15m
2026-04-09 10:15:00-04:00,9.819999694824219,9.829999923706055,9.789999961853027,9.8100004196167,41730,0.0,0.0,BCRX,15m
2026-04-09 10:30:00-04:00,9.800000190734863,9.829999923706055,9.78499984741211,9.8100004196167,98602,0.0,0.0,BCRX,15m
2026-04-09 10:45:00-04:00,9.805000305175781,9.805000305175781,9.789999961853027,9.800000190734863,37633,0.0,0.0,BCRX,15m
2026-04-09 11:00:00-04:00,9.800000190734863,9.829999923706055,9.800000190734863,9.8149995803833,45499,0.0,0.0,BCRX,15m
2026-04-09 11:15:00-04:00,9.819999694824219,9.854999542236328,9.819999694824219,9.829999923706055,64073,0.0,0.0,BCRX,15m
2026-04-09 11:30:00-04:00,9.829999923706055,9.875,9.824999809265137,9.864999771118164,65636,0.0,0.0,BCRX,15m
2026-04-09 11:45:00-04:00,9.859999656677246,9.944999694824219,9.859999656677246,9.869999885559082,289813,0.0,0.0,BCRX,15m
2026-04-09 12:00:00-04:00,9.869999885559082,9.880000114440918,9.845000267028809,9.854999542236328,92381,0.0,0.0,BCRX,15m
2026-04-09 12:15:00-04:00,9.854999542236328,9.899999618530273,9.84000015258789,9.895000457763672,67092,0.0,0.0,BCRX,15m
2026-04-09 12:30:00-04:00,9.895000457763672,9.979999542236328,9.869999885559082,9.899999618530273,325336,0.0,0.0,BCRX,15m
2026-04-09 12:45:00-04:00,9.895000457763672,9.925000190734863,9.880000114440918,9.880000114440918,516920,0.0,0.0,BCRX,15m
2026-04-09 13:00:00-04:00,9.875,9.890000343322754,9.859999656677246,9.880000114440918,47184,0.0,0.0,BCRX,15m
2026-04-09 13:15:00-04:00,9.880000114440918,9.880000114440918,9.829999923706055,9.845000267028809,72183,0.0,0.0,BCRX,15m
2026-04-09 13:30:00-04:00,9.850000381469727,9.850000381469727,9.8149995803833,9.829999923706055,53890,0.0,0.0,BCRX,15m
2026-04-09 13:45:00-04:00,9.835000038146973,9.835000038146973,9.8149995803833,9.8149995803833,31785,0.0,0.0,BCRX,15m
2026-04-09 14:00:00-04:00,9.819999694824219,9.819999694824219,9.760000228881836,9.789999961853027,74606,0.0,0.0,BCRX,15m
2026-04-09 14:15:00-04:00,9.779999732971191,9.800000190734863,9.734999656677246,9.744999885559082,82440,0.0,0.0,BCRX,15m
2026-04-09 14:30:00-04:00,9.739999771118164,9.795000076293945,9.734999656677246,9.774999618530273,79782,0.0,0.0,BCRX,15m
2026-04-09 14:45:00-04:00,9.779999732971191,9.779999732971191,9.755000114440918,9.765000343322754,26646,0.0,0.0,BCRX,15m
2026-04-09 15:00:00-04:00,9.770000457763672,9.78499984741211,9.760000228881836,9.779999732971191,49991,0.0,0.0,BCRX,15m
2026-04-09 15:15:00-04:00,9.779999732971191,9.800000190734863,9.770000457763672,9.789999961853027,44290,0.0,0.0,BCRX,15m
2026-04-09 15:30:00-04:00,9.789999961853027,9.854999542236328,9.770000457763672,9.835000038146973,203007,0.0,0.0,BCRX,15m
2026-04-09 15:45:00-04:00,9.835000038146973,9.90999984741211,9.823399543762207,9.890000343322754,611662,0.0,0.0,BCRX,15m
2026-04-10 09:30:00-04:00,9.880000114440918,9.899999618530273,9.6899995803833,9.729999542236328,435597,0.0,0.0,BCRX,15m
2026-04-10 09:45:00-04:00,9.725000381469727,9.725000381469727,9.609999656677246,9.640000343322754,123365,0.0,0.0,BCRX,15m
2026-04-10 10:00:00-04:00,9.630000114440918,9.725000381469727,9.614999771118164,9.619999885559082,196711,0.0,0.0,BCRX,15m
2026-04-10 10:15:00-04:00,9.619999885559082,9.640000343322754,9.5600004196167,9.59000015258789,140191,0.0,0.0,BCRX,15m
2026-04-10 10:30:00-04:00,9.595000267028809,9.625,9.5649995803833,9.604999542236328,95711,0.0,0.0,BCRX,15m
2026-04-10 10:45:00-04:00,9.609999656677246,9.619999885559082,9.574999809265137,9.59000015258789,66933,0.0,0.0,BCRX,15m
2026-04-10 11:00:00-04:00,9.59000015258789,9.609999656677246,9.5600004196167,9.569999694824219,101682,0.0,0.0,BCRX,15m
2026-04-10 11:15:00-04:00,9.555000305175781,9.59000015258789,9.550000190734863,9.5600004196167,69303,0.0,0.0,BCRX,15m
2026-04-10 11:30:00-04:00,9.5600004196167,9.5600004196167,9.510000228881836,9.510000228881836,66531,0.0,0.0,BCRX,15m
2026-04-10 11:45:00-04:00,9.515000343322754,9.550000190734863,9.5,9.539999961853027,95578,0.0,0.0,BCRX,15m
2026-04-10 12:00:00-04:00,9.53499984741211,9.59000015258789,9.520099639892578,9.585000038146973,87152,0.0,0.0,BCRX,15m
2026-04-10 12:15:00-04:00,9.585000038146973,9.604999542236328,9.555000305175781,9.555000305175781,121427,0.0,0.0,BCRX,15m
2026-04-10 12:30:00-04:00,9.555000305175781,9.59000015258789,9.550000190734863,9.5649995803833,82050,0.0,0.0,BCRX,15m
2026-04-10 12:45:00-04:00,9.5649995803833,9.574999809265137,9.555000305175781,9.569999694824219,49422,0.0,0.0,BCRX,15m
2026-04-10 13:00:00-04:00,9.569999694824219,9.600000381469727,9.5600004196167,9.585000038146973,57905,0.0,0.0,BCRX,15m
2026-04-10 13:15:00-04:00,9.585000038146973,9.600000381469727,9.579999923706055,9.600000381469727,33016,0.0,0.0,BCRX,15m
2026-04-10 13:30:00-04:00,9.590299606323242,9.604999542236328,9.529999732971191,9.539999961853027,79623,0.0,0.0,BCRX,15m
2026-04-10 13:45:00-04:00,9.529999732971191,9.5600004196167,9.529999732971191,9.53499984741211,63090,0.0,0.0,BCRX,15m
2026-04-10 14:00:00-04:00,9.532400131225586,9.539999961853027,9.520000457763672,9.539999961853027,64016,0.0,0.0,BCRX,15m
2026-04-10 14:15:00-04:00,9.539999961853027,9.5649995803833,9.529999732971191,9.555000305175781,66782,0.0,0.0,BCRX,15m
2026-04-10 14:30:00-04:00,9.555000305175781,9.604999542236328,9.53499984741211,9.539999961853027,303857,0.0,0.0,BCRX,15m
2026-04-10 14:45:00-04:00,9.529999732971191,9.5600004196167,9.493599891662598,9.550000190734863,132939,0.0,0.0,BCRX,15m
2026-04-10 15:00:00-04:00,9.555000305175781,9.614999771118164,9.524999618530273,9.595000267028809,135773,0.0,0.0,BCRX,15m
2026-04-10 15:15:00-04:00,9.59000015258789,9.600000381469727,9.5600004196167,9.569999694824219,94617,0.0,0.0,BCRX,15m
2026-04-10 15:30:00-04:00,9.579999923706055,9.579999923706055,9.524999618530273,9.5600004196167,191202,0.0,0.0,BCRX,15m
2026-04-10 15:45:00-04:00,9.5649995803833,9.600000381469727,9.539999961853027,9.569999694824219,801599,0.0,0.0,BCRX,15m
2026-04-13 09:30:00-04:00,9.5600004196167,9.5600004196167,9.40999984741211,9.458700180053711,205402,0.0,0.0,BCRX,15m
2026-04-13 09:45:00-04:00,9.470000267028809,9.520000457763672,9.449999809265137,9.520000457763672,54280,0.0,0.0,BCRX,15m
2026-04-13 10:00:00-04:00,9.520000457763672,9.529999732971191,9.34000015258789,9.359999656677246,106234,0.0,0.0,BCRX,15m
2026-04-13 10:15:00-04:00,9.363100051879883,9.40999984741211,9.359999656677246,9.359999656677246,97412,0.0,0.0,BCRX,15m
2026-04-13 10:30:00-04:00,9.35990047454834,9.390000343322754,9.34000015258789,9.380000114440918,55411,0.0,0.0,BCRX,15m
2026-04-13 10:45:00-04:00,9.385000228881836,9.425000190734863,9.369999885559082,9.425000190734863,75088,0.0,0.0,BCRX,15m
2026-04-13 11:00:00-04:00,9.430000305175781,9.4399995803833,9.369999885559082,9.4350004196167,74119,0.0,0.0,BCRX,15m
2026-04-13 11:15:00-04:00,9.4350004196167,9.4350004196167,9.369999885559082,9.375,48207,0.0,0.0,BCRX,15m
2026-04-13 11:30:00-04:00,9.380000114440918,9.449999809265137,9.375,9.4399995803833,51790,0.0,0.0,BCRX,15m
2026-04-13 11:45:00-04:00,9.4350004196167,9.444999694824219,9.369999885559082,9.369999885559082,66278,0.0,0.0,BCRX,15m
2026-04-13 12:00:00-04:00,9.380000114440918,9.395000457763672,9.345000267028809,9.364999771118164,73949,0.0,0.0,BCRX,15m
2026-04-13 12:15:00-04:00,9.359999656677246,9.390000343322754,9.34000015258789,9.380000114440918,68423,0.0,0.0,BCRX,15m
2026-04-13 12:30:00-04:00,9.385000228881836,9.385000228881836,9.364999771118164,9.375,39672,0.0,0.0,BCRX,15m
2026-04-13 12:45:00-04:00,9.375,9.414999961853027,9.375,9.399999618530273,90967,0.0,0.0,BCRX,15m
2026-04-13 13:00:00-04:00,9.399999618530273,9.404999732971191,9.369999885559082,9.385000228881836,54269,0.0,0.0,BCRX,15m
2026-04-13 13:15:00-04:00,9.380000114440918,9.395000457763672,9.375,9.375,48085,0.0,0.0,BCRX,15m
2026-04-13 13:30:00-04:00,9.375,9.395000457763672,9.375,9.380000114440918,44814,0.0,0.0,BCRX,15m
2026-04-13 13:45:00-04:00,9.380000114440918,9.380000114440918,9.350000381469727,9.354999542236328,61032,0.0,0.0,BCRX,15m
2026-04-13 14:00:00-04:00,9.359999656677246,9.399999618530273,9.354999542236328,9.395000457763672,63634,0.0,0.0,BCRX,15m
2026-04-13 14:15:00-04:00,9.390000343322754,9.40999984741211,9.390000343322754,9.395000457763672,41454,0.0,0.0,BCRX,15m
2026-04-13 14:30:00-04:00,9.399999618530273,9.404999732971191,9.380000114440918,9.399999618530273,38310,0.0,0.0,BCRX,15m
2026-04-13 14:45:00-04:00,9.399999618530273,9.420000076293945,9.390000343322754,9.399999618530273,78307,0.0,0.0,BCRX,15m
2026-04-13 15:00:00-04:00,9.399999618530273,9.449999809265137,9.399700164794922,9.4399995803833,76800,0.0,0.0,BCRX,15m
2026-04-13 15:15:00-04:00,9.4399995803833,9.4399995803833,9.404999732971191,9.414999961853027,77665,0.0,0.0,BCRX,15m
2026-04-13 15:30:00-04:00,9.414999961853027,9.4350004196167,9.395000457763672,9.414999961853027,145361,0.0,0.0,BCRX,15m
2026-04-13 15:45:00-04:00,9.40999984741211,9.449999809265137,9.40999984741211,9.420000076293945,332406,0.0,0.0,BCRX,15m
2026-04-14 09:30:00-04:00,9.390000343322754,9.600000381469727,9.390000343322754,9.524999618530273,106782,0.0,0.0,BCRX,15m
2026-04-14 09:45:00-04:00,9.512499809265137,9.545000076293945,9.5,9.520000457763672,26363,0.0,0.0,BCRX,15m
2026-04-14 10:00:00-04:00,9.520000457763672,9.539999961853027,9.45009994506836,9.460000038146973,56550,0.0,0.0,BCRX,15m
2026-04-14 10:15:00-04:00,9.470000267028809,9.5,9.420000076293945,9.444999694824219,77921,0.0,0.0,BCRX,15m
2026-04-14 10:30:00-04:00,9.449999809265137,9.458000183105469,9.414999961853027,9.430000305175781,55858,0.0,0.0,BCRX,15m
2026-04-14 10:45:00-04:00,9.4399995803833,9.449999809265137,9.369999885559082,9.369999885559082,82648,0.0,0.0,BCRX,15m
2026-04-14 11:00:00-04:00,9.380000114440918,9.430000305175781,9.375,9.423399925231934,114774,0.0,0.0,BCRX,15m
2026-04-14 11:15:00-04:00,9.425000190734863,9.4350004196167,9.404999732971191,9.40999984741211,74751,0.0,0.0,BCRX,15m
2026-04-14 11:30:00-04:00,9.414999961853027,9.430000305175781,9.404999732971191,9.40999984741211,36265,0.0,0.0,BCRX,15m
2026-04-14 11:45:00-04:00,9.40999984741211,9.430000305175781,9.40999984741211,9.414999961853027,23893,0.0,0.0,BCRX,15m
2026-04-14 12:00:00-04:00,9.414999961853027,9.430000305175781,9.414999961853027,9.422499656677246,15653,0.0,0.0,BCRX,15m
2026-04-14 12:15:00-04:00,9.422100067138672,9.422100067138672,9.40999984741211,9.420000076293945,29371,0.0,0.0,BCRX,15m
2026-04-14 12:30:00-04:00,9.420000076293945,9.449999809265137,9.420000076293945,9.4350004196167,69190,0.0,0.0,BCRX,15m
2026-04-14 12:45:00-04:00,9.4399995803833,9.449999809265137,9.425000190734863,9.4350004196167,31019,0.0,0.0,BCRX,15m
2026-04-14 13:00:00-04:00,9.4399995803833,9.479999542236328,9.430000305175781,9.479999542236328,48844,0.0,0.0,BCRX,15m
2026-04-14 13:15:00-04:00,9.479999542236328,9.479999542236328,9.444999694824219,9.454999923706055,62771,0.0,0.0,BCRX,15m
2026-04-14 13:30:00-04:00,9.460000038146973,9.479999542236328,9.454999923706055,9.479999542236328,46692,0.0,0.0,BCRX,15m
2026-04-14 13:45:00-04:00,9.479999542236328,9.479999542236328,9.454999923706055,9.470000267028809,57962,0.0,0.0,BCRX,15m
2026-04-14 14:00:00-04:00,9.475000381469727,9.489999771118164,9.470000267028809,9.489999771118164,40409,0.0,0.0,BCRX,15m
2026-04-14 14:15:00-04:00,9.479999542236328,9.479999542236328,9.449999809265137,9.450900077819824,58179,0.0,0.0,BCRX,15m
2026-04-14 14:30:00-04:00,9.460000038146973,9.470000267028809,9.45009994506836,9.46500015258789,46245,0.0,0.0,BCRX,15m
2026-04-14 14:45:00-04:00,9.460000038146973,9.470000267028809,9.444999694824219,9.470000267028809,41335,0.0,0.0,BCRX,15m
2026-04-14 15:00:00-04:00,9.470000267028809,9.475000381469727,9.444999694824219,9.454999923706055,41691,0.0,0.0,BCRX,15m
2026-04-14 15:15:00-04:00,9.454999923706055,9.5649995803833,9.449999809265137,9.550000190734863,168102,0.0,0.0,BCRX,15m
2026-04-14 15:30:00-04:00,9.550000190734863,9.614999771118164,9.550000190734863,9.5649995803833,204860,0.0,0.0,BCRX,15m
2026-04-14 15:45:00-04:00,9.566900253295898,9.680000305175781,9.560099601745605,9.65999984741211,461264,0.0,0.0,BCRX,15m
2026-04-15 09:30:00-04:00,9.75,9.770000457763672,9.460000038146973,9.489999771118164,242107,0.0,0.0,BCRX,15m
2026-04-15 09:45:00-04:00,9.5,9.5649995803833,9.460000038146973,9.5649995803833,184165,0.0,0.0,BCRX,15m
2026-04-15 10:00:00-04:00,9.5649995803833,9.640000343322754,9.484999656677246,9.494999885559082,378423,0.0,0.0,BCRX,15m
2026-04-15 10:15:00-04:00,9.5,9.5,9.385000228881836,9.399999618530273,169264,0.0,0.0,BCRX,15m
2026-04-15 10:30:00-04:00,9.397700309753418,9.449999809265137,9.397700309753418,9.449999809265137,133585,0.0,0.0,BCRX,15m
2026-04-15 10:45:00-04:00,9.449899673461914,9.524999618530273,9.449899673461914,9.505000114440918,296812,0.0,0.0,BCRX,15m
2026-04-15 11:00:00-04:00,9.505000114440918,9.550000190734863,9.475000381469727,9.520000457763672,157664,0.0,0.0,BCRX,15m
2026-04-15 11:15:00-04:00,9.524999618530273,9.545000076293945,9.510000228881836,9.545000076293945,104107,0.0,0.0,BCRX,15m
2026-04-15 11:30:00-04:00,9.550000190734863,9.635000228881836,9.539999961853027,9.625,106829,0.0,0.0,BCRX,15m
2026-04-15 11:45:00-04:00,9.625,9.640000343322754,9.569999694824219,9.569999694824219,53055,0.0,0.0,BCRX,15m
2026-04-15 12:00:00-04:00,9.569999694824219,9.579999923706055,9.545000076293945,9.5649995803833,84280,0.0,0.0,BCRX,15m
2026-04-15 12:15:00-04:00,9.5649995803833,9.569999694824219,9.550000190734863,9.555000305175781,59382,0.0,0.0,BCRX,15m
2026-04-15 12:30:00-04:00,9.550000190734863,9.5649995803833,9.539999961853027,9.539999961853027,60518,0.0,0.0,BCRX,15m
2026-04-15 12:45:00-04:00,9.53499984741211,9.569999694824219,9.53499984741211,9.555000305175781,41755,0.0,0.0,BCRX,15m
2026-04-15 13:00:00-04:00,9.550100326538086,9.5600004196167,9.510000228881836,9.524999618530273,142866,0.0,0.0,BCRX,15m
2026-04-15 13:15:00-04:00,9.524999618530273,9.550000190734863,9.414999961853027,9.475000381469727,629463,0.0,0.0,BCRX,15m
2026-04-15 13:30:00-04:00,9.479999542236328,9.5,9.460000038146973,9.494999885559082,77473,0.0,0.0,BCRX,15m
2026-04-15 13:45:00-04:00,9.494999885559082,9.529999732971191,9.494999885559082,9.510000228881836,33097,0.0,0.0,BCRX,15m
2026-04-15 14:00:00-04:00,9.510000228881836,9.520000457763672,9.494999885559082,9.494999885559082,43341,0.0,0.0,BCRX,15m
2026-04-15 14:15:00-04:00,9.494999885559082,9.524999618530273,9.454999923706055,9.460000038146973,354008,0.0,0.0,BCRX,15m
2026-04-15 14:30:00-04:00,9.460000038146973,9.475000381469727,9.4399995803833,9.475000381469727,51424,0.0,0.0,BCRX,15m
2026-04-15 14:45:00-04:00,9.475000381469727,9.475000381469727,9.449999809265137,9.460000038146973,48746,0.0,0.0,BCRX,15m
2026-04-15 15:00:00-04:00,9.460000038146973,9.505000114440918,9.442000389099121,9.442000389099121,118333,0.0,0.0,BCRX,15m
2026-04-15 15:15:00-04:00,9.444999694824219,9.449999809265137,9.40999984741211,9.444999694824219,91683,0.0,0.0,BCRX,15m
2026-04-15 15:30:00-04:00,9.444999694824219,9.460000038146973,9.430000305175781,9.444999694824219,133661,0.0,0.0,BCRX,15m
2026-04-15 15:45:00-04:00,9.444999694824219,9.460000038146973,9.430000305175781,9.449000358581543,379952,0.0,0.0,BCRX,15m
2026-04-16 09:30:00-04:00,9.449999809265137,9.449999809265137,9.324999809265137,9.369400024414062,167554,0.0,0.0,BCRX,15m
2026-04-16 09:45:00-04:00,9.369999885559082,9.390000343322754,9.350000381469727,9.375,69077,0.0,0.0,BCRX,15m
2026-04-16 10:00:00-04:00,9.369999885559082,9.539999961853027,9.34000015258789,9.494999885559082,329648,0.0,0.0,BCRX,15m
2026-04-16 10:15:00-04:00,9.494999885559082,9.529999732971191,9.449999809265137,9.470000267028809,334008,0.0,0.0,BCRX,15m
2026-04-16 10:30:00-04:00,9.460200309753418,9.505000114440918,9.449999809265137,9.505000114440918,75552,0.0,0.0,BCRX,15m
2026-04-16 10:45:00-04:00,9.505000114440918,9.524999618530273,9.490099906921387,9.494999885559082,82940,0.0,0.0,BCRX,15m
2026-04-16 11:00:00-04:00,9.494999885559082,9.529999732971191,9.494999885559082,9.515000343322754,56251,0.0,0.0,BCRX,15m
2026-04-16 11:15:00-04:00,9.515000343322754,9.515000343322754,9.494999885559082,9.505000114440918,66632,0.0,0.0,BCRX,15m
2026-04-16 11:30:00-04:00,9.505000114440918,9.510000228881836,9.479999542236328,9.494999885559082,58601,0.0,0.0,BCRX,15m
2026-04-16 11:45:00-04:00,9.499099731445312,9.539999961853027,9.494999885559082,9.524999618530273,36133,0.0,0.0,BCRX,15m
2026-04-16 12:00:00-04:00,9.524999618530273,9.52869987487793,9.489999771118164,9.489999771118164,210908,0.0,0.0,BCRX,15m
2026-04-16 12:15:00-04:00,9.484999656677246,9.487500190734863,9.46500015258789,9.479999542236328,58575,0.0,0.0,BCRX,15m
2026-04-16 12:30:00-04:00,9.475000381469727,9.505000114440918,9.454999923706055,9.5,48934,0.0,0.0,BCRX,15m
2026-04-16 12:45:00-04:00,9.505000114440918,9.531000137329102,9.5,9.529999732971191,198320,0.0,0.0,BCRX,15m
2026-04-16 13:00:00-04:00,9.524999618530273,9.524999618530273,9.470000267028809,9.484999656677246,45229,0.0,0.0,BCRX,15m
2026-04-16 13:15:00-04:00,9.479999542236328,9.53499984741211,9.471400260925293,9.520000457763672,239002,0.0,0.0,BCRX,15m
2026-04-16 13:30:00-04:00,9.524999618530273,9.5649995803833,9.520000457763672,9.560099601745605,430590,0.0,0.0,BCRX,15m
2026-04-16 13:45:00-04:00,9.5600004196167,9.574999809265137,9.46500015258789,9.46500015258789,274194,0.0,0.0,BCRX,15m
2026-04-16 14:00:00-04:00,9.46500015258789,9.47599983215332,9.449899673461914,9.46500015258789,87042,0.0,0.0,BCRX,15m
2026-04-16 14:15:00-04:00,9.46500015258789,9.494999885559082,9.444999694824219,9.475000381469727,122891,0.0,0.0,BCRX,15m
2026-04-16 14:30:00-04:00,9.475000381469727,9.529999732971191,9.475000381469727,9.515000343322754,123884,0.0,0.0,BCRX,15m
2026-04-16 14:45:00-04:00,9.510000228881836,9.520000457763672,9.470000267028809,9.475000381469727,114068,0.0,0.0,BCRX,15m
2026-04-16 15:00:00-04:00,9.475000381469727,9.494999885559082,9.449999809265137,9.454999923706055,114294,0.0,0.0,BCRX,15m
2026-04-16 15:15:00-04:00,9.454999923706055,9.475000381469727,9.449999809265137,9.460000038146973,76546,0.0,0.0,BCRX,15m
2026-04-16 15:30:00-04:00,9.460000038146973,9.510000228881836,9.449999809265137,9.484999656677246,111622,0.0,0.0,BCRX,15m
2026-04-16 15:45:00-04:00,9.484999656677246,9.539999961853027,9.470000267028809,9.524999618530273,424600,0.0,0.0,BCRX,15m
2026-04-17 09:30:00-04:00,9.600000381469727,9.670000076293945,9.59000015258789,9.604999542236328,255789,0.0,0.0,BCRX,15m
2026-04-17 09:45:00-04:00,9.604999542236328,9.619999885559082,9.539999961853027,9.54990005493164,150008,0.0,0.0,BCRX,15m
2026-04-17 10:00:00-04:00,9.539999961853027,9.595000267028809,9.529999732971191,9.5649995803833,83976,0.0,0.0,BCRX,15m
2026-04-17 10:15:00-04:00,9.5649995803833,9.609999656677246,9.475000381469727,9.604999542236328,118653,0.0,0.0,BCRX,15m
2026-04-17 10:30:00-04:00,9.604999542236328,9.614999771118164,9.555000305175781,9.571599960327148,68191,0.0,0.0,BCRX,15m
2026-04-17 10:45:00-04:00,9.574999809265137,9.595000267028809,9.545000076293945,9.5600004196167,83848,0.0,0.0,BCRX,15m
2026-04-17 11:00:00-04:00,9.550000190734863,9.574999809265137,9.53499984741211,9.5649995803833,66510,0.0,0.0,BCRX,15m
2026-04-17 11:15:00-04:00,9.5649995803833,9.59000015258789,9.5649995803833,9.579999923706055,88701,0.0,0.0,BCRX,15m
2026-04-17 11:30:00-04:00,9.574999809265137,9.587499618530273,9.539999961853027,9.585000038146973,93461,0.0,0.0,BCRX,15m
2026-04-17 11:45:00-04:00,9.585000038146973,9.585000038146973,9.545000076293945,9.585000038146973,76024,0.0,0.0,BCRX,15m
2026-04-17 12:00:00-04:00,9.579999923706055,9.600000381469727,9.574999809265137,9.585000038146973,61217,0.0,0.0,BCRX,15m
2026-04-17 12:15:00-04:00,9.59000015258789,9.604999542236328,9.579999923706055,9.579999923706055,60542,0.0,0.0,BCRX,15m
2026-04-17 12:30:00-04:00,9.585000038146973,9.59000015258789,9.574999809265137,9.574999809265137,60491,0.0,0.0,BCRX,15m
2026-04-17 12:45:00-04:00,9.570099830627441,9.59000015258789,9.570099830627441,9.589799880981445,42001,0.0,0.0,BCRX,15m
2026-04-17 13:00:00-04:00,9.585000038146973,9.619999885559082,9.5649995803833,9.579999923706055,121662,0.0,0.0,BCRX,15m
2026-04-17 13:15:00-04:00,9.59000015258789,9.600000381469727,9.545000076293945,9.555000305175781,62399,0.0,0.0,BCRX,15m
2026-04-17 13:30:00-04:00,9.555000305175781,9.604999542236328,9.539999961853027,9.539999961853027,227609,0.0,0.0,BCRX,15m
2026-04-17 13:45:00-04:00,9.539999961853027,9.569999694824219,9.529999732971191,9.529999732971191,77834,0.0,0.0,BCRX,15m
2026-04-17 14:00:00-04:00,9.529999732971191,9.550000190734863,9.510000228881836,9.524999618530273,100530,0.0,0.0,BCRX,15m
2026-04-17 14:15:00-04:00,9.524999618530273,9.53499984741211,9.520000457763672,9.520000457763672,32114,0.0,0.0,BCRX,15m
2026-04-17 14:30:00-04:00,9.520000457763672,9.53499984741211,9.489999771118164,9.505000114440918,143433,0.0,0.0,BCRX,15m
2026-04-17 14:45:00-04:00,9.505000114440918,9.524999618530273,9.5,9.520000457763672,84430,0.0,0.0,BCRX,15m
2026-04-17 15:00:00-04:00,9.515000343322754,9.515000343322754,9.479999542236328,9.48840045928955,70979,0.0,0.0,BCRX,15m
2026-04-17 15:15:00-04:00,9.484999656677246,9.505000114440918,9.460000038146973,9.46500015258789,115899,0.0,0.0,BCRX,15m
2026-04-17 15:30:00-04:00,9.46500015258789,9.520000457763672,9.425000190734863,9.5,225148,0.0,0.0,BCRX,15m
2026-04-17 15:45:00-04:00,9.505000114440918,9.520000457763672,9.484999656677246,9.489999771118164,453785,0.0,0.0,BCRX,15m
