date,open,high,low,close,volume,dividends,stock_splits,capital_gains,ticker,interval
2025-06-26 00:00:00-04:00,25.076024920281693,25.252504348754883,24.966349760856726,25.252504348754883,200,0.0,0.0,0.0,AFOS,1d
2025-06-27 00:00:00-04:00,25.45490837097168,25.45490837097168,25.45490837097168,25.45490837097168,100,0.0,0.0,0.0,AFOS,1d
2025-06-30 00:00:00-04:00,25.524702072143555,25.524702072143555,25.524702072143555,25.524702072143555,100,0.0,0.0,0.0,AFOS,1d
2025-07-01 00:00:00-04:00,25.358192443847656,25.358192443847656,25.358192443847656,25.358192443847656,100,0.0,0.0,0.0,AFOS,1d
2025-07-02 00:00:00-04:00,25.564583228938776,25.664289474487305,25.564583228938776,25.664289474487305,81400,0.0,0.0,0.0,AFOS,1d
2025-07-03 00:00:00-04:00,25.923524998689423,25.923524998689423,25.90159034729004,25.90159034729004,100,0.0,0.0,0.0,AFOS,1d
2025-07-07 00:00:00-04:00,25.73707389831543,25.73707389831543,25.73707389831543,25.73707389831543,100,0.0,0.0,0.0,AFOS,1d
2025-07-08 00:00:00-04:00,25.684231145791376,25.773966576757413,25.684231145791376,25.712148666381836,2500,0.0,0.0,0.0,AFOS,1d
2025-07-09 00:00:00-04:00,25.963407516479492,25.963407516479492,25.963407516479492,25.963407516479492,100,0.0,0.0,0.0,AFOS,1d
2025-07-10 00:00:00-04:00,25.91654512114691,26.083053730568253,25.913553686606505,26.061119079589844,4900,0.0,0.0,0.0,AFOS,1d
2025-07-11 00:00:00-04:00,26.147862556805663,26.196718215942383,26.142876198757534,26.196718215942383,1300,0.0,0.0,0.0,AFOS,1d
2025-07-14 00:00:00-04:00,26.221643953806772,26.252552907385454,26.221643953806772,26.251556396484375,2900,0.0,0.0,0.0,AFOS,1d
2025-07-15 00:00:00-04:00,26.2126725691227,26.2126725691227,26.1458683013916,26.1458683013916,300,0.0,0.0,0.0,AFOS,1d
2025-07-16 00:00:00-04:00,26.09302368726634,26.168800354003906,26.09302368726634,26.168800354003906,300,0.0,0.0,0.0,AFOS,1d
2025-07-17 00:00:00-04:00,26.342289737087352,26.49384307861328,26.28246675028339,26.49384307861328,1900,0.0,0.0,0.0,AFOS,1d
2025-07-18 00:00:00-04:00,26.59155432949355,26.59155432949355,26.504810333251953,26.504810333251953,300,0.0,0.0,0.0,AFOS,1d
2025-07-21 00:00:00-04:00,26.639412928811836,26.651376765197845,26.427038192749023,26.427038192749023,700,0.0,0.0,0.0,AFOS,1d
2025-07-22 00:00:00-04:00,26.13290522168158,26.23261146290112,26.13290522168158,26.19472312927246,300,0.0,0.0,0.0,AFOS,1d
2025-07-23 00:00:00-04:00,26.72416114807129,26.72416114807129,26.72416114807129,26.72416114807129,100,0.0,0.0,0.0,AFOS,1d
2025-07-24 00:00:00-04:00,26.890670946959155,26.890670946959155,26.80990982055664,26.80990982055664,800,0.0,0.0,0.0,AFOS,1d
2025-07-25 00:00:00-04:00,27.0103180173473,27.07213592529297,26.990376388641263,27.07213592529297,1500,0.0,0.0,0.0,AFOS,1d
2025-07-28 00:00:00-04:00,27.10005381496773,27.10005381496773,27.041227340698242,27.041227340698242,500,0.0,0.0,0.0,AFOS,1d
2025-07-29 00:00:00-04:00,27.092077241385415,27.092077241385415,26.90263557434082,26.90263557434082,1500,0.0,0.0,0.0,AFOS,1d
2025-07-30 00:00:00-04:00,27.040230280027554,27.090082449721702,26.850788612060725,26.963455200195312,700,0.0,0.0,0.0,AFOS,1d
2025-07-31 00:00:00-04:00,27.199760107731393,27.199760107731393,27.006330490112305,27.006330490112305,200,0.0,0.0,0.0,AFOS,1d
2025-08-01 00:00:00-04:00,26.551670004576103,26.645395278930664,26.551670004576103,26.645395278930664,100,0.0,0.0,0.0,AFOS,1d
2025-08-04 00:00:00-04:00,27.000348460565238,27.064159393310547,27.000348460565238,27.064159393310547,200,0.0,0.0,0.0,AFOS,1d
2025-08-05 00:00:00-04:00,27.02028900569341,27.02028900569341,26.908618927001953,26.908618927001953,100,0.0,0.0,0.0,AFOS,1d
2025-08-06 00:00:00-04:00,26.910613102970753,26.910613102970753,26.85079011564016,26.863752365112305,5800,0.0,0.0,0.0,AFOS,1d
2025-08-07 00:00:00-04:00,26.99037634500067,27.024276733398438,26.950494989391473,27.024276733398438,200,0.0,0.0,0.0,AFOS,1d
2025-08-08 00:00:00-04:00,27.259583062049995,27.337352752685547,27.259583062049995,27.337352752685547,100,0.0,0.0,0.0,AFOS,1d
2025-08-11 00:00:00-04:00,27.429083067416478,27.429083067416478,27.28949546813965,27.28949546813965,200,0.0,0.0,0.0,AFOS,1d
2025-08-12 00:00:00-04:00,27.58861148042127,27.71723175048828,27.58861148042127,27.71723175048828,200,0.0,0.0,0.0,AFOS,1d
2025-08-13 00:00:00-04:00,27.897700853742315,27.897700853742315,27.578642386782047,27.69131088256836,2400,0.0,0.0,0.0,AFOS,1d
2025-08-14 00:00:00-04:00,27.684329986572266,27.684329986572266,27.684329986572266,27.684329986572266,100,0.0,0.0,0.0,AFOS,1d
2025-08-15 00:00:00-04:00,27.583627700805664,27.583627700805664,27.583627700805664,27.583627700805664,100,0.0,0.0,0.0,AFOS,1d
2025-08-18 00:00:00-04:00,27.633480072021484,27.633480072021484,27.633480072021484,27.633480072021484,100,0.0,0.0,0.0,AFOS,1d
2025-08-19 00:00:00-04:00,27.48491865994235,27.48491865994235,27.284509658813477,27.284509658813477,400,0.0,0.0,0.0,AFOS,1d
2025-08-20 00:00:00-04:00,26.920582305252424,27.198760986328125,26.920582305252424,27.198760986328125,1000,0.0,0.0,0.0,AFOS,1d
2025-08-21 00:00:00-04:00,27.17682647705078,27.17682647705078,27.17682647705078,27.17682647705078,100,0.0,0.0,0.0,AFOS,1d
2025-08-22 00:00:00-04:00,27.626501083374023,27.626501083374023,27.626501083374023,27.626501083374023,100,0.0,0.0,0.0,AFOS,1d
2025-08-25 00:00:00-04:00,27.60855484008789,27.60855484008789,27.60855484008789,27.60855484008789,100,0.0,0.0,0.0,AFOS,1d
2025-08-26 00:00:00-04:00,27.989429473876953,27.989429473876953,27.989429473876953,27.989429473876953,100,0.0,0.0,0.0,AFOS,1d
2025-08-27 00:00:00-04:00,28.037288665771484,28.037288665771484,28.037288665771484,28.037288665771484,100,0.0,0.0,0.0,AFOS,1d
2025-08-28 00:00:00-04:00,28.24467658996582,28.24467658996582,28.24467658996582,28.24467658996582,100,0.0,0.0,0.0,AFOS,1d
2025-08-29 00:00:00-04:00,27.942567825317383,27.942567825317383,27.942567825317383,27.942567825317383,100,0.0,0.0,0.0,AFOS,1d
2025-09-02 00:00:00-04:00,27.807964324951172,27.807964324951172,27.807964324951172,27.807964324951172,100,0.0,0.0,0.0,AFOS,1d
2025-09-03 00:00:00-04:00,28.037288779085962,28.037288779085962,27.991422653198242,27.991422653198242,900,0.0,0.0,0.0,AFOS,1d
2025-09-04 00:00:00-04:00,28.23570442199707,28.23570442199707,28.23570442199707,28.23570442199707,100,0.0,0.0,0.0,AFOS,1d
2025-09-05 00:00:00-04:00,28.306493759155273,28.306493759155273,28.306493759155273,28.306493759155273,100,0.0,0.0,0.0,AFOS,1d
2025-09-08 00:00:00-04:00,28.361331939697266,28.361331939697266,28.361331939697266,28.361331939697266,100,0.0,0.0,0.0,AFOS,1d
2025-09-09 00:00:00-04:00,28.442092895507812,28.442092895507812,28.442092895507812,28.442092895507812,200,0.0,0.0,0.0,AFOS,1d
2025-09-10 00:00:00-04:00,28.759159088134766,28.759159088134766,28.759159088134766,28.759159088134766,100,0.0,0.0,0.0,AFOS,1d
2025-09-11 00:00:00-04:00,29.116106033325195,29.116106033325195,29.116106033325195,29.116106033325195,100,0.0,0.0,0.0,AFOS,1d
2025-09-12 00:00:00-04:00,29.183906327100072,29.183906327100072,29.110122680664062,29.110122680664062,2000,0.0,0.0,0.0,AFOS,1d
2025-09-15 00:00:00-04:00,29.36337713888308,29.417217254638672,29.36337713888308,29.417217254638672,400,0.0,0.0,0.0,AFOS,1d
2025-09-16 00:00:00-04:00,29.45111846923828,29.45111846923828,29.45111846923828,29.45111846923828,100,0.0,0.0,0.0,AFOS,1d
2025-09-17 00:00:00-04:00,29.57275953786773,29.57275953786773,29.370357513427734,29.370357513427734,400,0.0,0.0,0.0,AFOS,1d
2025-09-18 00:00:00-04:00,29.742259069060523,29.884838104248047,29.742259069060523,29.884838104248047,800,0.0,0.0,0.0,AFOS,1d
2025-09-19 00:00:00-04:00,30.121139398838764,30.121139398838764,29.977563858032227,29.977563858032227,300,0.0,0.0,0.0,AFOS,1d
2025-09-22 00:00:00-04:00,30.061317874638718,30.3743953704834,30.029412408659347,30.3743953704834,2200,0.0,0.0,0.0,AFOS,1d
2025-09-23 00:00:00-04:00,30.51996565037603,30.51996565037603,30.159029006958008,30.159029006958008,200,0.0,0.0,0.0,AFOS,1d
2025-09-24 00:00:00-04:00,29.89181691905551,29.89181691905551,29.783138275146484,29.783138275146484,200,0.0,0.0,0.0,AFOS,1d
2025-09-25 00:00:00-04:00,29.595692258378115,29.595692258378115,29.531879425048828,29.531879425048828,1300,0.0,0.0,0.0,AFOS,1d
2025-09-26 00:00:00-04:00,29.80307960510254,29.80307960510254,29.80307960510254,29.80307960510254,200,0.0,0.0,0.0,AFOS,1d
2025-09-29 00:00:00-04:00,30.19093651659894,30.19093651659894,30.108180466328818,30.137094497680664,5400,0.0,0.0,0.0,AFOS,1d
2025-09-30 00:00:00-04:00,30.250759620242572,30.552867889404297,30.250759620242572,30.552867889404297,1100,0.0,0.0,0.0,AFOS,1d
2025-10-01 00:00:00-04:00,30.858965647385652,31.152099609375,30.858965647385652,31.152099609375,3600,0.0,0.0,0.0,AFOS,1d
2025-10-02 00:00:00-04:00,31.57684759278303,31.57684759278303,31.227876684148324,31.251806259155273,1400,0.0,0.0,0.0,AFOS,1d
2025-10-03 00:00:00-04:00,31.40734746640784,31.576847512931007,31.29767040638154,31.345529556274414,9800,0.0,0.0,0.0,AFOS,1d
2025-10-06 00:00:00-04:00,31.700483338197223,31.700483338197223,31.534971237182617,31.534971237182617,2000,0.0,0.0,0.0,AFOS,1d
2025-10-07 00:00:00-04:00,31.54593767262657,31.54593767262657,31.016499407553265,31.157085418701172,3500,0.0,0.0,0.0,AFOS,1d
2025-10-08 00:00:00-04:00,31.337552800689316,31.596788270675425,31.337552800689316,31.535966873168945,2400,0.0,0.0,0.0,AFOS,1d
2025-10-09 00:00:00-04:00,31.556904893390435,31.556904893390435,31.309635162353516,31.309635162353516,300,0.0,0.0,0.0,AFOS,1d
2025-10-10 00:00:00-04:00,31.477141416480624,31.477141416480624,30.400318145751953,30.400318145751953,900,0.0,0.0,0.0,AFOS,1d
2025-10-13 00:00:00-04:00,31.018494038643755,31.168052450147997,31.018494038643755,31.094270706176758,400,0.0,0.0,0.0,AFOS,1d
2025-10-14 00:00:00-04:00,30.89884693198479,31.18201198045038,30.89884693198479,30.9736270904541,1000,0.0,0.0,0.0,AFOS,1d
2025-10-15 00:00:00-04:00,31.242831422443565,31.280719757080078,31.242831422443565,31.280719757080078,200,0.0,0.0,0.0,AFOS,1d
2025-10-16 00:00:00-04:00,31.207933492318237,31.279722213745117,31.168052137128875,31.279722213745117,1700,0.0,0.0,0.0,AFOS,1d
2025-10-17 00:00:00-04:00,31.016499315550984,31.144123077392578,31.016499315550984,31.144123077392578,6400,0.0,0.0,0.0,AFOS,1d
2025-10-20 00:00:00-04:00,31.477139991503975,31.477139991503975,31.436260223388672,31.436260223388672,1100,0.0,0.0,0.0,AFOS,1d
2025-10-21 00:00:00-04:00,31.30664456838123,31.367464065551758,31.30664456838123,31.367464065551758,700,0.0,0.0,0.0,AFOS,1d
2025-10-22 00:00:00-04:00,31.090281891310937,31.09526824951172,31.090281891310937,31.09526824951172,300,0.0,0.0,0.0,AFOS,1d
2025-10-23 00:00:00-04:00,31.556904345060353,31.586816787719727,31.556904345060353,31.586816787719727,800,0.0,0.0,0.0,AFOS,1d
2025-10-24 00:00:00-04:00,31.949745178222656,31.949745178222656,31.949745178222656,31.949745178222656,100,0.0,0.0,0.0,AFOS,1d
2025-10-27 00:00:00-04:00,32.46423001306846,32.46423001306846,32.0255217863593,32.15015411376953,2200,0.0,0.0,0.0,AFOS,1d
2025-10-28 00:00:00-04:00,32.24587296541865,32.24587296541865,32.227928161621094,32.227928161621094,1500,0.0,0.0,0.0,AFOS,1d
2025-10-29 00:00:00-04:00,32.64370041276928,32.873023435583136,32.64370041276928,32.712493896484375,3900,0.0,0.0,0.0,AFOS,1d
2025-10-30 00:00:00-04:00,32.8331428871459,32.8331428871459,32.509098052978516,32.509098052978516,2600,0.0,0.0,0.0,AFOS,1d
2025-10-31 00:00:00-04:00,32.87302497015794,32.87302497015794,32.719478607177734,32.719478607177734,1500,0.0,0.0,0.0,AFOS,1d
2025-11-03 00:00:00-05:00,33.0026387709093,33.032553115846596,32.77331574493289,32.94281768798828,6200,0.0,0.0,0.0,AFOS,1d
2025-11-04 00:00:00-05:00,32.35155837478343,32.43431441956501,32.18206024169922,32.18206024169922,7000,0.0,0.0,0.0,AFOS,1d
2025-11-05 00:00:00-05:00,32.095317433866406,32.73343818187798,32.095317433866406,32.457252502441406,2400,0.0,0.0,0.0,AFOS,1d
2025-11-06 00:00:00-05:00,32.66463788845324,32.75437331325061,32.28575456114472,32.32563781738281,3400,0.0,0.0,0.0,AFOS,1d
2025-11-07 00:00:00-05:00,32.11525757011634,32.367515563964844,31.962707721387012,32.367515563964844,2300,0.0,0.0,0.0,AFOS,1d
2025-11-10 00:00:00-05:00,33.0325530561591,33.174133675858265,32.902934370936464,33.143226623535156,4900,0.0,0.0,0.0,AFOS,1d
2025-11-11 00:00:00-05:00,32.97272872924805,33.08240578756811,32.803230587100195,32.97272872924805,3100,0.0,0.0,0.0,AFOS,1d
2025-11-12 00:00:00-05:00,33.291785149132146,33.291785149132146,33.018592834472656,33.018592834472656,5700,0.0,0.0,0.0,AFOS,1d
2025-11-13 00:00:00-05:00,32.623759833060085,32.86305177609065,32.17508268553169,32.27578353881836,6200,0.0,0.0,0.0,AFOS,1d
2025-11-14 00:00:00-05:00,32.3645231416877,32.723464867299704,32.33161926269531,32.33161926269531,2100,0.0,0.0,0.0,AFOS,1d
2025-11-17 00:00:00-05:00,32.72346564143809,32.72346564143809,32.03549652005776,32.187049865722656,3800,0.0,0.0,0.0,AFOS,1d
2025-11-18 00:00:00-05:00,32.13519852017284,32.13519852017284,31.87397003173828,31.87397003173828,300,0.0,0.0,0.0,AFOS,1d
2025-11-19 00:00:00-05:00,31.84605398065907,32.165110544317315,31.793208472252164,32.105289459228516,4400,0.0,0.0,0.0,AFOS,1d
2025-11-20 00:00:00-05:00,32.66363925953502,32.66363925953502,31.13913917541504,31.13913917541504,4700,0.0,0.0,0.0,AFOS,1d
2025-11-21 00:00:00-05:00,30.85896627649722,31.54693538239587,30.770227355949665,31.432273864746094,2100,0.0,0.0,0.0,AFOS,1d
2025-11-24 00:00:00-05:00,32.27179611980853,32.344579449857406,32.224933483440836,32.24686813354492,4800,0.0,0.0,0.0,AFOS,1d
2025-11-25 00:00:00-05:00,32.20499156607608,32.563933265580886,32.20499156607608,32.539005279541016,12900,0.0,0.0,0.0,AFOS,1d
2025-11-26 00:00:00-05:00,33.02257914782926,33.1023456600024,32.9747200012207,32.9747200012207,1300,0.0,0.0,0.0,AFOS,1d
2025-11-28 00:00:00-05:00,33.12029205915405,33.26187648404254,33.102347255483835,33.2429313659668,7300,0.0,0.0,0.0,AFOS,1d
2025-12-01 00:00:00-05:00,33.1821116956232,33.19208441238305,32.962761372107714,33.02756881713867,10800,0.0,0.0,0.0,AFOS,1d
2025-12-02 00:00:00-05:00,33.27184573755166,33.27184573755166,33.0126121647927,33.0814094543457,3800,0.0,0.0,0.0,AFOS,1d
2025-12-03 00:00:00-05:00,32.90293515532771,33.12228927347583,32.81319972549229,33.046512603759766,1100,0.0,0.0,0.0,AFOS,1d
2025-12-04 00:00:00-05:00,32.91589828687266,33.25888442993164,32.91589828687266,33.25888442993164,5400,0.0,0.0,0.0,AFOS,1d
2025-12-05 00:00:00-05:00,33.52110948595983,33.52110948595983,33.496185302734375,33.496185302734375,400,0.0,0.0,0.0,AFOS,1d
2025-12-08 00:00:00-05:00,33.740464422225784,33.740464422225784,33.60586317978451,33.61284255981445,1200,0.0,0.0,0.0,AFOS,1d
2025-12-09 00:00:00-05:00,33.640759063085035,33.75043231489994,33.635772705078125,33.635772705078125,5400,0.0,0.0,0.0,AFOS,1d
2025-12-10 00:00:00-05:00,33.680638881899306,34.338697417307536,33.64075942784182,34.31476974487305,3100,0.0,0.0,0.0,AFOS,1d
2025-12-11 00:00:00-05:00,34.308787049093695,34.55007581387426,33.979759681466966,34.50620651245117,5600,0.0,0.0,0.0,AFOS,1d
2025-12-12 00:00:00-05:00,34.54808298353912,34.54808298353912,33.65072869689778,33.82222366333008,2500,0.0,0.0,0.0,AFOS,1d
2025-12-15 00:00:00-05:00,33.92990283194498,33.96978608865133,33.79729461669922,33.79729461669922,5000,0.0,0.0,0.0,AFOS,1d
2025-12-16 00:00:00-05:00,33.60087712868009,33.6995849609375,33.54105224067236,33.6995849609375,2700,0.0,0.0,0.0,AFOS,1d
2025-12-17 00:00:00-05:00,33.65072915106273,33.65072915106273,32.85308299854773,32.88100051879883,2600,0.0,0.0,0.0,AFOS,1d
2025-12-18 00:00:00-05:00,33.650728170553236,33.790315767741475,33.481230032103745,33.496185302734375,4200,0.0,0.0,0.0,AFOS,1d
2025-12-19 00:00:00-05:00,34.009671296868504,34.22902541786352,33.93987749536589,34.11735153198242,8400,0.0,0.0,0.0,AFOS,1d
2025-12-22 00:00:00-05:00,34.4982267202163,34.61787649308354,34.32872858053622,34.57600021362305,5000,0.0,0.0,0.0,AFOS,1d
2025-12-23 00:00:00-05:00,34.70500183105469,34.779998779296875,34.56999969482422,34.76100158691406,3600,0.102,0.0,0.0,AFOS,1d
2025-12-24 00:00:00-05:00,34.90999984741211,34.91400146484375,34.84000015258789,34.91400146484375,1200,0.0,0.0,0.0,AFOS,1d
2025-12-26 00:00:00-05:00,34.91999816894531,34.970001220703125,34.900001525878906,34.944000244140625,1500,0.0,0.0,0.0,AFOS,1d
2025-12-29 00:00:00-05:00,34.630001068115234,34.81999969482422,34.630001068115234,34.77299880981445,1900,0.0,0.0,0.0,AFOS,1d
2025-12-30 00:00:00-05:00,34.7400016784668,34.79999923706055,34.68000030517578,34.68000030517578,6300,0.0,0.0,0.0,AFOS,1d
2025-12-31 00:00:00-05:00,34.68000030517578,34.68000030517578,34.380001068115234,34.380001068115234,2800,0.0,0.0,0.0,AFOS,1d
2026-01-02 00:00:00-05:00,35.06999969482422,35.263999938964844,34.95000076293945,35.263999938964844,2400,0.0,0.0,0.0,AFOS,1d
2026-01-05 00:00:00-05:00,35.641998291015625,35.70000076293945,35.529998779296875,35.608001708984375,28200,0.0,0.0,0.0,AFOS,1d
2026-01-06 00:00:00-05:00,35.75,36.52000045776367,35.75,36.49599838256836,13000,0.0,0.0,0.0,AFOS,1d
2026-01-07 00:00:00-05:00,36.5,36.5,36.09000015258789,36.154998779296875,7600,0.0,0.0,0.0,AFOS,1d
2026-01-08 00:00:00-05:00,35.81999969482422,35.81999969482422,35.54999923706055,35.683998107910156,5500,0.0,0.0,0.0,AFOS,1d
2026-01-09 00:00:00-05:00,36.112998962402344,36.391998291015625,36.112998962402344,36.391998291015625,11700,0.0,0.0,0.0,AFOS,1d
2026-01-12 00:00:00-05:00,36.470001220703125,36.888999938964844,36.3390007019043,36.888999938964844,11200,0.0,0.0,0.0,AFOS,1d
2026-01-13 00:00:00-05:00,36.900001525878906,36.900001525878906,36.66999816894531,36.75199890136719,11400,0.0,0.0,0.0,AFOS,1d
2026-01-14 00:00:00-05:00,36.5,36.68000030517578,36.380001068115234,36.5260009765625,10200,0.0,0.0,0.0,AFOS,1d
2026-01-15 00:00:00-05:00,37.279998779296875,37.279998779296875,36.849998474121094,36.849998474121094,4800,0.0,0.0,0.0,AFOS,1d
2026-01-16 00:00:00-05:00,37.145999908447266,37.15999984741211,37.02899932861328,37.13100051879883,2700,0.0,0.0,0.0,AFOS,1d
2026-01-20 00:00:00-05:00,36.869998931884766,37.040000915527344,36.75600051879883,36.75600051879883,3900,0.0,0.0,0.0,AFOS,1d
2026-01-21 00:00:00-05:00,37.27000045776367,37.65999984741211,37.077999114990234,37.45600128173828,8000,0.0,0.0,0.0,AFOS,1d
2026-01-22 00:00:00-05:00,37.959999084472656,37.959999084472656,37.27000045776367,37.608001708984375,20900,0.0,0.0,0.0,AFOS,1d
2026-01-23 00:00:00-05:00,37.47999954223633,37.81999969482422,37.439998626708984,37.60100173950195,3300,0.0,0.0,0.0,AFOS,1d
2026-01-26 00:00:00-05:00,37.880001068115234,37.93000030517578,37.70199966430664,37.70199966430664,5800,0.0,0.0,0.0,AFOS,1d
2026-01-27 00:00:00-05:00,38.2400016784668,38.529998779296875,38.22999954223633,38.50600051879883,13500,0.0,0.0,0.0,AFOS,1d
2026-01-28 00:00:00-05:00,38.66999816894531,38.970001220703125,38.599998474121094,38.86600112915039,39600,0.0,0.0,0.0,AFOS,1d
2026-01-29 00:00:00-05:00,39.47999954223633,40.125,38.08000183105469,38.78300094604492,29500,0.0,0.0,0.0,AFOS,1d
2026-01-30 00:00:00-05:00,38.65999984741211,38.65999984741211,37.53499984741211,37.70199966430664,11000,0.0,0.0,0.0,AFOS,1d
2026-02-02 00:00:00-05:00,38.380001068115234,38.380001068115234,37.87200164794922,38.20899963378906,15500,0.0,0.0,0.0,AFOS,1d
2026-02-03 00:00:00-05:00,38.630001068115234,38.630001068115234,37.86000061035156,38.22800064086914,16400,0.0,0.0,0.0,AFOS,1d
2026-02-04 00:00:00-05:00,38.2400016784668,38.2599983215332,36.7400016784668,37.33000183105469,9400,0.0,0.0,0.0,AFOS,1d
2026-02-05 00:00:00-05:00,36.81999969482422,36.93000030517578,36.345001220703125,36.6349983215332,8300,0.0,0.0,0.0,AFOS,1d
2026-02-06 00:00:00-05:00,37.38999938964844,37.95500183105469,37.22999954223633,37.95500183105469,16900,0.0,0.0,0.0,AFOS,1d
2026-02-09 00:00:00-05:00,37.779998779296875,38.5,37.779998779296875,38.25899887084961,19300,0.0,0.0,0.0,AFOS,1d
2026-02-10 00:00:00-05:00,37.8650016784668,38.02000045776367,37.80500030517578,37.83399963378906,10500,0.0,0.0,0.0,AFOS,1d
2026-02-11 00:00:00-05:00,38.63999938964844,38.744998931884766,38.08000183105469,38.617000579833984,16800,0.0,0.0,0.0,AFOS,1d
2026-02-12 00:00:00-05:00,39.08000183105469,39.13999938964844,38.13399887084961,38.13399887084961,3900,0.0,0.0,0.0,AFOS,1d
2026-02-13 00:00:00-05:00,38.15999984741211,38.70000076293945,38.06999969482422,38.39899826049805,33100,0.0,0.0,0.0,AFOS,1d
2026-02-17 00:00:00-05:00,38.13999938964844,38.54999923706055,37.88999938964844,38.375999450683594,26500,0.0,0.0,0.0,AFOS,1d
2026-02-18 00:00:00-05:00,38.900001525878906,39.119998931884766,38.650001525878906,38.83300018310547,8100,0.0,0.0,0.0,AFOS,1d
2026-02-19 00:00:00-05:00,38.47999954223633,38.689998626708984,38.369998931884766,38.641998291015625,6000,0.0,0.0,0.0,AFOS,1d
2026-02-20 00:00:00-05:00,38.689998626708984,38.880001068115234,38.540000915527344,38.7760009765625,14500,0.0,0.0,0.0,AFOS,1d
2026-02-23 00:00:00-05:00,38.93000030517578,38.93000030517578,38.29999923706055,38.46699905395508,9200,0.0,0.0,0.0,AFOS,1d
2026-02-24 00:00:00-05:00,38.5,39.029998779296875,38.5,38.8390007019043,16800,0.0,0.0,0.0,AFOS,1d
2026-02-25 00:00:00-05:00,38.93000030517578,39.439998626708984,38.93000030517578,39.29499816894531,27700,0.0,0.0,0.0,AFOS,1d
2026-02-26 00:00:00-05:00,39.099998474121094,39.099998474121094,38.145999908447266,38.91899871826172,12600,0.0,0.0,0.0,AFOS,1d
2026-02-27 00:00:00-05:00,38.560001373291016,38.63999938964844,38.40999984741211,38.625,8400,0.0,0.0,0.0,AFOS,1d
2026-03-02 00:00:00-05:00,38.060001373291016,38.72999954223633,37.7599983215332,38.698001861572266,8500,0.0,0.0,0.0,AFOS,1d
2026-03-03 00:00:00-05:00,37.31999969482422,37.685001373291016,36.95000076293945,37.44200134277344,49000,0.0,0.0,0.0,AFOS,1d
2026-03-04 00:00:00-05:00,37.90999984741211,38.13999938964844,37.720001220703125,38.01300048828125,6600,0.0,0.0,0.0,AFOS,1d
2026-03-05 00:00:00-05:00,37.959999084472656,37.959999084472656,36.849998474121094,37.4370002746582,14600,0.0,0.0,0.0,AFOS,1d
2026-03-06 00:00:00-05:00,36.599998474121094,37.060001373291016,36.564998626708984,36.611000061035156,21500,0.0,0.0,0.0,AFOS,1d
2026-03-09 00:00:00-04:00,36.04999923706055,37.40999984741211,36.03499984741211,37.4010009765625,10900,0.0,0.0,0.0,AFOS,1d
2026-03-10 00:00:00-04:00,37.459999084472656,38.14500045776367,37.459999084472656,37.63199996948242,18700,0.0,0.0,0.0,AFOS,1d
2026-03-11 00:00:00-04:00,37.7400016784668,37.790000915527344,37.45000076293945,37.57899856567383,4000,0.0,0.0,0.0,AFOS,1d
2026-03-12 00:00:00-04:00,37.130001068115234,37.130001068115234,36.790000915527344,36.801998138427734,22100,0.0,0.0,0.0,AFOS,1d
2026-03-13 00:00:00-04:00,37.2400016784668,37.290000915527344,36.66999816894531,36.70600128173828,2800,0.0,0.0,0.0,AFOS,1d
2026-03-16 00:00:00-04:00,37.375,37.56999969482422,37.369998931884766,37.44200134277344,9100,0.0,0.0,0.0,AFOS,1d
2026-03-17 00:00:00-04:00,37.72999954223633,37.9900016784668,37.65999984741211,37.948001861572266,11300,0.0,0.0,0.0,AFOS,1d
2026-03-18 00:00:00-04:00,38.060001373291016,38.060001373291016,37.6150016784668,37.641998291015625,2500,0.0,0.0,0.0,AFOS,1d
2026-03-19 00:00:00-04:00,36.744998931884766,37.86000061035156,36.70000076293945,37.474998474121094,6000,0.0,0.0,0.0,AFOS,1d
2026-03-20 00:00:00-04:00,37.38999938964844,37.38999938964844,36.400001525878906,36.430999755859375,3700,0.0,0.0,0.0,AFOS,1d
2026-03-23 00:00:00-04:00,36.959999084472656,37.47999954223633,36.76100158691406,36.76100158691406,32800,0.0,0.0,0.0,AFOS,1d
2026-03-24 00:00:00-04:00,36.630001068115234,36.96200180053711,36.542999267578125,36.96200180053711,1600,0.0,0.0,0.0,AFOS,1d
2026-03-25 00:00:00-04:00,37.04999923706055,37.29999923706055,37.0,37.04800033569336,12800,0.0,0.0,0.0,AFOS,1d
2026-03-26 00:00:00-04:00,36.59000015258789,36.59000015258789,35.900001525878906,35.92300033569336,4700,0.0,0.0,0.0,AFOS,1d
2026-03-27 00:00:00-04:00,36.0,36.11000061035156,35.599998474121094,35.632999420166016,7300,0.0,0.0,0.0,AFOS,1d
2026-03-30 00:00:00-04:00,36.0,36.0,34.58000183105469,34.77000045776367,41200,0.0,0.0,0.0,AFOS,1d
2026-03-31 00:00:00-04:00,35.349998474121094,36.13399887084961,34.880001068115234,36.13399887084961,26800,0.0,0.0,0.0,AFOS,1d
2026-04-01 00:00:00-04:00,36.959999084472656,37.25,36.77000045776367,37.04899978637695,7400,0.0,0.0,0.0,AFOS,1d
2026-04-02 00:00:00-04:00,37.130001068115234,37.130001068115234,36.77000045776367,36.97800064086914,1400,0.0,0.0,0.0,AFOS,1d
2026-04-06 00:00:00-04:00,37.130001068115234,37.154998779296875,36.94499969482422,37.10200119018555,12300,0.0,0.0,0.0,AFOS,1d
2026-04-07 00:00:00-04:00,37.07899856567383,37.290000915527344,36.880001068115234,37.26300048828125,2400,0.0,0.0,0.0,AFOS,1d
2026-04-08 00:00:00-04:00,38.29999923706055,38.775001525878906,38.29999923706055,38.66299819946289,23800,0.0,0.0,0.0,AFOS,1d
2026-04-09 00:00:00-04:00,38.88999938964844,39.119998931884766,38.65999984741211,39.07600021362305,13700,0.0,0.0,0.0,AFOS,1d
2026-04-10 00:00:00-04:00,39.29999923706055,39.349998474121094,39.220001220703125,39.250999450683594,13800,0.0,0.0,0.0,AFOS,1d
2026-04-13 00:00:00-04:00,39.279998779296875,39.7400016784668,39.275001525878906,39.70100021362305,13800,0.0,0.0,0.0,AFOS,1d
2026-04-14 00:00:00-04:00,40.005001068115234,40.45000076293945,39.9900016784668,40.415000915527344,16000,0.0,0.0,0.0,AFOS,1d
2026-04-15 00:00:00-04:00,40.36000061035156,40.36000061035156,40.05500030517578,40.266998291015625,11800,0.0,0.0,0.0,AFOS,1d
2026-04-16 00:00:00-04:00,40.380001068115234,40.380001068115234,40.0,40.09400177001953,18200,0.0,0.0,0.0,AFOS,1d
2026-04-17 00:00:00-04:00,40.560001373291016,40.790000915527344,40.51499938964844,40.58100128173828,12700,0.0,0.0,0.0,AFOS,1d
