datetime,open,high,low,close,volume,dividends,stock_splits,ticker,interval
2026-01-22 09:30:00-05:00,1.3301000595092773,1.3600000143051147,1.3300000429153442,1.339900016784668,5473,0.0,0.0,AIHS,15m
2026-01-22 10:00:00-05:00,1.3282999992370605,1.3282999992370605,1.3282999992370605,1.3282999992370605,100,0.0,0.0,AIHS,15m
2026-01-22 10:30:00-05:00,1.3199000358581543,1.3199000358581543,1.3199000358581543,1.3199000358581543,422,0.0,0.0,AIHS,15m
2026-01-22 11:30:00-05:00,1.2100000381469727,1.2400000095367432,1.2100000381469727,1.2400000095367432,431,0.0,0.0,AIHS,15m
2026-01-22 11:45:00-05:00,1.2200000286102295,1.2799999713897705,1.2200000286102295,1.2799999713897705,2100,0.0,0.0,AIHS,15m
2026-01-22 12:00:00-05:00,1.2450000047683716,1.2450000047683716,1.2450000047683716,1.2450000047683716,110,0.0,0.0,AIHS,15m
2026-01-22 12:15:00-05:00,1.2599999904632568,1.2599999904632568,1.2599999904632568,1.2599999904632568,240,0.0,0.0,AIHS,15m
2026-01-22 12:30:00-05:00,1.2599999904632568,1.2599999904632568,1.2599999904632568,1.2599999904632568,155,0.0,0.0,AIHS,15m
2026-01-22 13:15:00-05:00,1.2599999904632568,1.2599999904632568,1.2599999904632568,1.2599999904632568,134,0.0,0.0,AIHS,15m
2026-01-22 13:45:00-05:00,1.2599999904632568,1.2599999904632568,1.2599999904632568,1.2599999904632568,141,0.0,0.0,AIHS,15m
2026-01-22 14:00:00-05:00,1.2115000486373901,1.2115000486373901,1.2115000486373901,1.2115000486373901,2616,0.0,0.0,AIHS,15m
2026-01-22 14:15:00-05:00,1.2000000476837158,1.2000000476837158,1.2000000476837158,1.2000000476837158,623,0.0,0.0,AIHS,15m
2026-01-22 15:30:00-05:00,1.25,1.25,1.25,1.25,890,0.0,0.0,AIHS,15m
2026-01-22 15:45:00-05:00,1.274999976158142,1.274999976158142,1.274999976158142,1.274999976158142,7567,0.0,0.0,AIHS,15m
2026-01-23 09:30:00-05:00,1.2699999809265137,1.2699999809265137,1.2699999809265137,1.2699999809265137,446,0.0,0.0,AIHS,15m
2026-01-23 09:45:00-05:00,1.25,1.25,1.25,1.25,5001,0.0,0.0,AIHS,15m
2026-01-23 10:00:00-05:00,1.25,1.25,1.25,1.25,100,0.0,0.0,AIHS,15m
2026-01-23 10:15:00-05:00,1.2699999809265137,1.2699999809265137,1.2699999809265137,1.2699999809265137,806,0.0,0.0,AIHS,15m
2026-01-23 10:30:00-05:00,1.2599999904632568,1.2599999904632568,1.2599999904632568,1.2599999904632568,1773,0.0,0.0,AIHS,15m
2026-01-23 11:00:00-05:00,1.2649999856948853,1.2649999856948853,1.2649999856948853,1.2649999856948853,1114,0.0,0.0,AIHS,15m
2026-01-23 13:15:00-05:00,1.25,1.25,1.25,1.25,131,0.0,0.0,AIHS,15m
2026-01-23 14:30:00-05:00,1.2549999952316284,1.2549999952316284,1.2549999952316284,1.2549999952316284,100,0.0,0.0,AIHS,15m
2026-01-23 14:45:00-05:00,1.25,1.25,1.25,1.25,293,0.0,0.0,AIHS,15m
2026-01-23 15:00:00-05:00,1.2050000429153442,1.2050000429153442,1.2050000429153442,1.2050000429153442,705,0.0,0.0,AIHS,15m
2026-01-23 15:15:00-05:00,1.2599999904632568,1.2599999904632568,1.2599999904632568,1.2599999904632568,106,0.0,0.0,AIHS,15m
2026-01-23 15:45:00-05:00,1.2353999614715576,1.25,1.2353999614715576,1.25,400,0.0,0.0,AIHS,15m
2026-01-26 09:45:00-05:00,1.2450000047683716,1.2450000047683716,1.2450000047683716,1.2450000047683716,1528,0.0,0.0,AIHS,15m
2026-01-26 10:00:00-05:00,1.2300000190734863,1.2300000190734863,1.2300000190734863,1.2300000190734863,669,0.0,0.0,AIHS,15m
2026-01-26 10:30:00-05:00,1.159999966621399,1.1749999523162842,1.149999976158142,1.1749999523162842,3682,0.0,0.0,AIHS,15m
2026-01-26 11:15:00-05:00,1.2276999950408936,1.2276999950408936,1.2276999950408936,1.2276999950408936,204,0.0,0.0,AIHS,15m
2026-01-26 12:45:00-05:00,1.1950000524520874,1.2100000381469727,1.1950000524520874,1.2100000381469727,259,0.0,0.0,AIHS,15m
2026-01-26 14:30:00-05:00,1.1700999736785889,1.1700999736785889,1.1699999570846558,1.1699999570846558,888,0.0,0.0,AIHS,15m
2026-01-26 15:45:00-05:00,1.2000000476837158,1.2000000476837158,1.2000000476837158,1.2000000476837158,500,0.0,0.0,AIHS,15m
2026-01-27 09:30:00-05:00,1.190000057220459,1.190000057220459,1.190000057220459,1.190000057220459,156,0.0,0.0,AIHS,15m
2026-01-27 09:45:00-05:00,1.159999966621399,1.159999966621399,1.159999966621399,1.159999966621399,870,0.0,0.0,AIHS,15m
2026-01-27 11:00:00-05:00,1.2200000286102295,1.2200000286102295,1.2200000286102295,1.2200000286102295,585,0.0,0.0,AIHS,15m
2026-01-27 12:30:00-05:00,1.2100000381469727,1.2100000381469727,1.2100000381469727,1.2100000381469727,117,0.0,0.0,AIHS,15m
2026-01-27 14:45:00-05:00,1.2000000476837158,1.2000000476837158,1.2000000476837158,1.2000000476837158,511,0.0,0.0,AIHS,15m
2026-01-27 15:45:00-05:00,1.184999942779541,1.184999942779541,1.184999942779541,1.184999942779541,355,0.0,0.0,AIHS,15m
2026-01-28 09:30:00-05:00,1.1200000047683716,1.1200000047683716,1.1200000047683716,1.1200000047683716,684,0.0,0.0,AIHS,15m
2026-01-28 09:45:00-05:00,1.159999966621399,1.159999966621399,1.159999966621399,1.159999966621399,154,0.0,0.0,AIHS,15m
2026-01-28 10:00:00-05:00,1.159999966621399,1.159999966621399,1.159999966621399,1.159999966621399,103,0.0,0.0,AIHS,15m
2026-01-28 10:15:00-05:00,1.159999966621399,1.159999966621399,1.159999966621399,1.159999966621399,5609,0.0,0.0,AIHS,15m
2026-01-28 13:30:00-05:00,1.159999966621399,1.159999966621399,1.159999966621399,1.159999966621399,0,0.0,0.0,AIHS,15m
2026-01-28 15:30:00-05:00,1.1749999523162842,1.1749999523162842,1.1749999523162842,1.1749999523162842,8080,0.0,0.0,AIHS,15m
2026-01-29 09:30:00-05:00,1.1513999700546265,1.1513999700546265,1.1513999700546265,1.1513999700546265,1431,0.0,0.0,AIHS,15m
2026-01-29 10:15:00-05:00,1.1699999570846558,1.1699999570846558,1.1699999570846558,1.1699999570846558,515,0.0,0.0,AIHS,15m
2026-01-29 10:30:00-05:00,1.1699999570846558,1.1699999570846558,1.1693999767303467,1.1693999767303467,560,0.0,0.0,AIHS,15m
2026-01-29 10:45:00-05:00,1.160599946975708,1.160599946975708,1.160599946975708,1.160599946975708,787,0.0,0.0,AIHS,15m
2026-01-29 11:30:00-05:00,1.159999966621399,1.159999966621399,1.159999966621399,1.159999966621399,416,0.0,0.0,AIHS,15m
2026-01-29 11:45:00-05:00,1.151900053024292,1.151900053024292,1.149999976158142,1.149999976158142,6919,0.0,0.0,AIHS,15m
2026-01-29 12:45:00-05:00,1.149999976158142,1.149999976158142,1.149999976158142,1.149999976158142,121,0.0,0.0,AIHS,15m
2026-01-29 13:30:00-05:00,1.1502000093460083,1.1502000093460083,1.1502000093460083,1.1502000093460083,284,0.0,0.0,AIHS,15m
2026-01-29 13:45:00-05:00,1.149999976158142,1.149999976158142,1.149999976158142,1.149999976158142,2778,0.0,0.0,AIHS,15m
2026-01-29 14:00:00-05:00,1.149999976158142,1.149999976158142,1.149999976158142,1.149999976158142,2896,0.0,0.0,AIHS,15m
2026-01-29 15:15:00-05:00,1.149999976158142,1.149999976158142,1.149999976158142,1.149999976158142,200,0.0,0.0,AIHS,15m
2026-01-29 15:30:00-05:00,1.149999976158142,1.149999976158142,1.1449999809265137,1.149999976158142,631,0.0,0.0,AIHS,15m
2026-01-29 15:45:00-05:00,1.1649999618530273,1.1649999618530273,1.1649999618530273,1.1649999618530273,110,0.0,0.0,AIHS,15m
2026-02-02 12:15:00-05:00,1.160099983215332,1.160099983215332,1.160099983215332,1.160099983215332,5334,0.0,0.0,AIHS,15m
2026-02-02 15:15:00-05:00,1.1679999828338623,1.1679999828338623,1.1679999828338623,1.1679999828338623,370,0.0,0.0,AIHS,15m
2026-02-02 15:45:00-05:00,1.1648000478744507,1.1749999523162842,1.159999966621399,1.1749999523162842,2062,0.0,0.0,AIHS,15m
2026-02-03 09:30:00-05:00,1.1507999897003174,1.1507999897003174,1.1507999897003174,1.1507999897003174,0,0.0,0.0,AIHS,15m
2026-02-03 10:00:00-05:00,1.1698999404907227,1.1699999570846558,1.1698999404907227,1.1699999570846558,6204,0.0,0.0,AIHS,15m
2026-02-03 12:30:00-05:00,1.159999966621399,1.159999966621399,1.159999966621399,1.159999966621399,197,0.0,0.0,AIHS,15m
2026-02-03 13:00:00-05:00,1.149999976158142,1.149999976158142,1.149999976158142,1.149999976158142,2256,0.0,0.0,AIHS,15m
2026-02-03 13:15:00-05:00,1.149999976158142,1.149999976158142,1.149999976158142,1.149999976158142,203,0.0,0.0,AIHS,15m
2026-02-03 13:45:00-05:00,1.1401000022888184,1.1401000022888184,1.1401000022888184,1.1401000022888184,7158,0.0,0.0,AIHS,15m
2026-02-03 14:00:00-05:00,1.1399999856948853,1.1399999856948853,1.1399999856948853,1.1399999856948853,554,0.0,0.0,AIHS,15m
2026-02-03 14:30:00-05:00,1.1401000022888184,1.1401000022888184,1.1401000022888184,1.1401000022888184,100,0.0,0.0,AIHS,15m
2026-02-03 15:30:00-05:00,1.149999976158142,1.149999976158142,1.1449999809265137,1.149999976158142,10487,0.0,0.0,AIHS,15m
2026-02-04 11:45:00-05:00,1.1794999837875366,1.1794999837875366,1.1794999837875366,1.1794999837875366,175,0.0,0.0,AIHS,15m
2026-02-04 13:15:00-05:00,1.149999976158142,1.149999976158142,1.149999976158142,1.149999976158142,239,0.0,0.0,AIHS,15m
2026-02-04 14:00:00-05:00,1.184999942779541,1.184999942779541,1.184999942779541,1.184999942779541,176,0.0,0.0,AIHS,15m
2026-02-04 15:30:00-05:00,1.1698999404907227,1.1698999404907227,1.1698999404907227,1.1698999404907227,350,0.0,0.0,AIHS,15m
2026-02-04 15:45:00-05:00,1.1699999570846558,1.1699999570846558,1.1699999570846558,1.1699999570846558,372,0.0,0.0,AIHS,15m
2026-02-05 09:30:00-05:00,1.149999976158142,1.149999976158142,1.149999976158142,1.149999976158142,2712,0.0,0.0,AIHS,15m
2026-02-05 09:45:00-05:00,1.1698999404907227,1.1698999404907227,1.1698999404907227,1.1698999404907227,200,0.0,0.0,AIHS,15m
2026-02-05 10:00:00-05:00,1.159999966621399,1.159999966621399,1.159999966621399,1.159999966621399,210,0.0,0.0,AIHS,15m
2026-02-05 10:30:00-05:00,1.151900053024292,1.151900053024292,1.151900053024292,1.151900053024292,500,0.0,0.0,AIHS,15m
2026-02-05 10:45:00-05:00,1.159999966621399,1.159999966621399,1.159999966621399,1.159999966621399,0,0.0,0.0,AIHS,15m
2026-02-05 11:00:00-05:00,1.152400016784668,1.152400016784668,1.1518000364303589,1.1518000364303589,704,0.0,0.0,AIHS,15m
2026-02-05 11:30:00-05:00,1.149999976158142,1.149999976158142,1.149999976158142,1.149999976158142,305,0.0,0.0,AIHS,15m
2026-02-05 11:45:00-05:00,1.149999976158142,1.149999976158142,1.149999976158142,1.149999976158142,140,0.0,0.0,AIHS,15m
2026-02-05 13:45:00-05:00,1.1540000438690186,1.1540000438690186,1.149999976158142,1.149999976158142,775,0.0,0.0,AIHS,15m
2026-02-05 14:15:00-05:00,1.149999976158142,1.1579999923706055,1.149999976158142,1.1579999923706055,2251,0.0,0.0,AIHS,15m
2026-02-05 14:30:00-05:00,1.1536999940872192,1.1536999940872192,1.1536999940872192,1.1536999940872192,1015,0.0,0.0,AIHS,15m
2026-02-05 15:30:00-05:00,1.1552000045776367,1.1552000045776367,1.1552000045776367,1.1552000045776367,806,0.0,0.0,AIHS,15m
2026-02-05 15:45:00-05:00,1.149999976158142,1.149999976158142,1.1349999904632568,1.1375000476837158,20258,0.0,0.0,AIHS,15m
2026-02-06 09:45:00-05:00,1.149899959564209,1.149899959564209,1.149899959564209,1.149899959564209,618,0.0,0.0,AIHS,15m
2026-02-06 10:45:00-05:00,1.149899959564209,1.149899959564209,1.149899959564209,1.149899959564209,148,0.0,0.0,AIHS,15m
2026-02-06 13:30:00-05:00,1.1500999927520752,1.1500999927520752,1.1500999927520752,1.1500999927520752,614,0.0,0.0,AIHS,15m
2026-02-09 09:45:00-05:00,1.1799999475479126,1.1799999475479126,1.1799999475479126,1.1799999475479126,625,0.0,0.0,AIHS,15m
2026-02-09 10:15:00-05:00,1.1699999570846558,1.1699999570846558,1.1699999570846558,1.1699999570846558,769,0.0,0.0,AIHS,15m
2026-02-09 10:30:00-05:00,1.1632000207901,1.1632000207901,1.1632000207901,1.1632000207901,425,0.0,0.0,AIHS,15m
2026-02-09 11:00:00-05:00,1.1799999475479126,1.1799999475479126,1.1799999475479126,1.1799999475479126,523,0.0,0.0,AIHS,15m
2026-02-09 12:00:00-05:00,1.1799999475479126,1.1799999475479126,1.1799999475479126,1.1799999475479126,302,0.0,0.0,AIHS,15m
2026-02-09 12:45:00-05:00,1.1622999906539917,1.1622999906539917,1.1622999906539917,1.1622999906539917,1553,0.0,0.0,AIHS,15m
2026-02-09 13:00:00-05:00,1.1699999570846558,1.1699999570846558,1.1699999570846558,1.1699999570846558,354,0.0,0.0,AIHS,15m
2026-02-09 14:30:00-05:00,1.1699999570846558,1.1699999570846558,1.1612999439239502,1.1612999439239502,1459,0.0,0.0,AIHS,15m
2026-02-09 14:45:00-05:00,1.1649999618530273,1.1649999618530273,1.1649999618530273,1.1649999618530273,147,0.0,0.0,AIHS,15m
2026-02-10 10:15:00-05:00,1.1799999475479126,1.1799999475479126,1.1799999475479126,1.1799999475479126,1202,0.0,0.0,AIHS,15m
2026-02-10 10:30:00-05:00,1.159999966621399,1.1649999618530273,1.159999966621399,1.1649999618530273,430,0.0,0.0,AIHS,15m
2026-02-10 11:30:00-05:00,1.1649999618530273,1.1649999618530273,1.1649999618530273,1.1649999618530273,130,0.0,0.0,AIHS,15m
2026-02-10 12:15:00-05:00,1.1649999618530273,1.1649999618530273,1.1649999618530273,1.1649999618530273,122,0.0,0.0,AIHS,15m
2026-02-10 12:30:00-05:00,1.159999966621399,1.159999966621399,1.159999966621399,1.159999966621399,100,0.0,0.0,AIHS,15m
2026-02-10 13:15:00-05:00,1.1549999713897705,1.1549999713897705,1.1503000259399414,1.1503000259399414,349,0.0,0.0,AIHS,15m
2026-02-10 14:15:00-05:00,1.159999966621399,1.159999966621399,1.159999966621399,1.159999966621399,377,0.0,0.0,AIHS,15m
2026-02-11 09:30:00-05:00,1.1699999570846558,1.1699999570846558,1.1699999570846558,1.1699999570846558,716,0.0,0.0,AIHS,15m
2026-02-11 10:00:00-05:00,1.149999976158142,1.149999976158142,1.149999976158142,1.149999976158142,5319,0.0,0.0,AIHS,15m
2026-02-11 10:15:00-05:00,1.149999976158142,1.149999976158142,1.149999976158142,1.149999976158142,280,0.0,0.0,AIHS,15m
2026-02-11 10:30:00-05:00,1.1404000520706177,1.1404000520706177,1.1404000520706177,1.1404000520706177,554,0.0,0.0,AIHS,15m
2026-02-11 11:30:00-05:00,1.149999976158142,1.149999976158142,1.149999976158142,1.149999976158142,206,0.0,0.0,AIHS,15m
2026-02-11 12:15:00-05:00,1.1401000022888184,1.1401000022888184,1.1401000022888184,1.1401000022888184,244,0.0,0.0,AIHS,15m
2026-02-11 14:45:00-05:00,1.1399999856948853,1.1399999856948853,1.1399999856948853,1.1399999856948853,189,0.0,0.0,AIHS,15m
2026-02-11 15:45:00-05:00,1.1449999809265137,1.1449999809265137,1.1449999809265137,1.1449999809265137,201,0.0,0.0,AIHS,15m
2026-02-12 10:00:00-05:00,1.149999976158142,1.149999976158142,1.1399999856948853,1.149999976158142,3845,0.0,0.0,AIHS,15m
2026-02-12 10:30:00-05:00,1.149999976158142,1.149999976158142,1.149999976158142,1.149999976158142,274,0.0,0.0,AIHS,15m
2026-02-12 12:45:00-05:00,1.1699999570846558,1.1699999570846558,1.1699999570846558,1.1699999570846558,180,0.0,0.0,AIHS,15m
2026-02-12 13:15:00-05:00,1.1699999570846558,1.1897000074386597,1.1699999570846558,1.1897000074386597,363,0.0,0.0,AIHS,15m
2026-02-12 14:00:00-05:00,1.1799999475479126,1.1799999475479126,1.1799999475479126,1.1799999475479126,325,0.0,0.0,AIHS,15m
2026-02-12 15:15:00-05:00,1.1799999475479126,1.1799999475479126,1.1799999475479126,1.1799999475479126,516,0.0,0.0,AIHS,15m
2026-02-12 15:45:00-05:00,1.1699999570846558,1.1699999570846558,1.1699999570846558,1.1699999570846558,254,0.0,0.0,AIHS,15m
2026-02-13 09:30:00-05:00,1.1500999927520752,1.263700008392334,1.1500999927520752,1.263700008392334,701,0.0,0.0,AIHS,15m
2026-02-13 10:15:00-05:00,1.149999976158142,1.149999976158142,1.149999976158142,1.149999976158142,1873,0.0,0.0,AIHS,15m
2026-02-13 13:30:00-05:00,1.25,1.25,1.2009999752044678,1.2009999752044678,653,0.0,0.0,AIHS,15m
2026-02-13 14:00:00-05:00,1.1999000310897827,1.1999000310897827,1.1999000310897827,1.1999000310897827,1351,0.0,0.0,AIHS,15m
2026-02-17 09:30:00-05:00,1.2799999713897705,1.2799999713897705,1.2309999465942383,1.2476999759674072,4941,0.0,0.0,AIHS,15m
2026-02-17 09:45:00-05:00,1.2300000190734863,1.2335000038146973,1.225000023841858,1.2335000038146973,3143,0.0,0.0,AIHS,15m
2026-02-17 11:15:00-05:00,1.2310999631881714,1.2310999631881714,1.2310999631881714,1.2310999631881714,416,0.0,0.0,AIHS,15m
2026-02-17 12:45:00-05:00,1.2300000190734863,1.2350000143051147,1.2300000190734863,1.2350000143051147,649,0.0,0.0,AIHS,15m
2026-02-17 15:00:00-05:00,1.2312999963760376,1.2312999963760376,1.2312999963760376,1.2312999963760376,123,0.0,0.0,AIHS,15m
2026-02-17 15:30:00-05:00,1.2301000356674194,1.2301000356674194,1.2301000356674194,1.2301000356674194,500,0.0,0.0,AIHS,15m
2026-02-17 15:45:00-05:00,1.2200000286102295,1.2201000452041626,1.2200000286102295,1.2200000286102295,1522,0.0,0.0,AIHS,15m
2026-02-18 10:00:00-05:00,1.2200000286102295,1.2200000286102295,1.2200000286102295,1.2200000286102295,722,0.0,0.0,AIHS,15m
2026-02-18 10:15:00-05:00,1.2376999855041504,1.2376999855041504,1.2376999855041504,1.2376999855041504,200,0.0,0.0,AIHS,15m
2026-02-18 10:30:00-05:00,1.2337000370025635,1.2337000370025635,1.2337000370025635,1.2337000370025635,324,0.0,0.0,AIHS,15m
2026-02-18 12:30:00-05:00,1.2400000095367432,1.2400000095367432,1.2400000095367432,1.2400000095367432,1750,0.0,0.0,AIHS,15m
2026-02-18 13:00:00-05:00,1.2899999618530273,1.2899999618530273,1.2416000366210938,1.2416000366210938,1800,0.0,0.0,AIHS,15m
2026-02-18 15:15:00-05:00,1.2699999809265137,1.3200000524520874,1.2699999809265137,1.3200000524520874,1616,0.0,0.0,AIHS,15m
2026-02-18 15:45:00-05:00,1.3029999732971191,1.3199000358581543,1.2999999523162842,1.2999999523162842,11125,0.0,0.0,AIHS,15m
2026-02-19 09:45:00-05:00,1.309999942779541,1.309999942779541,1.309999942779541,1.309999942779541,142,0.0,0.0,AIHS,15m
2026-02-19 10:30:00-05:00,1.3016999959945679,1.3049999475479126,1.3016999959945679,1.3049999475479126,5868,0.0,0.0,AIHS,15m
2026-02-19 13:30:00-05:00,1.3200000524520874,1.3200000524520874,1.3200000524520874,1.3200000524520874,112,0.0,0.0,AIHS,15m
2026-02-19 14:30:00-05:00,1.3342000246047974,1.3342000246047974,1.3342000246047974,1.3342000246047974,205,0.0,0.0,AIHS,15m
2026-02-19 15:30:00-05:00,1.3300000429153442,1.3300000429153442,1.3200000524520874,1.3200000524520874,7473,0.0,0.0,AIHS,15m
2026-02-19 15:45:00-05:00,1.2999999523162842,1.3199000358581543,1.2999999523162842,1.3199000358581543,8776,0.0,0.0,AIHS,15m
2026-02-20 09:30:00-05:00,1.309999942779541,1.309999942779541,1.309999942779541,1.309999942779541,0,0.0,0.0,AIHS,15m
2026-02-20 09:45:00-05:00,1.2999999523162842,1.2999999523162842,1.2999999523162842,1.2999999523162842,612,0.0,0.0,AIHS,15m
2026-02-20 10:00:00-05:00,1.2999999523162842,1.309999942779541,1.2999999523162842,1.309999942779541,919,0.0,0.0,AIHS,15m
2026-02-20 10:30:00-05:00,1.2999999523162842,1.2999999523162842,1.2999999523162842,1.2999999523162842,154,0.0,0.0,AIHS,15m
2026-02-20 10:45:00-05:00,1.2999999523162842,1.2999999523162842,1.2999999523162842,1.2999999523162842,1150,0.0,0.0,AIHS,15m
2026-02-20 11:30:00-05:00,1.2999999523162842,1.2999999523162842,1.2999999523162842,1.2999999523162842,490,0.0,0.0,AIHS,15m
2026-02-20 15:00:00-05:00,1.3000999689102173,1.3000999689102173,1.3000999689102173,1.3000999689102173,497,0.0,0.0,AIHS,15m
2026-02-23 09:30:00-05:00,1.295799970626831,1.295799970626831,1.2899999618530273,1.2899999618530273,680,0.0,0.0,AIHS,15m
2026-02-23 09:45:00-05:00,1.2900999784469604,1.2903000116348267,1.2899999618530273,1.2899999618530273,2184,0.0,0.0,AIHS,15m
2026-02-23 10:30:00-05:00,1.2899999618530273,1.2899999618530273,1.2899999618530273,1.2899999618530273,131,0.0,0.0,AIHS,15m
2026-02-23 11:00:00-05:00,1.2899999618530273,1.2899999618530273,1.2899999618530273,1.2899999618530273,341,0.0,0.0,AIHS,15m
2026-02-23 11:15:00-05:00,1.2899999618530273,1.2899999618530273,1.2899999618530273,1.2899999618530273,166,0.0,0.0,AIHS,15m
2026-02-23 11:30:00-05:00,1.2899999618530273,1.2899999618530273,1.2899999618530273,1.2899999618530273,451,0.0,0.0,AIHS,15m
2026-02-23 12:00:00-05:00,1.2899999618530273,1.2899999618530273,1.2899999618530273,1.2899999618530273,111,0.0,0.0,AIHS,15m
2026-02-23 12:15:00-05:00,1.2899999618530273,1.2899999618530273,1.2899999618530273,1.2899999618530273,117,0.0,0.0,AIHS,15m
2026-02-23 14:00:00-05:00,1.2899999618530273,1.2899999618530273,1.2899999618530273,1.2899999618530273,100,0.0,0.0,AIHS,15m
2026-02-23 14:15:00-05:00,1.2899999618530273,1.2899999618530273,1.2899999618530273,1.2899999618530273,118,0.0,0.0,AIHS,15m
2026-02-23 15:45:00-05:00,1.2899999618530273,1.2999999523162842,1.2899999618530273,1.2999999523162842,476,0.0,0.0,AIHS,15m
2026-02-24 09:30:00-05:00,1.2899999618530273,1.2949999570846558,1.2899999618530273,1.2949999570846558,2229,0.0,0.0,AIHS,15m
2026-02-24 09:45:00-05:00,1.2899999618530273,1.2899999618530273,1.2899999618530273,1.2899999618530273,494,0.0,0.0,AIHS,15m
2026-02-24 10:00:00-05:00,1.2899999618530273,1.2899999618530273,1.2899999618530273,1.2899999618530273,4201,0.0,0.0,AIHS,15m
2026-02-24 10:15:00-05:00,1.2899999618530273,1.2899999618530273,1.2899999618530273,1.2899999618530273,568,0.0,0.0,AIHS,15m
2026-02-24 10:30:00-05:00,1.2799999713897705,1.2799999713897705,1.2799999713897705,1.2799999713897705,428,0.0,0.0,AIHS,15m
2026-02-24 11:30:00-05:00,1.2899999618530273,1.2899999618530273,1.2899999618530273,1.2899999618530273,1002,0.0,0.0,AIHS,15m
2026-02-24 11:45:00-05:00,1.2799999713897705,1.2799999713897705,1.2799999713897705,1.2799999713897705,100,0.0,0.0,AIHS,15m
2026-02-24 12:00:00-05:00,1.284999966621399,1.2899999618530273,1.284999966621399,1.2899999618530273,2197,0.0,0.0,AIHS,15m
2026-02-24 12:30:00-05:00,1.2799999713897705,1.2799999713897705,1.2799999713897705,1.2799999713897705,113,0.0,0.0,AIHS,15m
2026-02-24 13:30:00-05:00,1.2799999713897705,1.2799999713897705,1.2799999713897705,1.2799999713897705,2696,0.0,0.0,AIHS,15m
2026-02-24 13:45:00-05:00,1.2799999713897705,1.2799999713897705,1.2799999713897705,1.2799999713897705,218,0.0,0.0,AIHS,15m
2026-02-24 14:00:00-05:00,1.2799999713897705,1.2799999713897705,1.2799999713897705,1.2799999713897705,17,0.0,0.0,AIHS,15m
2026-02-24 15:30:00-05:00,1.2799999713897705,1.2799999713897705,1.2799999713897705,1.2799999713897705,111,0.0,0.0,AIHS,15m
2026-02-25 09:30:00-05:00,1.2813999652862549,1.3638999462127686,1.2813999652862549,1.2999999523162842,903,0.0,0.0,AIHS,15m
2026-02-25 09:45:00-05:00,1.2899999618530273,1.2899999618530273,1.2899999618530273,1.2899999618530273,165,0.0,0.0,AIHS,15m
2026-02-25 11:30:00-05:00,1.2799999713897705,1.2799999713897705,1.2799999713897705,1.2799999713897705,167,0.0,0.0,AIHS,15m
2026-02-25 12:00:00-05:00,1.2799999713897705,1.2799999713897705,1.2799999713897705,1.2799999713897705,203,0.0,0.0,AIHS,15m
2026-02-25 12:15:00-05:00,1.2799999713897705,1.2799999713897705,1.2799999713897705,1.2799999713897705,110,0.0,0.0,AIHS,15m
2026-02-25 12:45:00-05:00,1.2799999713897705,1.2899999618530273,1.2799999713897705,1.2899999618530273,1067,0.0,0.0,AIHS,15m
2026-02-25 13:00:00-05:00,1.2899999618530273,1.2899999618530273,1.2899999618530273,1.2899999618530273,709,0.0,0.0,AIHS,15m
2026-02-25 13:15:00-05:00,1.2799999713897705,1.2799999713897705,1.2799999713897705,1.2799999713897705,121,0.0,0.0,AIHS,15m
2026-02-25 14:45:00-05:00,1.284000039100647,1.284000039100647,1.284000039100647,1.284000039100647,200,0.0,0.0,AIHS,15m
2026-02-25 15:00:00-05:00,1.2968000173568726,1.2968000173568726,1.2799999713897705,1.2799999713897705,411,0.0,0.0,AIHS,15m
2026-02-25 15:45:00-05:00,1.2799999713897705,1.2799999713897705,1.2799999713897705,1.2799999713897705,273,0.0,0.0,AIHS,15m
2026-02-26 10:45:00-05:00,1.2821999788284302,1.2821999788284302,1.2821999788284302,1.2821999788284302,3027,0.0,0.0,AIHS,15m
2026-02-26 13:45:00-05:00,1.2839000225067139,1.2839000225067139,1.2839000225067139,1.2839000225067139,399,0.0,0.0,AIHS,15m
2026-02-26 14:15:00-05:00,1.2799999713897705,1.2799999713897705,1.2799999713897705,1.2799999713897705,100,0.0,0.0,AIHS,15m
2026-02-26 14:45:00-05:00,1.2999999523162842,1.2999999523162842,1.2999999523162842,1.2999999523162842,400,0.0,0.0,AIHS,15m
2026-02-26 15:15:00-05:00,1.2999000549316406,1.2999999523162842,1.2999000549316406,1.2999999523162842,1097,0.0,0.0,AIHS,15m
2026-02-27 09:30:00-05:00,1.2999999523162842,1.2999999523162842,1.2999999523162842,1.2999999523162842,1690,0.0,0.0,AIHS,15m
2026-02-27 09:45:00-05:00,1.2999999523162842,1.2999999523162842,1.2999999523162842,1.2999999523162842,353,0.0,0.0,AIHS,15m
2026-02-27 12:30:00-05:00,1.3011000156402588,1.3011000156402588,1.3011000156402588,1.3011000156402588,250,0.0,0.0,AIHS,15m
2026-02-27 12:45:00-05:00,1.2999999523162842,1.2999999523162842,1.2999999523162842,1.2999999523162842,100,0.0,0.0,AIHS,15m
2026-02-27 13:15:00-05:00,1.3000999689102173,1.3000999689102173,1.3000999689102173,1.3000999689102173,287,0.0,0.0,AIHS,15m
2026-03-02 09:30:00-05:00,1.2799999713897705,1.2899999618530273,1.2799999713897705,1.2899999618530273,6481,0.0,0.0,AIHS,15m
2026-03-02 11:00:00-05:00,1.2899999618530273,1.2899999618530273,1.2899999618530273,1.2899999618530273,545,0.0,0.0,AIHS,15m
2026-03-02 12:45:00-05:00,1.333299994468689,1.333299994468689,1.3000999689102173,1.3000999689102173,304,0.0,0.0,AIHS,15m
2026-03-03 09:30:00-05:00,1.2899999618530273,1.2899999618530273,1.2899999618530273,1.2899999618530273,7509,0.0,0.0,AIHS,15m
2026-03-03 09:45:00-05:00,1.2899999618530273,1.2899999618530273,1.2899999618530273,1.2899999618530273,305,0.0,0.0,AIHS,15m
2026-03-03 10:00:00-05:00,1.2899999618530273,1.2899999618530273,1.2899999618530273,1.2899999618530273,482,0.0,0.0,AIHS,15m
2026-03-03 10:15:00-05:00,1.2899999618530273,1.2899999618530273,1.2899999618530273,1.2899999618530273,6448,0.0,0.0,AIHS,15m
2026-03-03 10:30:00-05:00,1.2899999618530273,1.2899999618530273,1.2899999618530273,1.2899999618530273,200,0.0,0.0,AIHS,15m
2026-03-03 10:45:00-05:00,1.2944999933242798,1.2944999933242798,1.2899999618530273,1.2899999618530273,356,0.0,0.0,AIHS,15m
2026-03-03 11:15:00-05:00,1.2899999618530273,1.2899999618530273,1.2899999618530273,1.2899999618530273,200,0.0,0.0,AIHS,15m
2026-03-03 11:30:00-05:00,1.2899999618530273,1.2899999618530273,1.2899999618530273,1.2899999618530273,1683,0.0,0.0,AIHS,15m
2026-03-03 11:45:00-05:00,1.2799999713897705,1.2799999713897705,1.2799999713897705,1.2799999713897705,224,0.0,0.0,AIHS,15m
2026-03-03 12:00:00-05:00,1.2799999713897705,1.2799999713897705,1.2799999713897705,1.2799999713897705,129,0.0,0.0,AIHS,15m
2026-03-03 12:45:00-05:00,1.2799999713897705,1.2799999713897705,1.2799999713897705,1.2799999713897705,259,0.0,0.0,AIHS,15m
2026-03-03 13:00:00-05:00,1.2799999713897705,1.2799999713897705,1.2799999713897705,1.2799999713897705,101,0.0,0.0,AIHS,15m
2026-03-03 13:15:00-05:00,1.281499981880188,1.281499981880188,1.2812999486923218,1.2812999486923218,615,0.0,0.0,AIHS,15m
2026-03-03 13:45:00-05:00,1.2799999713897705,1.2799999713897705,1.2799999713897705,1.2799999713897705,1334,0.0,0.0,AIHS,15m
2026-03-03 14:00:00-05:00,1.2699999809265137,1.2699999809265137,1.2699999809265137,1.2699999809265137,156,0.0,0.0,AIHS,15m
2026-03-03 14:15:00-05:00,1.2699999809265137,1.2699999809265137,1.2699999809265137,1.2699999809265137,180,0.0,0.0,AIHS,15m
2026-03-03 14:45:00-05:00,1.2699999809265137,1.2699999809265137,1.2699999809265137,1.2699999809265137,153,0.0,0.0,AIHS,15m
2026-03-03 15:00:00-05:00,1.2699999809265137,1.2699999809265137,1.2699999809265137,1.2699999809265137,210,0.0,0.0,AIHS,15m
2026-03-04 09:30:00-05:00,1.2799999713897705,1.2799999713897705,1.2699999809265137,1.2699999809265137,3027,0.0,0.0,AIHS,15m
2026-03-04 09:45:00-05:00,1.2798999547958374,1.2798999547958374,1.2798999547958374,1.2798999547958374,503,0.0,0.0,AIHS,15m
2026-03-04 10:00:00-05:00,1.2699999809265137,1.2699999809265137,1.2699999809265137,1.2699999809265137,246,0.0,0.0,AIHS,15m
2026-03-04 10:30:00-05:00,1.2699999809265137,1.2699999809265137,1.2699999809265137,1.2699999809265137,169,0.0,0.0,AIHS,15m
2026-03-04 11:00:00-05:00,1.2799999713897705,1.2799999713897705,1.2799999713897705,1.2799999713897705,238,0.0,0.0,AIHS,15m
2026-03-04 11:15:00-05:00,1.2790000438690186,1.409999966621399,1.2790000438690186,1.409999966621399,14847,0.0,0.0,AIHS,15m
2026-03-04 11:30:00-05:00,1.409999966621399,1.4198999404907227,1.3600000143051147,1.3701000213623047,4702,0.0,0.0,AIHS,15m
2026-03-04 11:45:00-05:00,1.3700000047683716,1.3949999809265137,1.3700000047683716,1.3700000047683716,4212,0.0,0.0,AIHS,15m
2026-03-04 12:00:00-05:00,1.3799999952316284,1.3799999952316284,1.3799999952316284,1.3799999952316284,409,0.0,0.0,AIHS,15m
2026-03-04 13:15:00-05:00,1.3698999881744385,1.3698999881744385,1.3200000524520874,1.3200000524520874,1092,0.0,0.0,AIHS,15m
2026-03-04 14:45:00-05:00,1.3898999691009521,1.3898999691009521,1.3898999691009521,1.3898999691009521,2000,0.0,0.0,AIHS,15m
2026-03-04 15:15:00-05:00,1.3949999809265137,1.3949999809265137,1.3949999809265137,1.3949999809265137,4241,0.0,0.0,AIHS,15m
2026-03-04 15:30:00-05:00,1.3700000047683716,1.3700000047683716,1.3700000047683716,1.3700000047683716,0,0.0,0.0,AIHS,15m
2026-03-04 15:45:00-05:00,1.3350000381469727,1.3899999856948853,1.2799999713897705,1.3899999856948853,2962,0.0,0.0,AIHS,15m
2026-03-05 09:30:00-05:00,1.3799999952316284,1.3799999952316284,1.3799999952316284,1.3799999952316284,302,0.0,0.0,AIHS,15m
2026-03-05 09:45:00-05:00,1.3109999895095825,1.3109999895095825,1.2976000308990479,1.2976000308990479,2461,0.0,0.0,AIHS,15m
2026-03-05 10:00:00-05:00,1.3200000524520874,1.3200000524520874,1.3200000524520874,1.3200000524520874,955,0.0,0.0,AIHS,15m
2026-03-05 10:30:00-05:00,1.3300000429153442,1.3300000429153442,1.3300000429153442,1.3300000429153442,839,0.0,0.0,AIHS,15m
2026-03-05 13:30:00-05:00,1.3799999952316284,1.3799999952316284,1.3700000047683716,1.3700000047683716,203,0.0,0.0,AIHS,15m
2026-03-05 13:45:00-05:00,1.3899999856948853,1.3899999856948853,1.3899999856948853,1.3899999856948853,359,0.0,0.0,AIHS,15m
2026-03-05 15:45:00-05:00,1.3899999856948853,1.3899999856948853,1.3899999856948853,1.3899999856948853,2016,0.0,0.0,AIHS,15m
2026-03-06 09:30:00-05:00,1.3898999691009521,1.3898999691009521,1.375,1.375,6099,0.0,0.0,AIHS,15m
2026-03-06 10:00:00-05:00,1.3899999856948853,1.3899999856948853,1.3899999856948853,1.3899999856948853,239,0.0,0.0,AIHS,15m
2026-03-06 10:15:00-05:00,1.4496999979019165,1.4496999979019165,1.4496999979019165,1.4496999979019165,279,0.0,0.0,AIHS,15m
2026-03-06 11:30:00-05:00,1.4199999570846558,1.4199999570846558,1.4199999570846558,1.4199999570846558,620,0.0,0.0,AIHS,15m
2026-03-06 12:00:00-05:00,1.4499000310897827,1.4499000310897827,1.437399983406067,1.437399983406067,4027,0.0,0.0,AIHS,15m
2026-03-06 12:15:00-05:00,1.4392999410629272,1.4438999891281128,1.4392999410629272,1.4438999891281128,3549,0.0,0.0,AIHS,15m
2026-03-06 12:30:00-05:00,1.447100043296814,1.447100043296814,1.447100043296814,1.447100043296814,418,0.0,0.0,AIHS,15m
2026-03-06 12:45:00-05:00,1.440000057220459,1.440000057220459,1.440000057220459,1.440000057220459,205,0.0,0.0,AIHS,15m
2026-03-06 13:00:00-05:00,1.440000057220459,1.440000057220459,1.440000057220459,1.440000057220459,1323,0.0,0.0,AIHS,15m
2026-03-06 14:00:00-05:00,1.4800000190734863,1.4800000190734863,1.4800000190734863,1.4800000190734863,576,0.0,0.0,AIHS,15m
2026-03-06 15:00:00-05:00,1.4900000095367432,1.4900000095367432,1.4900000095367432,1.4900000095367432,624,0.0,0.0,AIHS,15m
2026-03-09 09:30:00-04:00,1.4528000354766846,1.4528000354766846,1.4114999771118164,1.4114999771118164,2151,0.0,0.0,AIHS,15m
2026-03-09 10:15:00-04:00,1.4234999418258667,1.4234999418258667,1.4234999418258667,1.4234999418258667,694,0.0,0.0,AIHS,15m
2026-03-09 10:45:00-04:00,1.5398999452590942,1.5398999452590942,1.5398999452590942,1.5398999452590942,1354,0.0,0.0,AIHS,15m
2026-03-09 11:00:00-04:00,1.5099999904632568,1.5099999904632568,1.4485000371932983,1.4485000371932983,6567,0.0,0.0,AIHS,15m
2026-03-09 12:00:00-04:00,1.4500000476837158,1.4600000381469727,1.4500000476837158,1.4600000381469727,849,0.0,0.0,AIHS,15m
2026-03-09 12:15:00-04:00,1.4434000253677368,1.4434000253677368,1.4434000253677368,1.4434000253677368,400,0.0,0.0,AIHS,15m
2026-03-09 12:30:00-04:00,1.4807000160217285,1.5099999904632568,1.4807000160217285,1.5099999904632568,2812,0.0,0.0,AIHS,15m
2026-03-09 12:45:00-04:00,1.4500000476837158,1.4500000476837158,1.4500000476837158,1.4500000476837158,1052,0.0,0.0,AIHS,15m
2026-03-09 13:00:00-04:00,1.5,1.5,1.5,1.5,12609,0.0,0.0,AIHS,15m
2026-03-09 15:15:00-04:00,1.4600000381469727,1.4600000381469727,1.4199999570846558,1.4199999570846558,508,0.0,0.0,AIHS,15m
2026-03-09 15:30:00-04:00,1.4600000381469727,1.4600000381469727,1.4199999570846558,1.4600000381469727,5873,0.0,0.0,AIHS,15m
2026-03-09 15:45:00-04:00,1.4199999570846558,1.4450000524520874,1.4199999570846558,1.4299999475479126,6173,0.0,0.0,AIHS,15m
2026-03-10 09:30:00-04:00,1.399999976158142,1.399999976158142,1.399999976158142,1.399999976158142,1613,0.0,0.0,AIHS,15m
2026-03-10 09:45:00-04:00,1.399999976158142,1.399999976158142,1.399999976158142,1.399999976158142,407,0.0,0.0,AIHS,15m
2026-03-10 10:15:00-04:00,1.4039000272750854,1.4039000272750854,1.4039000272750854,1.4039000272750854,1599,0.0,0.0,AIHS,15m
2026-03-10 10:45:00-04:00,1.409999966621399,1.409999966621399,1.399999976158142,1.399999976158142,1023,0.0,0.0,AIHS,15m
2026-03-10 11:45:00-04:00,1.399999976158142,1.399999976158142,1.399999976158142,1.399999976158142,200,0.0,0.0,AIHS,15m
2026-03-10 12:00:00-04:00,1.399999976158142,1.399999976158142,1.399999976158142,1.399999976158142,3898,0.0,0.0,AIHS,15m
2026-03-10 13:00:00-04:00,1.3700000047683716,1.3700000047683716,1.3700000047683716,1.3700000047683716,1241,0.0,0.0,AIHS,15m
2026-03-10 14:45:00-04:00,1.3698999881744385,1.3698999881744385,1.3698999881744385,1.3698999881744385,105,0.0,0.0,AIHS,15m
2026-03-10 15:30:00-04:00,1.350000023841858,1.350000023841858,1.350000023841858,1.350000023841858,10565,0.0,0.0,AIHS,15m
2026-03-11 09:30:00-04:00,1.3026000261306763,1.3026000261306763,1.3000999689102173,1.3000999689102173,15086,0.0,0.0,AIHS,15m
2026-03-11 09:45:00-04:00,1.2999999523162842,1.2999999523162842,1.2999999523162842,1.2999999523162842,15921,0.0,0.0,AIHS,15m
2026-03-11 10:15:00-04:00,1.2999999523162842,1.2999999523162842,1.2899999618530273,1.2899999618530273,2258,0.0,0.0,AIHS,15m
2026-03-11 10:30:00-04:00,1.2899999618530273,1.2899999618530273,1.2890000343322754,1.2890000343322754,907,0.0,0.0,AIHS,15m
2026-03-11 10:45:00-04:00,1.2899999618530273,1.3200000524520874,1.2899999618530273,1.3200000524520874,520,0.0,0.0,AIHS,15m
2026-03-11 11:00:00-04:00,1.4399000406265259,1.4399000406265259,1.2954000234603882,1.4393999576568604,3488,0.0,0.0,AIHS,15m
2026-03-11 11:15:00-04:00,1.3650000095367432,1.3650000095367432,1.3650000095367432,1.3650000095367432,176,0.0,0.0,AIHS,15m
2026-03-11 11:45:00-04:00,1.3600000143051147,1.3600000143051147,1.3550000190734863,1.3550000190734863,580,0.0,0.0,AIHS,15m
2026-03-11 12:00:00-04:00,1.350000023841858,1.350000023841858,1.350000023841858,1.350000023841858,163,0.0,0.0,AIHS,15m
2026-03-11 12:45:00-04:00,1.2899999618530273,1.2899999618530273,1.2899999618530273,1.2899999618530273,819,0.0,0.0,AIHS,15m
2026-03-11 13:30:00-04:00,1.2899999618530273,1.2899999618530273,1.2899999618530273,1.2899999618530273,2638,0.0,0.0,AIHS,15m
2026-03-12 10:00:00-04:00,1.340999960899353,1.3650000095367432,1.2999999523162842,1.3000999689102173,6875,0.0,0.0,AIHS,15m
2026-03-12 10:15:00-04:00,1.2999999523162842,1.3300000429153442,1.2999999523162842,1.3300000429153442,1700,0.0,0.0,AIHS,15m
2026-03-12 11:15:00-04:00,1.309999942779541,1.309999942779541,1.309999942779541,1.309999942779541,6,0.0,0.0,AIHS,15m
2026-03-12 11:30:00-04:00,1.3115999698638916,1.3350000381469727,1.3115999698638916,1.3350000381469727,459,0.0,0.0,AIHS,15m
2026-03-12 12:15:00-04:00,1.309999942779541,1.309999942779541,1.309999942779541,1.309999942779541,200,0.0,0.0,AIHS,15m
2026-03-12 12:45:00-04:00,1.3300000429153442,1.3300000429153442,1.3300000429153442,1.3300000429153442,1500,0.0,0.0,AIHS,15m
2026-03-12 13:00:00-04:00,1.3499000072479248,1.3550000190734863,1.3499000072479248,1.3550000190734863,1158,0.0,0.0,AIHS,15m
2026-03-12 13:15:00-04:00,1.350000023841858,1.3550000190734863,1.350000023841858,1.350000023841858,2332,0.0,0.0,AIHS,15m
2026-03-12 13:30:00-04:00,1.3450000286102295,1.3450000286102295,1.3450000286102295,1.3450000286102295,200,0.0,0.0,AIHS,15m
2026-03-12 14:00:00-04:00,1.3200000524520874,1.3200000524520874,1.3000999689102173,1.3000999689102173,1901,0.0,0.0,AIHS,15m
2026-03-12 14:15:00-04:00,1.3346999883651733,1.340000033378601,1.3250000476837158,1.3250000476837158,3202,0.0,0.0,AIHS,15m
2026-03-12 14:30:00-04:00,1.3300000429153442,1.340000033378601,1.3250000476837158,1.3250000476837158,1161,0.0,0.0,AIHS,15m
2026-03-12 14:45:00-04:00,1.340000033378601,1.340000033378601,1.340000033378601,1.340000033378601,308,0.0,0.0,AIHS,15m
2026-03-12 15:00:00-04:00,1.350000023841858,1.3799999952316284,1.350000023841858,1.3700000047683716,14441,0.0,0.0,AIHS,15m
2026-03-12 15:45:00-04:00,1.350000023841858,1.350000023841858,1.3300000429153442,1.3450000286102295,1361,0.0,0.0,AIHS,15m
2026-03-13 10:00:00-04:00,1.4211000204086304,1.45169997215271,1.4211000204086304,1.45169997215271,8188,0.0,0.0,AIHS,15m
2026-03-13 10:15:00-04:00,1.4493000507354736,1.499899983406067,1.4149999618530273,1.4883999824523926,23723,0.0,0.0,AIHS,15m
2026-03-13 10:30:00-04:00,1.4149999618530273,1.4149999618530273,1.4149999618530273,1.4149999618530273,238,0.0,0.0,AIHS,15m
2026-03-13 11:00:00-04:00,1.4550000429153442,1.4550000429153442,1.440000057220459,1.4500000476837158,2358,0.0,0.0,AIHS,15m
2026-03-13 11:15:00-04:00,1.409999966621399,1.4299999475479126,1.409999966621399,1.409999966621399,21572,0.0,0.0,AIHS,15m
2026-03-13 11:30:00-04:00,1.4108999967575073,1.4299999475479126,1.4108999967575073,1.4299999475479126,2074,0.0,0.0,AIHS,15m
2026-03-13 12:15:00-04:00,1.4700000286102295,1.4700000286102295,1.433899998664856,1.433899998664856,335,0.0,0.0,AIHS,15m
2026-03-13 12:45:00-04:00,1.440000057220459,1.440000057220459,1.440000057220459,1.440000057220459,786,0.0,0.0,AIHS,15m
2026-03-13 13:15:00-04:00,1.454200029373169,1.454200029373169,1.454200029373169,1.454200029373169,159,0.0,0.0,AIHS,15m
2026-03-13 13:30:00-04:00,1.4600000381469727,1.4601000547409058,1.4600000381469727,1.4601000547409058,644,0.0,0.0,AIHS,15m
2026-03-13 14:00:00-04:00,1.5,1.589900016784668,1.5,1.5099999904632568,13747,0.0,0.0,AIHS,15m
2026-03-13 14:15:00-04:00,1.590000033378601,1.6298999786376953,1.565000057220459,1.6100000143051147,17404,0.0,0.0,AIHS,15m
2026-03-13 14:30:00-04:00,1.6200000047683716,1.6299999952316284,1.590000033378601,1.590000033378601,6263,0.0,0.0,AIHS,15m
2026-03-13 14:45:00-04:00,1.5800000429153442,1.5812000036239624,1.5800000429153442,1.5800000429153442,2600,0.0,0.0,AIHS,15m
2026-03-13 15:15:00-04:00,1.5361000299453735,1.6299999952316284,1.5361000299453735,1.6181999444961548,6322,0.0,0.0,AIHS,15m
2026-03-13 15:45:00-04:00,1.5800000429153442,1.5800000429153442,1.5399999618530273,1.5399999618530273,8460,0.0,0.0,AIHS,15m
2026-03-16 09:30:00-04:00,1.5199999809265137,1.5199999809265137,1.4900000095367432,1.4900000095367432,6758,0.0,0.0,AIHS,15m
2026-03-16 10:00:00-04:00,1.6100000143051147,1.6100000143051147,1.5700000524520874,1.5700000524520874,3728,0.0,0.0,AIHS,15m
2026-03-16 10:45:00-04:00,1.5808000564575195,1.5808000564575195,1.5808000564575195,1.5808000564575195,163,0.0,0.0,AIHS,15m
2026-03-16 11:15:00-04:00,1.6299999952316284,1.6299999952316284,1.6299999952316284,1.6299999952316284,2149,0.0,0.0,AIHS,15m
2026-03-16 11:30:00-04:00,1.5800000429153442,1.5801000595092773,1.5800000429153442,1.5801000595092773,1428,0.0,0.0,AIHS,15m
2026-03-16 11:45:00-04:00,1.5750000476837158,1.6200000047683716,1.5750000476837158,1.6200000047683716,706,0.0,0.0,AIHS,15m
2026-03-16 12:00:00-04:00,1.6299999952316284,1.6299999952316284,1.5950000286102295,1.5950000286102295,1513,0.0,0.0,AIHS,15m
2026-03-16 12:15:00-04:00,1.6100000143051147,1.6145000457763672,1.6100000143051147,1.6145000457763672,5740,0.0,0.0,AIHS,15m
2026-03-16 12:30:00-04:00,1.6145000457763672,1.6299999952316284,1.6145000457763672,1.6299999952316284,780,0.0,0.0,AIHS,15m
2026-03-16 13:45:00-04:00,1.6200000047683716,1.6200000047683716,1.6200000047683716,1.6200000047683716,412,0.0,0.0,AIHS,15m
2026-03-17 09:45:00-04:00,1.6100000143051147,1.6100000143051147,1.6100000143051147,1.6100000143051147,5652,0.0,0.0,AIHS,15m
2026-03-17 10:00:00-04:00,1.6399999856948853,1.649999976158142,1.6399999856948853,1.649999976158142,379,0.0,0.0,AIHS,15m
2026-03-17 10:15:00-04:00,1.649999976158142,1.690000057220459,1.649999976158142,1.690000057220459,1100,0.0,0.0,AIHS,15m
2026-03-17 10:30:00-04:00,1.659999966621399,1.6799999475479126,1.659999966621399,1.6799999475479126,1495,0.0,0.0,AIHS,15m
2026-03-17 10:45:00-04:00,1.649999976158142,1.649999976158142,1.649999976158142,1.649999976158142,1457,0.0,0.0,AIHS,15m
2026-03-17 11:15:00-04:00,1.649999976158142,1.649999976158142,1.649999976158142,1.649999976158142,111,0.0,0.0,AIHS,15m
2026-03-17 12:00:00-04:00,1.659999966621399,1.659999966621399,1.6224000453948975,1.659999966621399,495,0.0,0.0,AIHS,15m
2026-03-17 13:30:00-04:00,1.649999976158142,1.649999976158142,1.649999976158142,1.649999976158142,204,0.0,0.0,AIHS,15m
2026-03-17 13:45:00-04:00,1.649999976158142,1.649999976158142,1.6349999904632568,1.6399999856948853,673,0.0,0.0,AIHS,15m
2026-03-17 14:15:00-04:00,1.6299999952316284,1.6299999952316284,1.6299999952316284,1.6299999952316284,206,0.0,0.0,AIHS,15m
2026-03-17 14:45:00-04:00,1.6399999856948853,1.6399999856948853,1.6299999952316284,1.6299999952316284,515,0.0,0.0,AIHS,15m
2026-03-17 15:30:00-04:00,1.6100000143051147,1.6100000143051147,1.6100000143051147,1.6100000143051147,165,0.0,0.0,AIHS,15m
2026-03-18 10:00:00-04:00,1.5232000350952148,1.5232000350952148,1.5199999809265137,1.5199999809265137,414,0.0,0.0,AIHS,15m
2026-03-18 10:15:00-04:00,1.5199999809265137,1.5199999809265137,1.5199999809265137,1.5199999809265137,178,0.0,0.0,AIHS,15m
2026-03-18 10:45:00-04:00,1.5200999975204468,1.5200999975204468,1.5200999975204468,1.5200999975204468,206,0.0,0.0,AIHS,15m
2026-03-18 11:15:00-04:00,1.5750000476837158,1.5750000476837158,1.5750000476837158,1.5750000476837158,1056,0.0,0.0,AIHS,15m
2026-03-18 12:45:00-04:00,1.5499999523162842,1.5700000524520874,1.5399999618530273,1.5399999618530273,4134,0.0,0.0,AIHS,15m
2026-03-18 13:15:00-04:00,1.5549999475479126,1.5549999475479126,1.5549999475479126,1.5549999475479126,218,0.0,0.0,AIHS,15m
2026-03-18 13:30:00-04:00,1.5499999523162842,1.5499999523162842,1.5499999523162842,1.5499999523162842,153,0.0,0.0,AIHS,15m
2026-03-18 14:30:00-04:00,1.5299999713897705,1.5449999570846558,1.5199999809265137,1.5449999570846558,560,0.0,0.0,AIHS,15m
2026-03-18 14:45:00-04:00,1.559999942779541,1.559999942779541,1.559999942779541,1.559999942779541,255,0.0,0.0,AIHS,15m
2026-03-18 15:00:00-04:00,1.5199999809265137,1.5199999809265137,1.5199999809265137,1.5199999809265137,398,0.0,0.0,AIHS,15m
2026-03-18 15:15:00-04:00,1.5800000429153442,1.5800000429153442,1.5800000429153442,1.5800000429153442,100,0.0,0.0,AIHS,15m
2026-03-18 15:30:00-04:00,1.5499999523162842,1.5499999523162842,1.5199999809265137,1.5199999809265137,2356,0.0,0.0,AIHS,15m
2026-03-18 15:45:00-04:00,1.5299999713897705,1.5299999713897705,1.4600000381469727,1.4600000381469727,6459,0.0,0.0,AIHS,15m
2026-03-19 09:30:00-04:00,1.5916999578475952,1.638100028038025,1.5499999523162842,1.6299999952316284,2567,0.0,0.0,AIHS,15m
2026-03-19 09:45:00-04:00,1.4706000089645386,1.4782999753952026,1.4706000089645386,1.4782999753952026,1269,0.0,0.0,AIHS,15m
2026-03-19 10:00:00-04:00,1.5509999990463257,1.5509999990463257,1.4500000476837158,1.4850000143051147,3400,0.0,0.0,AIHS,15m
2026-03-19 10:30:00-04:00,1.4850000143051147,1.4850000143051147,1.475100040435791,1.475100040435791,1100,0.0,0.0,AIHS,15m
2026-03-19 11:30:00-04:00,1.434999942779541,1.434999942779541,1.4299999475479126,1.4299999475479126,1178,0.0,0.0,AIHS,15m
2026-03-19 12:00:00-04:00,1.4400999546051025,1.4500000476837158,1.440000057220459,1.4419000148773193,9314,0.0,0.0,AIHS,15m
2026-03-19 12:15:00-04:00,1.4500000476837158,1.4500000476837158,1.4499000310897827,1.4500000476837158,4752,0.0,0.0,AIHS,15m
2026-03-19 14:15:00-04:00,1.534999966621399,1.534999966621399,1.523300051689148,1.523300051689148,397,0.0,0.0,AIHS,15m
2026-03-19 14:45:00-04:00,1.5149999856948853,1.5299999713897705,1.5149999856948853,1.5299999713897705,210,0.0,0.0,AIHS,15m
2026-03-20 10:30:00-04:00,1.5299999713897705,1.5299999713897705,1.5299999713897705,1.5299999713897705,659,0.0,0.0,AIHS,15m
2026-03-20 11:00:00-04:00,1.5950000286102295,1.5950000286102295,1.5950000286102295,1.5950000286102295,1881,0.0,0.0,AIHS,15m
2026-03-20 11:30:00-04:00,1.510200023651123,1.510200023651123,1.510200023651123,1.510200023651123,250,0.0,0.0,AIHS,15m
2026-03-20 12:00:00-04:00,1.5202000141143799,1.5202000141143799,1.5202000141143799,1.5202000141143799,2265,0.0,0.0,AIHS,15m
2026-03-20 15:00:00-04:00,1.559999942779541,1.559999942779541,1.559999942779541,1.559999942779541,202,0.0,0.0,AIHS,15m
2026-03-20 15:30:00-04:00,1.5299999713897705,1.5299999713897705,1.5199999809265137,1.5260000228881836,1745,0.0,0.0,AIHS,15m
2026-03-20 15:45:00-04:00,1.5,1.5,1.5,1.5,1833,0.0,0.0,AIHS,15m
2026-03-23 09:30:00-04:00,1.5,1.5099999904632568,1.5,1.5099999904632568,3647,0.0,0.0,AIHS,15m
2026-03-23 09:45:00-04:00,1.5,1.5,1.5,1.5,482,0.0,0.0,AIHS,15m
2026-03-23 10:45:00-04:00,1.559999942779541,1.559999942779541,1.559999942779541,1.559999942779541,101,0.0,0.0,AIHS,15m
2026-03-23 11:30:00-04:00,1.5700000524520874,1.5700000524520874,1.5700000524520874,1.5700000524520874,705,0.0,0.0,AIHS,15m
2026-03-23 11:45:00-04:00,1.5700000524520874,1.5700000524520874,1.5399999618530273,1.5700000524520874,3705,0.0,0.0,AIHS,15m
2026-03-23 12:15:00-04:00,1.5700000524520874,1.5700000524520874,1.5,1.5,6018,0.0,0.0,AIHS,15m
2026-03-23 12:45:00-04:00,1.5099999904632568,1.5099999904632568,1.5099999904632568,1.5099999904632568,165,0.0,0.0,AIHS,15m
2026-03-23 13:00:00-04:00,1.5,1.5,1.5,1.5,5507,0.0,0.0,AIHS,15m
2026-03-23 14:30:00-04:00,1.50600004196167,1.50600004196167,1.50600004196167,1.50600004196167,4119,0.0,0.0,AIHS,15m
2026-03-23 15:15:00-04:00,1.5099999904632568,1.5099999904632568,1.500100016593933,1.500100016593933,867,0.0,0.0,AIHS,15m
2026-03-23 15:45:00-04:00,1.5199999809265137,1.5199999809265137,1.5099999904632568,1.5099999904632568,1411,0.0,0.0,AIHS,15m
2026-03-24 09:30:00-04:00,1.5,1.5,1.5,1.5,4665,0.0,0.0,AIHS,15m
2026-03-24 09:45:00-04:00,1.4700000286102295,1.4800000190734863,1.4600000381469727,1.4700000286102295,2072,0.0,0.0,AIHS,15m
2026-03-24 10:00:00-04:00,1.4700000286102295,1.4700000286102295,1.4700000286102295,1.4700000286102295,1354,0.0,0.0,AIHS,15m
2026-03-24 10:30:00-04:00,1.4804999828338623,1.4804999828338623,1.4804999828338623,1.4804999828338623,2222,0.0,0.0,AIHS,15m
2026-03-24 15:45:00-04:00,1.4900000095367432,1.4900000095367432,1.4900000095367432,1.4900000095367432,278,0.0,0.0,AIHS,15m
2026-03-25 12:45:00-04:00,1.4700000286102295,1.4700000286102295,1.4700000286102295,1.4700000286102295,1684,0.0,0.0,AIHS,15m
2026-03-25 13:30:00-04:00,1.5299999713897705,1.5299999713897705,1.5299999713897705,1.5299999713897705,395,0.0,0.0,AIHS,15m
2026-03-25 13:45:00-04:00,1.5299999713897705,1.5299999713897705,1.5299999713897705,1.5299999713897705,160,0.0,0.0,AIHS,15m
2026-03-25 14:00:00-04:00,1.5399999618530273,1.649999976158142,1.5199999809265137,1.6399999856948853,14520,0.0,0.0,AIHS,15m
2026-03-25 14:15:00-04:00,1.6399999856948853,2.059999942779541,1.6200000047683716,1.8897000551223755,111210,0.0,0.0,AIHS,15m
2026-03-25 14:30:00-04:00,1.850000023841858,2.1449999809265137,1.75,1.899999976158142,294191,0.0,0.0,AIHS,15m
2026-03-25 14:45:00-04:00,1.840000033378601,2.0799999237060547,1.840000033378601,2.0,165202,0.0,0.0,AIHS,15m
2026-03-25 15:00:00-04:00,2.009999990463257,2.049999952316284,1.899999976158142,1.9601999521255493,58199,0.0,0.0,AIHS,15m
2026-03-25 15:15:00-04:00,1.9700000286102295,2.069999933242798,1.9700000286102295,2.059999942779541,35025,0.0,0.0,AIHS,15m
2026-03-25 15:30:00-04:00,2.0799999237060547,2.119999885559082,1.8300000429153442,1.850000023841858,93794,0.0,0.0,AIHS,15m
2026-03-25 15:45:00-04:00,1.840000033378601,1.850000023841858,1.7200000286102295,1.7799999713897705,76646,0.0,0.0,AIHS,15m
2026-03-26 09:30:00-04:00,1.7999999523162842,1.7999999523162842,1.7359999418258667,1.7649999856948853,13735,0.0,0.0,AIHS,15m
2026-03-26 09:45:00-04:00,1.7899999618530273,1.7899999618530273,1.774999976158142,1.774999976158142,1699,0.0,0.0,AIHS,15m
2026-03-26 10:00:00-04:00,1.774999976158142,1.840000033378601,1.75,1.840000033378601,5693,0.0,0.0,AIHS,15m
2026-03-26 10:15:00-04:00,1.8300000429153442,1.8300000429153442,1.7799999713897705,1.7799999713897705,2803,0.0,0.0,AIHS,15m
2026-03-26 10:30:00-04:00,1.7899999618530273,1.7899999618530273,1.7599999904632568,1.7599999904632568,3794,0.0,0.0,AIHS,15m
2026-03-26 11:00:00-04:00,1.7599999904632568,1.7599999904632568,1.7549999952316284,1.7599999904632568,2041,0.0,0.0,AIHS,15m
2026-03-26 11:15:00-04:00,1.805299997329712,1.805299997329712,1.805299997329712,1.805299997329712,367,0.0,0.0,AIHS,15m
2026-03-26 11:30:00-04:00,1.8300000429153442,1.8799999952316284,1.774999976158142,1.774999976158142,1611,0.0,0.0,AIHS,15m
2026-03-26 13:00:00-04:00,1.8550000190734863,1.8550000190734863,1.8550000190734863,1.8550000190734863,279,0.0,0.0,AIHS,15m
2026-03-26 13:15:00-04:00,1.8300000429153442,1.8300000429153442,1.7699999809265137,1.7699999809265137,16017,0.0,0.0,AIHS,15m
2026-03-26 13:30:00-04:00,1.8300000429153442,1.8300000429153442,1.8300000429153442,1.8300000429153442,626,0.0,0.0,AIHS,15m
2026-03-26 13:45:00-04:00,1.7699999809265137,1.7699999809265137,1.7699999809265137,1.7699999809265137,1174,0.0,0.0,AIHS,15m
2026-03-26 14:00:00-04:00,1.7899999618530273,1.7899999618530273,1.7799999713897705,1.7799999713897705,2212,0.0,0.0,AIHS,15m
2026-03-26 14:15:00-04:00,1.7799999713897705,1.7799999713897705,1.7799999713897705,1.7799999713897705,990,0.0,0.0,AIHS,15m
2026-03-26 14:30:00-04:00,1.7899999618530273,1.7899999618530273,1.75,1.784999966621399,1504,0.0,0.0,AIHS,15m
2026-03-26 15:00:00-04:00,1.7300000190734863,1.7300000190734863,1.690000057220459,1.690000057220459,5128,0.0,0.0,AIHS,15m
2026-03-26 15:45:00-04:00,1.6799999475479126,1.6799999475479126,1.6299999952316284,1.6299999952316284,1739,0.0,0.0,AIHS,15m
2026-03-27 09:30:00-04:00,1.590000033378601,1.590000033378601,1.5199999809265137,1.5199999809265137,9243,0.0,0.0,AIHS,15m
2026-03-27 09:45:00-04:00,1.524999976158142,1.524999976158142,1.524999976158142,1.524999976158142,200,0.0,0.0,AIHS,15m
2026-03-27 10:00:00-04:00,1.5,1.5,1.4700000286102295,1.4700000286102295,12636,0.0,0.0,AIHS,15m
2026-03-27 10:15:00-04:00,1.4880000352859497,1.4900000095367432,1.4700000286102295,1.4700000286102295,4618,0.0,0.0,AIHS,15m
2026-03-27 10:30:00-04:00,1.4700000286102295,1.4800000190734863,1.4700000286102295,1.4700000286102295,3166,0.0,0.0,AIHS,15m
2026-03-27 10:45:00-04:00,1.475000023841858,1.4800000190734863,1.4700000286102295,1.4700000286102295,9221,0.0,0.0,AIHS,15m
2026-03-27 11:00:00-04:00,1.4701000452041626,1.4800000190734863,1.4700000286102295,1.4700000286102295,7000,0.0,0.0,AIHS,15m
2026-03-27 11:15:00-04:00,1.472599983215332,1.472599983215332,1.472599983215332,1.472599983215332,205,0.0,0.0,AIHS,15m
2026-03-27 11:30:00-04:00,1.475000023841858,1.475000023841858,1.4700000286102295,1.4700000286102295,1100,0.0,0.0,AIHS,15m
2026-03-27 11:45:00-04:00,1.475000023841858,1.475000023841858,1.475000023841858,1.475000023841858,200,0.0,0.0,AIHS,15m
2026-03-27 12:00:00-04:00,1.4700000286102295,1.4700000286102295,1.4700000286102295,1.4700000286102295,3329,0.0,0.0,AIHS,15m
2026-03-27 12:15:00-04:00,1.4701000452041626,1.4701000452041626,1.4701000452041626,1.4701000452041626,20054,0.0,0.0,AIHS,15m
2026-03-27 12:30:00-04:00,1.4700000286102295,1.4700000286102295,1.4700000286102295,1.4700000286102295,105,0.0,0.0,AIHS,15m
2026-03-27 12:45:00-04:00,1.475000023841858,1.475000023841858,1.475000023841858,1.475000023841858,414,0.0,0.0,AIHS,15m
2026-03-27 13:00:00-04:00,1.4700000286102295,1.4700000286102295,1.4600000381469727,1.4600000381469727,2988,0.0,0.0,AIHS,15m
2026-03-27 13:15:00-04:00,1.4601000547409058,1.4700000286102295,1.4601000547409058,1.465000033378601,10324,0.0,0.0,AIHS,15m
2026-03-27 13:30:00-04:00,1.4673000574111938,1.4673000574111938,1.465000033378601,1.465000033378601,925,0.0,0.0,AIHS,15m
2026-03-27 13:45:00-04:00,1.4600000381469727,1.465000033378601,1.4600000381469727,1.465000033378601,1303,0.0,0.0,AIHS,15m
2026-03-27 14:15:00-04:00,1.465000033378601,1.465000033378601,1.465000033378601,1.465000033378601,200,0.0,0.0,AIHS,15m
2026-03-27 14:30:00-04:00,1.4601000547409058,1.4601000547409058,1.4600000381469727,1.4600000381469727,1206,0.0,0.0,AIHS,15m
2026-03-27 14:45:00-04:00,1.465000033378601,1.465000033378601,1.4600000381469727,1.4600000381469727,2562,0.0,0.0,AIHS,15m
2026-03-27 15:00:00-04:00,1.4601000547409058,1.465000033378601,1.4601000547409058,1.465000033378601,6987,0.0,0.0,AIHS,15m
2026-03-27 15:15:00-04:00,1.4600000381469727,1.4600000381469727,1.4600000381469727,1.4600000381469727,700,0.0,0.0,AIHS,15m
2026-03-27 15:30:00-04:00,1.4601000547409058,1.4700000286102295,1.4601000547409058,1.4601000547409058,3244,0.0,0.0,AIHS,15m
2026-03-27 15:45:00-04:00,1.4601000547409058,1.4700000286102295,1.4600000381469727,1.465000033378601,3425,0.0,0.0,AIHS,15m
2026-03-30 09:30:00-04:00,1.5199999809265137,1.5541000366210938,1.4600000381469727,1.4600000381469727,29560,0.0,0.0,AIHS,15m
2026-03-30 09:45:00-04:00,1.475000023841858,1.475000023841858,1.4500000476837158,1.4500000476837158,18009,0.0,0.0,AIHS,15m
2026-03-30 10:00:00-04:00,1.4500000476837158,1.4500000476837158,1.4500000476837158,1.4500000476837158,8749,0.0,0.0,AIHS,15m
2026-03-30 10:15:00-04:00,1.4299999475479126,1.4299999475479126,1.4299999475479126,1.4299999475479126,835,0.0,0.0,AIHS,15m
2026-03-30 10:30:00-04:00,1.4305000305175781,1.4305000305175781,1.4305000305175781,1.4305000305175781,17483,0.0,0.0,AIHS,15m
2026-03-30 10:45:00-04:00,1.4299999475479126,1.4299999475479126,1.4299999475479126,1.4299999475479126,714,0.0,0.0,AIHS,15m
2026-03-30 11:30:00-04:00,1.399999976158142,1.399999976158142,1.399999976158142,1.399999976158142,7854,0.0,0.0,AIHS,15m
2026-03-30 11:45:00-04:00,1.399999976158142,1.399999976158142,1.399999976158142,1.399999976158142,200,0.0,0.0,AIHS,15m
2026-03-30 12:00:00-04:00,1.409999966621399,1.4199999570846558,1.409999966621399,1.4199999570846558,3481,0.0,0.0,AIHS,15m
2026-03-30 12:15:00-04:00,1.399999976158142,1.399999976158142,1.3799999952316284,1.3799999952316284,10267,0.0,0.0,AIHS,15m
2026-03-30 12:30:00-04:00,1.4199999570846558,1.4199999570846558,1.4199999570846558,1.4199999570846558,975,0.0,0.0,AIHS,15m
2026-03-30 12:45:00-04:00,1.4049999713897705,1.4049999713897705,1.4049999713897705,1.4049999713897705,1294,0.0,0.0,AIHS,15m
2026-03-30 13:30:00-04:00,1.399999976158142,1.399999976158142,1.399999976158142,1.399999976158142,311,0.0,0.0,AIHS,15m
2026-03-30 13:45:00-04:00,1.3899999856948853,1.3899999856948853,1.3799999952316284,1.3799999952316284,1398,0.0,0.0,AIHS,15m
2026-03-30 14:15:00-04:00,1.3902000188827515,1.3902000188827515,1.3899999856948853,1.3899999856948853,710,0.0,0.0,AIHS,15m
2026-03-30 14:45:00-04:00,1.3799999952316284,1.3799999952316284,1.3600000143051147,1.3700000047683716,11185,0.0,0.0,AIHS,15m
2026-03-30 15:00:00-04:00,1.3600000143051147,1.3600000143051147,1.3600000143051147,1.3600000143051147,200,0.0,0.0,AIHS,15m
2026-03-30 15:30:00-04:00,1.350000023841858,1.350000023841858,1.3300000429153442,1.3300000429153442,11160,0.0,0.0,AIHS,15m
2026-03-30 15:45:00-04:00,1.340000033378601,1.350000023841858,1.3300000429153442,1.340000033378601,2500,0.0,0.0,AIHS,15m
2026-03-31 09:30:00-04:00,1.350000023841858,1.350000023841858,1.340000033378601,1.340000033378601,6693,0.0,0.0,AIHS,15m
2026-03-31 09:45:00-04:00,1.340000033378601,1.350000023841858,1.309999942779541,1.309999942779541,19276,0.0,0.0,AIHS,15m
2026-03-31 10:00:00-04:00,1.3300000429153442,1.3300000429153442,1.309999942779541,1.309999942779541,512,0.0,0.0,AIHS,15m
2026-03-31 10:30:00-04:00,1.3200000524520874,1.3200000524520874,1.309999942779541,1.309999942779541,210,0.0,0.0,AIHS,15m
2026-03-31 11:15:00-04:00,1.3200000524520874,1.3200000524520874,1.2699999809265137,1.2699999809265137,38970,0.0,0.0,AIHS,15m
2026-03-31 11:30:00-04:00,1.2799999713897705,1.2799999713897705,1.2599999904632568,1.2599999904632568,13440,0.0,0.0,AIHS,15m
2026-03-31 12:45:00-04:00,1.2599999904632568,1.2599999904632568,1.2599999904632568,1.2599999904632568,214,0.0,0.0,AIHS,15m
2026-03-31 13:15:00-04:00,1.274999976158142,1.274999976158142,1.2599999904632568,1.2599999904632568,2100,0.0,0.0,AIHS,15m
2026-03-31 13:30:00-04:00,1.2699999809265137,1.2699999809265137,1.2599999904632568,1.2599999904632568,412,0.0,0.0,AIHS,15m
2026-03-31 13:45:00-04:00,1.274999976158142,1.2799999713897705,1.274999976158142,1.2799999713897705,318,0.0,0.0,AIHS,15m
2026-03-31 14:00:00-04:00,1.274999976158142,1.274999976158142,1.274999976158142,1.274999976158142,200,0.0,0.0,AIHS,15m
2026-03-31 14:15:00-04:00,1.2599999904632568,1.2599999904632568,1.149999976158142,1.159999966621399,23491,0.0,0.0,AIHS,15m
2026-03-31 14:30:00-04:00,1.190000057220459,1.190000057220459,1.190000057220459,1.190000057220459,2038,0.0,0.0,AIHS,15m
2026-03-31 15:30:00-04:00,1.225000023841858,1.225000023841858,1.225000023841858,1.225000023841858,200,0.0,0.0,AIHS,15m
2026-03-31 15:45:00-04:00,1.2300000190734863,1.2300000190734863,1.2100000381469727,1.2100000381469727,10476,0.0,0.0,AIHS,15m
2026-04-01 09:30:00-04:00,1.149999976158142,1.149999976158142,1.149999976158142,1.149999976158142,30925,0.0,0.0,AIHS,15m
2026-04-01 10:15:00-04:00,1.1897000074386597,1.1897000074386597,1.149999976158142,1.149999976158142,32729,0.0,0.0,AIHS,15m
2026-04-01 10:30:00-04:00,1.1399999856948853,1.149999976158142,1.1399999856948853,1.149999976158142,10406,0.0,0.0,AIHS,15m
2026-04-01 10:45:00-04:00,1.1449999809265137,1.1449999809265137,1.1299999952316284,1.1299999952316284,27578,0.0,0.0,AIHS,15m
2026-04-01 11:00:00-04:00,1.1299999952316284,1.149999976158142,1.1200000047683716,1.149999976158142,20862,0.0,0.0,AIHS,15m
2026-04-01 12:00:00-04:00,1.149999976158142,1.159999966621399,1.149999976158142,1.149999976158142,3942,0.0,0.0,AIHS,15m
2026-04-01 12:15:00-04:00,1.1399999856948853,1.1399999856948853,1.1399999856948853,1.1399999856948853,300,0.0,0.0,AIHS,15m
2026-04-01 13:15:00-04:00,1.149999976158142,1.1749999523162842,1.149999976158142,1.1749999523162842,1620,0.0,0.0,AIHS,15m
2026-04-01 15:45:00-04:00,1.149999976158142,1.149999976158142,1.149999976158142,1.149999976158142,1495,0.0,0.0,AIHS,15m
2026-04-02 09:30:00-04:00,1.1497999429702759,1.1497999429702759,1.1449999809265137,1.1449999809265137,3261,0.0,0.0,AIHS,15m
2026-04-02 10:15:00-04:00,1.1699999570846558,1.1699999570846558,1.149999976158142,1.149999976158142,1348,0.0,0.0,AIHS,15m
2026-04-02 11:15:00-04:00,1.1799999475479126,1.1799999475479126,1.1799999475479126,1.1799999475479126,114,0.0,0.0,AIHS,15m
2026-04-02 11:30:00-04:00,1.1699999570846558,1.1699999570846558,1.1699999570846558,1.1699999570846558,857,0.0,0.0,AIHS,15m
2026-04-02 12:00:00-04:00,1.1799999475479126,1.1799999475479126,1.1799999475479126,1.1799999475479126,376,0.0,0.0,AIHS,15m
2026-04-02 14:30:00-04:00,1.1799999475479126,1.1799999475479126,1.1799999475479126,1.1799999475479126,8409,0.0,0.0,AIHS,15m
2026-04-02 14:45:00-04:00,1.1799999475479126,1.1799999475479126,1.1799999475479126,1.1799999475479126,636,0.0,0.0,AIHS,15m
2026-04-02 15:00:00-04:00,1.190000057220459,1.190000057220459,1.1699999570846558,1.1799999475479126,2508,0.0,0.0,AIHS,15m
2026-04-02 15:15:00-04:00,1.1799999475479126,1.1957000494003296,1.149999976158142,1.1957000494003296,18444,0.0,0.0,AIHS,15m
2026-04-02 15:30:00-04:00,1.159999966621399,1.2000000476837158,1.149999976158142,1.149999976158142,5840,0.0,0.0,AIHS,15m
2026-04-02 15:45:00-04:00,1.190000057220459,1.190000057220459,1.1699999570846558,1.1699999570846558,1402,0.0,0.0,AIHS,15m
2026-04-06 09:30:00-04:00,1.1799999475479126,1.190000057220459,1.1799999475479126,1.1799999475479126,10670,0.0,0.0,AIHS,15m
2026-04-06 10:00:00-04:00,1.187000036239624,1.187000036239624,1.1799999475479126,1.1799999475479126,2684,0.0,0.0,AIHS,15m
2026-04-06 13:15:00-04:00,1.2400000095367432,1.2999999523162842,1.2100000381469727,1.2200000286102295,12822,0.0,0.0,AIHS,15m
2026-04-07 11:15:00-04:00,1.25,1.25,1.25,1.25,2110,0.0,0.0,AIHS,15m
2026-04-07 12:45:00-04:00,1.2400000095367432,1.2699999809265137,1.2400000095367432,1.25,1671,0.0,0.0,AIHS,15m
2026-04-07 13:15:00-04:00,1.25,1.25,1.25,1.25,168,0.0,0.0,AIHS,15m
2026-04-07 15:15:00-04:00,1.2503000497817993,1.2503000497817993,1.2503000497817993,1.2503000497817993,1703,0.0,0.0,AIHS,15m
2026-04-07 15:45:00-04:00,1.2699999809265137,1.2699999809265137,1.2599999904632568,1.2599999904632568,514,0.0,0.0,AIHS,15m
2026-04-08 09:45:00-04:00,1.2999999523162842,1.2999999523162842,1.2999999523162842,1.2999999523162842,737,0.0,0.0,AIHS,15m
2026-04-08 15:45:00-04:00,1.2699999809265137,1.2699999809265137,1.2699999809265137,1.2699999809265137,273,0.0,0.0,AIHS,15m
2026-04-09 11:00:00-04:00,1.2699999809265137,1.2699999809265137,1.2699999809265137,1.2699999809265137,1207,0.0,0.0,AIHS,15m
2026-04-09 11:15:00-04:00,1.2666000127792358,1.2666000127792358,1.25,1.25,1975,0.0,0.0,AIHS,15m
2026-04-09 13:45:00-04:00,1.25,1.2549999952316284,1.25,1.2549999952316284,985,0.0,0.0,AIHS,15m
2026-04-09 15:00:00-04:00,1.2549999952316284,1.2549999952316284,1.2549999952316284,1.2549999952316284,201,0.0,0.0,AIHS,15m
2026-04-09 15:15:00-04:00,1.25,1.25,1.25,1.25,454,0.0,0.0,AIHS,15m
2026-04-09 15:30:00-04:00,1.25,1.25,1.25,1.25,404,0.0,0.0,AIHS,15m
2026-04-09 15:45:00-04:00,1.250100016593933,1.250100016593933,1.1907000541687012,1.2400000095367432,9404,0.0,0.0,AIHS,15m
2026-04-10 10:30:00-04:00,1.2400000095367432,1.2400000095367432,1.2400000095367432,1.2400000095367432,997,0.0,0.0,AIHS,15m
2026-04-10 14:45:00-04:00,1.239400029182434,1.239400029182434,1.239400029182434,1.239400029182434,887,0.0,0.0,AIHS,15m
2026-04-13 09:30:00-04:00,1.1950000524520874,1.1950000524520874,1.1950000524520874,1.1950000524520874,1505,0.0,0.0,AIHS,15m
2026-04-13 10:00:00-04:00,1.190000057220459,1.190000057220459,1.190000057220459,1.190000057220459,0,0.0,0.0,AIHS,15m
2026-04-13 12:00:00-04:00,1.1922999620437622,1.1922999620437622,1.1922999620437622,1.1922999620437622,200,0.0,0.0,AIHS,15m
2026-04-13 12:15:00-04:00,1.2000000476837158,1.2299000024795532,1.2000000476837158,1.2299000024795532,768,0.0,0.0,AIHS,15m
2026-04-13 12:45:00-04:00,1.2050000429153442,1.2050000429153442,1.2050000429153442,1.2050000429153442,3836,0.0,0.0,AIHS,15m
2026-04-13 13:00:00-04:00,1.1799999475479126,1.1799999475479126,1.1799999475479126,1.1799999475479126,0,0.0,0.0,AIHS,15m
2026-04-13 13:45:00-04:00,1.2050000429153442,1.2050000429153442,1.2050000429153442,1.2050000429153442,312,0.0,0.0,AIHS,15m
2026-04-13 14:30:00-04:00,1.2050000429153442,1.2050000429153442,1.2050000429153442,1.2050000429153442,1200,0.0,0.0,AIHS,15m
2026-04-14 09:30:00-04:00,1.274999976158142,1.3300000429153442,1.274999976158142,1.3300000429153442,11368,0.0,0.0,AIHS,15m
2026-04-14 10:15:00-04:00,1.2300000190734863,1.2300000190734863,1.2300000190734863,1.2300000190734863,447,0.0,0.0,AIHS,15m
2026-04-14 10:30:00-04:00,1.2300000190734863,1.25,1.2300000190734863,1.25,501,0.0,0.0,AIHS,15m
2026-04-14 10:45:00-04:00,1.2300000190734863,1.2300000190734863,1.2300000190734863,1.2300000190734863,200,0.0,0.0,AIHS,15m
2026-04-14 11:30:00-04:00,1.25,1.25,1.25,1.25,493,0.0,0.0,AIHS,15m
2026-04-14 12:30:00-04:00,1.25,1.25,1.25,1.25,101,0.0,0.0,AIHS,15m
2026-04-14 13:00:00-04:00,1.2300000190734863,1.2300000190734863,1.2300000190734863,1.2300000190734863,177,0.0,0.0,AIHS,15m
2026-04-14 13:45:00-04:00,1.2200000286102295,1.2200000286102295,1.2200000286102295,1.2200000286102295,114,0.0,0.0,AIHS,15m
2026-04-14 15:00:00-04:00,1.2200000286102295,1.2200000286102295,1.2200000286102295,1.2200000286102295,1023,0.0,0.0,AIHS,15m
2026-04-15 09:45:00-04:00,1.2699999809265137,1.2799999713897705,1.2699999809265137,1.2699999809265137,645,0.0,0.0,AIHS,15m
2026-04-15 10:00:00-04:00,1.2599999904632568,1.2599999904632568,1.2599999904632568,1.2599999904632568,429,0.0,0.0,AIHS,15m
2026-04-15 10:15:00-04:00,1.25,1.25,1.25,1.25,135,0.0,0.0,AIHS,15m
2026-04-15 11:00:00-04:00,1.2599999904632568,1.284999966621399,1.2599999904632568,1.284999966621399,279,0.0,0.0,AIHS,15m
2026-04-15 11:15:00-04:00,1.2799999713897705,1.2799999713897705,1.25,1.25,1167,0.0,0.0,AIHS,15m
2026-04-15 13:00:00-04:00,1.250100016593933,1.2599999904632568,1.250100016593933,1.2599999904632568,634,0.0,0.0,AIHS,15m
2026-04-15 13:30:00-04:00,1.2599999904632568,1.2599999904632568,1.25,1.25,1204,0.0,0.0,AIHS,15m
2026-04-15 14:15:00-04:00,1.250100016593933,1.250100016593933,1.250100016593933,1.250100016593933,1484,0.0,0.0,AIHS,15m
2026-04-15 15:45:00-04:00,1.2649999856948853,1.2799999713897705,1.2649999856948853,1.2799999713897705,1486,0.0,0.0,AIHS,15m
2026-04-16 09:30:00-04:00,1.2899999618530273,1.2899999618530273,1.2899999618530273,1.2899999618530273,1652,0.0,0.0,AIHS,15m
2026-04-17 09:30:00-04:00,1.3568999767303467,1.3568999767303467,1.25,1.2599999904632568,18472,0.0,0.0,AIHS,15m
2026-04-17 09:45:00-04:00,1.315000057220459,1.315000057220459,1.315000057220459,1.315000057220459,1008,0.0,0.0,AIHS,15m
2026-04-17 10:15:00-04:00,1.2799999713897705,1.2799999713897705,1.2799999713897705,1.2799999713897705,267,0.0,0.0,AIHS,15m
2026-04-17 10:45:00-04:00,1.3799999952316284,1.440000057220459,1.3200000524520874,1.440000057220459,17552,0.0,0.0,AIHS,15m
2026-04-17 11:00:00-04:00,1.3799999952316284,1.440000057220459,1.3799999952316284,1.440000057220459,12874,0.0,0.0,AIHS,15m
2026-04-17 11:15:00-04:00,1.409999966621399,1.409999966621399,1.3899999856948853,1.3899999856948853,1171,0.0,0.0,AIHS,15m
2026-04-17 11:30:00-04:00,1.399999976158142,1.399999976158142,1.3700000047683716,1.3799999952316284,1079,0.0,0.0,AIHS,15m
2026-04-17 12:45:00-04:00,1.3700000047683716,1.3995000123977661,1.3700000047683716,1.3995000123977661,2242,0.0,0.0,AIHS,15m
2026-04-17 14:45:00-04:00,1.3961000442504883,1.3961000442504883,1.3799999952316284,1.3799999952316284,3301,0.0,0.0,AIHS,15m
2026-04-17 15:15:00-04:00,1.3489999771118164,1.4199999570846558,1.3489999771118164,1.4199999570846558,4189,0.0,0.0,AIHS,15m
2026-04-17 15:30:00-04:00,1.4199999570846558,1.4500000476837158,1.4199999570846558,1.4500000476837158,5717,0.0,0.0,AIHS,15m
2026-04-17 15:45:00-04:00,1.399999976158142,1.4098999500274658,1.3799999952316284,1.399999976158142,6635,0.0,0.0,AIHS,15m
