datetime,open,high,low,close,volume,dividends,stock_splits,ticker,interval
2026-01-22 09:30:00-05:00,10.65000057220459,11.037500381469727,10.149999618530273,11.0,2301896,0.0,0.0,BDRX,30m
2026-01-22 10:00:00-05:00,11.050000190734863,11.300000190734863,10.70050048828125,10.824999809265137,1498737,0.0,0.0,BDRX,30m
2026-01-22 10:30:00-05:00,10.824999809265137,11.100000381469727,10.700000762939453,11.0,41252,0.0,0.0,BDRX,30m
2026-01-22 11:00:00-05:00,11.050000190734863,11.300000190734863,10.90049934387207,11.0,1559447,0.0,0.0,BDRX,30m
2026-01-22 11:30:00-05:00,10.950000762939453,11.050000190734863,10.800000190734863,10.800000190734863,11602,0.0,0.0,BDRX,30m
2026-01-22 12:00:00-05:00,10.802999496459961,10.950000762939453,10.65000057220459,10.700000762939453,8389,0.0,0.0,BDRX,30m
2026-01-22 12:30:00-05:00,10.75,10.854000091552734,10.549999237060547,10.65000057220459,14484,0.0,0.0,BDRX,30m
2026-01-22 13:00:00-05:00,10.65000057220459,10.850000381469727,10.65000057220459,10.75,5800,0.0,0.0,BDRX,30m
2026-01-22 13:30:00-05:00,10.850000381469727,10.850000381469727,10.625,10.675000190734863,1588770,0.0,0.0,BDRX,30m
2026-01-22 14:00:00-05:00,10.850000381469727,10.90000057220459,10.59999942779541,10.700000762939453,1599086,0.0,0.0,BDRX,30m
2026-01-22 14:30:00-05:00,10.75,10.950000762939453,10.725000381469727,10.75,6398,0.0,0.0,BDRX,30m
2026-01-22 15:00:00-05:00,10.75,10.800000190734863,10.399999618530273,10.700000762939453,11461,0.0,0.0,BDRX,30m
2026-01-22 15:30:00-05:00,10.734000205993652,10.950000762939453,10.65000057220459,10.90000057220459,34873,0.0,0.0,BDRX,30m
2026-01-23 09:30:00-05:00,10.850000381469727,10.875,10.59999942779541,10.75,12104,0.0,0.0,BDRX,30m
2026-01-23 10:00:00-05:00,10.729999542236328,10.950000762939453,10.65000057220459,10.924999237060547,14818,0.0,0.0,BDRX,30m
2026-01-23 10:30:00-05:00,10.90000057220459,10.90000057220459,10.75,10.800000190734863,3354,0.0,0.0,BDRX,30m
2026-01-23 11:00:00-05:00,10.75,10.90000057220459,10.75,10.852999687194824,43721,0.0,0.0,BDRX,30m
2026-01-23 11:30:00-05:00,11.0,11.050000190734863,10.800000190734863,10.850000381469727,8586,0.0,0.0,BDRX,30m
2026-01-23 12:00:00-05:00,10.800000190734863,10.800000190734863,10.652999877929688,10.75,2166,0.0,0.0,BDRX,30m
2026-01-23 12:30:00-05:00,10.75,10.800000190734863,10.5,10.5,4239,0.0,0.0,BDRX,30m
2026-01-23 13:00:00-05:00,10.5,10.760499954223633,10.5,10.700000762939453,4388,0.0,0.0,BDRX,30m
2026-01-23 13:30:00-05:00,10.75,10.950000762939453,10.673999786376953,10.673999786376953,7048,0.0,0.0,BDRX,30m
2026-01-23 14:00:00-05:00,10.800000190734863,10.800000190734863,10.800000190734863,10.800000190734863,417,0.0,0.0,BDRX,30m
2026-01-23 14:30:00-05:00,10.75,10.75,10.549999237060547,10.59999942779541,5440,0.0,0.0,BDRX,30m
2026-01-23 15:00:00-05:00,10.749500274658203,10.749500274658203,10.500499725341797,10.65000057220459,11699,0.0,0.0,BDRX,30m
2026-01-23 15:30:00-05:00,10.700000762939453,10.90000057220459,10.650500297546387,10.90000057220459,8267,0.0,0.0,BDRX,30m
2026-01-26 09:30:00-05:00,10.90000057220459,11.0,10.75,10.75,19447,0.0,0.0,BDRX,30m
2026-01-26 10:00:00-05:00,10.875,10.944499969482422,10.65999984741211,10.941499710083008,1938,0.0,0.0,BDRX,30m
2026-01-26 10:30:00-05:00,10.875,10.999499320983887,10.875,10.90000057220459,6065,0.0,0.0,BDRX,30m
2026-01-26 11:00:00-05:00,10.90000057220459,10.90000057220459,10.850000381469727,10.850500106811523,1265,0.0,0.0,BDRX,30m
2026-01-26 11:30:00-05:00,10.875,10.875,10.781499862670898,10.79949951171875,2399,0.0,0.0,BDRX,30m
2026-01-26 12:00:00-05:00,10.75,11.100000381469727,10.75,11.050000190734863,7083,0.0,0.0,BDRX,30m
2026-01-26 12:30:00-05:00,11.05049991607666,11.350000381469727,10.950000762939453,10.950000762939453,25726,0.0,0.0,BDRX,30m
2026-01-26 13:00:00-05:00,11.100000381469727,11.28499984741211,10.850000381469727,10.941499710083008,7015,0.0,0.0,BDRX,30m
2026-01-26 13:30:00-05:00,11.050000190734863,11.074999809265137,11.050000190734863,11.074999809265137,678,0.0,0.0,BDRX,30m
2026-01-26 14:00:00-05:00,11.074999809265137,11.074999809265137,10.99850082397461,11.074999809265137,1575,0.0,0.0,BDRX,30m
2026-01-26 14:30:00-05:00,11.0,11.203999519348145,10.90000057220459,11.074999809265137,6096,0.0,0.0,BDRX,30m
2026-01-26 15:00:00-05:00,11.125,11.299500465393066,11.0,11.174999237060547,68864,0.0,0.0,BDRX,30m
2026-01-26 15:30:00-05:00,11.100000381469727,11.300000190734863,10.85949993133545,11.125,7369,0.0,0.0,BDRX,30m
2026-01-27 09:30:00-05:00,11.199999809265137,11.199999809265137,10.90049934387207,11.0,20492,0.0,0.0,BDRX,30m
2026-01-27 10:00:00-05:00,11.043499946594238,11.043499946594238,10.90000057220459,10.950000762939453,5544,0.0,0.0,BDRX,30m
2026-01-27 10:30:00-05:00,10.950000762939453,11.25,10.950000762939453,10.950000762939453,6219,0.0,0.0,BDRX,30m
2026-01-27 11:00:00-05:00,11.0,11.032500267028809,10.950000762939453,11.027999877929688,1582,0.0,0.0,BDRX,30m
2026-01-27 11:30:00-05:00,10.90000057220459,10.90000057220459,10.65000057220459,10.750499725341797,3550,0.0,0.0,BDRX,30m
2026-01-27 12:00:00-05:00,10.70050048828125,10.90000057220459,10.700000762939453,10.90000057220459,6176,0.0,0.0,BDRX,30m
2026-01-27 12:30:00-05:00,10.90000057220459,10.90000057220459,10.800000190734863,10.800000190734863,847,0.0,0.0,BDRX,30m
2026-01-27 13:00:00-05:00,11.001500129699707,11.04949951171875,10.802999496459961,11.00999927520752,3213,0.0,0.0,BDRX,30m
2026-01-27 13:30:00-05:00,10.950000762939453,10.97499942779541,10.850000381469727,10.97499942779541,1983,0.0,0.0,BDRX,30m
2026-01-27 14:00:00-05:00,10.800000190734863,10.800000190734863,10.690000534057617,10.725000381469727,2815,0.0,0.0,BDRX,30m
2026-01-27 14:30:00-05:00,10.700000762939453,11.0,10.700000762939453,10.90000057220459,2099,0.0,0.0,BDRX,30m
2026-01-27 15:00:00-05:00,10.800000190734863,11.0,10.700000762939453,10.800000190734863,1965,0.0,0.0,BDRX,30m
2026-01-27 15:30:00-05:00,10.77400016784668,10.90000057220459,10.549999237060547,10.65000057220459,14623,0.0,0.0,BDRX,30m
2026-01-28 09:30:00-05:00,10.65000057220459,10.758999824523926,10.299999237060547,10.34999942779541,25676,0.0,0.0,BDRX,30m
2026-01-28 10:00:00-05:00,10.299999237060547,10.5,10.20050048828125,10.399999618530273,20708,0.0,0.0,BDRX,30m
2026-01-28 10:30:00-05:00,10.391999244689941,10.399999618530273,10.345000267028809,10.399999618530273,858,0.0,0.0,BDRX,30m
2026-01-28 11:00:00-05:00,10.367499351501465,10.444999694824219,10.199999809265137,10.251999855041504,25574,0.0,0.0,BDRX,30m
2026-01-28 11:30:00-05:00,10.199999809265137,10.449999809265137,10.199999809265137,10.399999618530273,4220,0.0,0.0,BDRX,30m
2026-01-28 12:00:00-05:00,10.325000762939453,10.449999809265137,10.325000762939453,10.399999618530273,5155,0.0,0.0,BDRX,30m
2026-01-28 12:30:00-05:00,10.449999809265137,10.449999809265137,10.299999237060547,10.299999237060547,11837,0.0,0.0,BDRX,30m
2026-01-28 13:00:00-05:00,10.25,10.299999237060547,10.199999809265137,10.299999237060547,2809,0.0,0.0,BDRX,30m
2026-01-28 13:30:00-05:00,10.299999237060547,10.399999618530273,10.25,10.303499221801758,1835,0.0,0.0,BDRX,30m
2026-01-28 14:00:00-05:00,10.430000305175781,10.430000305175781,10.430000305175781,10.430000305175781,306,0.0,0.0,BDRX,30m
2026-01-28 14:30:00-05:00,10.375,10.449999809265137,10.375,10.449999809265137,1258,0.0,0.0,BDRX,30m
2026-01-28 15:00:00-05:00,10.399999618530273,10.449999809265137,10.299999237060547,10.449999809265137,1299,0.0,0.0,BDRX,30m
2026-01-28 15:30:00-05:00,10.299999237060547,10.34999942779541,10.25,10.25,3547,0.0,0.0,BDRX,30m
2026-01-29 09:30:00-05:00,10.25,10.25,9.5,9.75,24800,0.0,0.0,BDRX,30m
2026-01-29 10:00:00-05:00,9.75,9.75,9.15000057220459,9.350500106811523,25309,0.0,0.0,BDRX,30m
2026-01-29 10:30:00-05:00,9.399999618530273,9.425000190734863,9.277999877929688,9.300000190734863,12984,0.0,0.0,BDRX,30m
2026-01-29 11:00:00-05:00,9.25,9.475000381469727,9.0,9.475000381469727,12740,0.0,0.0,BDRX,30m
2026-01-29 11:30:00-05:00,9.75,9.75,9.5,9.550000190734863,4582,0.0,0.0,BDRX,30m
2026-01-29 12:00:00-05:00,9.592499732971191,9.592499732971191,9.251999855041504,9.279999732971191,5530,0.0,0.0,BDRX,30m
2026-01-29 12:30:00-05:00,9.250499725341797,9.29949951171875,9.100000381469727,9.29949951171875,802,0.0,0.0,BDRX,30m
2026-01-29 13:00:00-05:00,9.22599983215332,9.29949951171875,9.199999809265137,9.29949951171875,8822,0.0,0.0,BDRX,30m
2026-01-29 13:30:00-05:00,9.300000190734863,9.399999618530273,9.25,9.25,1444,0.0,0.0,BDRX,30m
2026-01-29 14:00:00-05:00,9.324999809265137,9.324999809265137,9.25,9.324999809265137,2234,0.0,0.0,BDRX,30m
2026-01-29 14:30:00-05:00,9.30049991607666,9.30049991607666,9.30049991607666,9.30049991607666,1171,0.0,0.0,BDRX,30m
2026-01-29 15:00:00-05:00,9.399999618530273,9.614999771118164,9.300000190734863,9.54699993133545,3717,0.0,0.0,BDRX,30m
2026-01-29 15:30:00-05:00,9.478500366210938,9.478500366210938,9.25,9.300000190734863,105729,0.0,0.0,BDRX,30m
2026-01-30 09:30:00-05:00,8.949999809265137,8.949999809265137,8.649999618530273,8.875,21520,0.0,0.0,BDRX,30m
2026-01-30 10:00:00-05:00,8.75,8.75,8.5600004196167,8.625,2869,0.0,0.0,BDRX,30m
2026-01-30 10:30:00-05:00,8.691499710083008,8.691499710083008,8.691499710083008,8.691499710083008,1001,0.0,0.0,BDRX,30m
2026-02-02 13:30:00-05:00,8.550000190734863,8.550000190734863,8.550000190734863,8.550000190734863,7185,0.0,0.0,BDRX,30m
2026-02-02 14:00:00-05:00,8.550000190734863,8.599499702453613,8.5,8.5,2406,0.0,0.0,BDRX,30m
2026-02-02 14:30:00-05:00,8.5,8.5,8.5,8.5,1046,0.0,0.0,BDRX,30m
2026-02-02 15:00:00-05:00,8.5,8.597000122070312,8.34999942779541,8.597000122070312,4257,0.0,0.0,BDRX,30m
2026-02-02 15:30:00-05:00,8.424999237060547,8.600000381469727,8.399999618530273,8.399999618530273,10916,0.0,0.0,BDRX,30m
2026-02-03 09:30:00-05:00,8.5,8.548500061035156,8.34999942779541,8.450000762939453,7682,0.0,0.0,BDRX,30m
2026-02-03 10:00:00-05:00,8.35099983215332,8.35099983215332,8.34999942779541,8.34999942779541,5068,0.0,0.0,BDRX,30m
2026-02-03 11:00:00-05:00,8.424999237060547,8.5,8.399999618530273,8.450000762939453,11647,0.0,0.0,BDRX,30m
2026-02-03 11:30:00-05:00,8.45300006866455,8.45300006866455,8.450000762939453,8.450000762939453,1278,0.0,0.0,BDRX,30m
2026-02-03 12:00:00-05:00,8.548999786376953,8.548999786376953,8.5,8.53849983215332,2617,0.0,0.0,BDRX,30m
2026-02-03 12:30:00-05:00,8.450000762939453,8.450000762939453,8.450000762939453,8.450000762939453,894,0.0,0.0,BDRX,30m
2026-02-03 13:00:00-05:00,8.34999942779541,8.350500106811523,8.300000190734863,8.350500106811523,2108,0.0,0.0,BDRX,30m
2026-02-03 13:30:00-05:00,8.350500106811523,8.369500160217285,8.350500106811523,8.369500160217285,959,0.0,0.0,BDRX,30m
2026-02-03 14:00:00-05:00,8.424999237060547,8.424999237060547,8.199999809265137,8.199999809265137,1865,0.0,0.0,BDRX,30m
2026-02-03 14:30:00-05:00,8.300000190734863,8.300000190734863,8.300000190734863,8.300000190734863,1664,0.0,0.0,BDRX,30m
2026-02-03 15:00:00-05:00,8.300000190734863,8.300000190734863,8.0,8.109999656677246,8425,0.0,0.0,BDRX,30m
2026-02-03 15:30:00-05:00,8.179500579833984,8.25,8.100000381469727,8.100000381469727,6280,0.0,0.0,BDRX,30m
2026-02-04 09:30:00-05:00,7.799999713897705,8.149499893188477,7.049999713897705,7.695500373840332,1210645,0.0,0.0,BDRX,30m
2026-02-04 10:00:00-05:00,7.599999904632568,7.699999809265137,7.25,7.300000190734863,55637,0.0,0.0,BDRX,30m
2026-02-04 10:30:00-05:00,7.325000286102295,7.641500473022461,7.0,7.065500259399414,44912,0.0,0.0,BDRX,30m
2026-02-04 11:00:00-05:00,7.049999713897705,7.425000190734863,7.049999713897705,7.25,33891,0.0,0.0,BDRX,30m
2026-02-04 11:30:00-05:00,7.200000286102295,7.25,7.0,7.074999809265137,22721,0.0,0.0,BDRX,30m
2026-02-04 12:00:00-05:00,7.0,7.099999904632568,7.0,7.049999713897705,28248,0.0,0.0,BDRX,30m
2026-02-04 12:30:00-05:00,7.125,7.19950008392334,7.0,7.174999713897705,7643,0.0,0.0,BDRX,30m
2026-02-04 13:00:00-05:00,7.200000286102295,7.649999618530273,7.200000286102295,7.649999618530273,17784,0.0,0.0,BDRX,30m
2026-02-04 13:30:00-05:00,7.400000095367432,7.647500038146973,7.400000095367432,7.5,2115452,0.0,0.0,BDRX,30m
2026-02-04 14:00:00-05:00,7.5,7.5,7.200000286102295,7.200000286102295,4612,0.0,0.0,BDRX,30m
2026-02-04 14:30:00-05:00,7.200000286102295,7.799999713897705,7.0,7.75,19674,0.0,0.0,BDRX,30m
2026-02-04 15:00:00-05:00,7.449999809265137,7.599999904632568,7.049999713897705,7.300000190734863,18563,0.0,0.0,BDRX,30m
2026-02-04 15:30:00-05:00,7.25,7.400000095367432,7.099999904632568,7.350000381469727,2254955,0.0,0.0,BDRX,30m
2026-02-05 09:30:00-05:00,7.0,7.0,6.800000190734863,6.800000190734863,36608,0.0,0.0,BDRX,30m
2026-02-05 10:00:00-05:00,6.809000015258789,6.809000015258789,6.5,6.650000095367432,24362,0.0,0.0,BDRX,30m
2026-02-05 10:30:00-05:00,6.650000095367432,6.75,6.549999713897705,6.549999713897705,14386,0.0,0.0,BDRX,30m
2026-02-05 11:00:00-05:00,6.55049991607666,6.600000381469727,6.4004998207092285,6.5,8761,0.0,0.0,BDRX,30m
2026-02-05 11:30:00-05:00,6.5,6.575000286102295,6.300000190734863,6.5,11069,0.0,0.0,BDRX,30m
2026-02-05 12:00:00-05:00,6.5,6.5,6.399999618530273,6.449999809265137,4244,0.0,0.0,BDRX,30m
2026-02-05 12:30:00-05:00,6.5,6.5,6.349999904632568,6.375,5130,0.0,0.0,BDRX,30m
2026-02-05 13:00:00-05:00,6.56350040435791,6.56350040435791,6.399999618530273,6.5,2753,0.0,0.0,BDRX,30m
2026-02-05 13:30:00-05:00,6.449999809265137,6.5,6.449999809265137,6.5,3813,0.0,0.0,BDRX,30m
2026-02-05 14:00:00-05:00,6.450500011444092,6.600000381469727,6.450500011444092,6.600000381469727,2277,0.0,0.0,BDRX,30m
2026-02-05 14:30:00-05:00,6.625,6.650000095367432,6.549999713897705,6.600000381469727,1663,0.0,0.0,BDRX,30m
2026-02-05 15:00:00-05:00,6.449999809265137,6.449999809265137,6.300000190734863,6.399999618530273,3328,0.0,0.0,BDRX,30m
2026-02-05 15:30:00-05:00,6.5,6.5,6.300000190734863,6.449999809265137,32258,0.0,0.0,BDRX,30m
2026-02-06 09:30:00-05:00,6.25,6.349999904632568,6.25,6.308000087738037,17881,0.0,0.0,BDRX,30m
2026-02-06 10:00:00-05:00,6.35099983215332,6.449999809265137,6.350500106811523,6.449999809265137,9056,0.0,0.0,BDRX,30m
2026-02-06 10:30:00-05:00,6.449999809265137,6.600000381469727,6.449999809265137,6.600000381469727,3815,0.0,0.0,BDRX,30m
2026-02-06 11:00:00-05:00,6.474999904632568,6.600000381469727,6.100000381469727,6.199999809265137,22097,0.0,0.0,BDRX,30m
2026-02-06 11:30:00-05:00,6.25,6.25,6.203499794006348,6.203499794006348,734,0.0,0.0,BDRX,30m
2026-02-06 12:00:00-05:00,6.25,6.25,6.25,6.25,950,0.0,0.0,BDRX,30m
2026-02-06 12:30:00-05:00,6.324999809265137,6.399999618530273,6.324999809265137,6.350500106811523,940,0.0,0.0,BDRX,30m
2026-02-06 13:00:00-05:00,6.499500274658203,6.499500274658203,6.399999618530273,6.399999618530273,23741,0.0,0.0,BDRX,30m
2026-02-06 13:30:00-05:00,6.449000358581543,6.499500274658203,6.449000358581543,6.499500274658203,308,0.0,0.0,BDRX,30m
2026-02-06 14:30:00-05:00,6.491499900817871,6.5,6.449999809265137,6.450500011444092,3408,0.0,0.0,BDRX,30m
2026-02-06 15:00:00-05:00,6.449999809265137,6.449999809265137,6.224999904632568,6.300000190734863,2604,0.0,0.0,BDRX,30m
2026-02-06 15:30:00-05:00,6.250500202178955,6.349999904632568,6.200500011444092,6.300000190734863,6303,0.0,0.0,BDRX,30m
2026-02-09 09:30:00-05:00,6.202499866485596,6.5,6.202499866485596,6.440000057220459,5162,0.0,0.0,BDRX,30m
2026-02-09 10:00:00-05:00,6.424999713897705,6.800000190734863,6.424999713897705,6.500499725341797,9577,0.0,0.0,BDRX,30m
2026-02-09 10:30:00-05:00,6.5,6.549999713897705,6.5,6.503000259399414,1716,0.0,0.0,BDRX,30m
2026-02-09 11:00:00-05:00,6.510000228881836,6.510000228881836,6.510000228881836,6.510000228881836,584,0.0,0.0,BDRX,30m
2026-02-09 11:30:00-05:00,6.335999965667725,6.335999965667725,6.150000095367432,6.150000095367432,1245,0.0,0.0,BDRX,30m
2026-02-09 12:00:00-05:00,6.1579999923706055,6.276999473571777,6.1579999923706055,6.199999809265137,2497,0.0,0.0,BDRX,30m
2026-02-09 12:30:00-05:00,6.300000190734863,6.300000190734863,6.300000190734863,6.300000190734863,361,0.0,0.0,BDRX,30m
2026-02-09 13:00:00-05:00,6.4085001945495605,6.4085001945495605,6.275000095367432,6.3919997215271,1851,0.0,0.0,BDRX,30m
2026-02-09 14:00:00-05:00,6.399999618530273,6.399999618530273,6.250500202178955,6.250500202178955,3654,0.0,0.0,BDRX,30m
2026-02-09 14:30:00-05:00,6.279000282287598,6.600000381469727,6.279000282287598,6.600000381469727,34457,0.0,0.0,BDRX,30m
2026-02-09 15:00:00-05:00,6.650000095367432,6.900000095367432,6.504499912261963,6.747499465942383,20232,0.0,0.0,BDRX,30m
2026-02-09 15:30:00-05:00,6.700000286102295,6.700000286102295,6.424999713897705,6.659999847412109,17488,0.0,0.0,BDRX,30m
2026-02-10 09:30:00-05:00,6.549999713897705,6.849999904632568,6.5,6.625,12302,0.0,0.0,BDRX,30m
2026-02-10 10:00:00-05:00,6.718999862670898,6.750500202178955,6.700000286102295,6.700000286102295,4275,0.0,0.0,BDRX,30m
2026-02-10 10:30:00-05:00,6.675500392913818,6.700000286102295,6.5,6.5,28061,0.0,0.0,BDRX,30m
2026-02-10 11:00:00-05:00,6.697499752044678,6.697499752044678,6.600000381469727,6.600000381469727,242,0.0,0.0,BDRX,30m
2026-02-10 11:30:00-05:00,6.600000381469727,6.690000534057617,6.600000381469727,6.690000534057617,2339,0.0,0.0,BDRX,30m
2026-02-10 12:00:00-05:00,6.700000286102295,6.75,6.675000190734863,6.75,1482,0.0,0.0,BDRX,30m
2026-02-10 12:30:00-05:00,6.749500274658203,6.75,6.700000286102295,6.75,1835,0.0,0.0,BDRX,30m
2026-02-10 13:00:00-05:00,6.75,6.75,6.600000381469727,6.700000286102295,17011,0.0,0.0,BDRX,30m
2026-02-10 13:30:00-05:00,6.5625,6.625,6.5625,6.625,2756,0.0,0.0,BDRX,30m
2026-02-10 14:00:00-05:00,6.600000381469727,6.600000381469727,6.600000381469727,6.600000381469727,101,0.0,0.0,BDRX,30m
2026-02-10 14:30:00-05:00,6.571499824523926,6.571499824523926,6.549999713897705,6.549999713897705,494,0.0,0.0,BDRX,30m
2026-02-10 15:00:00-05:00,6.625,6.625,6.324999809265137,6.5,6635,0.0,0.0,BDRX,30m
2026-02-10 15:30:00-05:00,6.349999904632568,6.449499607086182,6.25,6.25,3294,0.0,0.0,BDRX,30m
2026-02-11 09:30:00-05:00,6.399999618530273,6.449999809265137,6.100500106811523,6.100500106811523,8877,0.0,0.0,BDRX,30m
2026-02-11 10:00:00-05:00,6.121000289916992,6.199999809265137,6.121000289916992,6.199999809265137,1986,0.0,0.0,BDRX,30m
2026-02-11 10:30:00-05:00,6.142499923706055,6.203999996185303,6.0,6.050000190734863,1176,0.0,0.0,BDRX,30m
2026-02-11 11:00:00-05:00,6.150000095367432,6.150000095367432,6.050000190734863,6.050000190734863,5321,0.0,0.0,BDRX,30m
2026-02-11 11:30:00-05:00,6.050000190734863,6.199999809265137,6.0,6.199999809265137,4651,0.0,0.0,BDRX,30m
2026-02-11 12:00:00-05:00,6.111500263214111,6.111500263214111,6.100000381469727,6.100000381469727,245,0.0,0.0,BDRX,30m
2026-02-11 12:30:00-05:00,6.125,6.125,6.100000381469727,6.100000381469727,1353,0.0,0.0,BDRX,30m
2026-02-11 14:00:00-05:00,6.125,6.149499893188477,6.100000381469727,6.149499893188477,1601,0.0,0.0,BDRX,30m
2026-02-11 14:30:00-05:00,6.100000381469727,6.19950008392334,6.100000381469727,6.125,1372,0.0,0.0,BDRX,30m
2026-02-11 15:00:00-05:00,6.050000190734863,6.100000381469727,6.0,6.050000190734863,2624,0.0,0.0,BDRX,30m
2026-02-11 15:30:00-05:00,6.172999858856201,6.172999858856201,6.050000190734863,6.08650016784668,2121,0.0,0.0,BDRX,30m
2026-02-12 09:30:00-05:00,5.75,5.799999713897705,5.502500057220459,5.502500057220459,12480,0.0,0.0,BDRX,30m
2026-02-12 10:00:00-05:00,5.599999904632568,5.600500106811523,5.5,5.550000190734863,28390,0.0,0.0,BDRX,30m
2026-02-12 10:30:00-05:00,5.599999904632568,5.599999904632568,5.4544997215271,5.4544997215271,1620,0.0,0.0,BDRX,30m
2026-02-12 11:00:00-05:00,5.450000286102295,5.550000190734863,5.450000286102295,5.550000190734863,6885,0.0,0.0,BDRX,30m
2026-02-12 11:30:00-05:00,5.5,5.550000190734863,5.5,5.5,36631,0.0,0.0,BDRX,30m
2026-02-12 12:00:00-05:00,5.541500091552734,5.550000190734863,5.475000381469727,5.550000190734863,1810,0.0,0.0,BDRX,30m
2026-02-12 12:30:00-05:00,5.548500061035156,5.75,5.400000095367432,5.5,8861,0.0,0.0,BDRX,30m
2026-02-12 13:00:00-05:00,5.550000190734863,5.550000190734863,5.504000186920166,5.504000186920166,697,0.0,0.0,BDRX,30m
2026-02-12 13:30:00-05:00,5.5,5.5,5.5,5.5,109,0.0,0.0,BDRX,30m
2026-02-12 14:00:00-05:00,5.524499893188477,5.524499893188477,5.400000095367432,5.450000286102295,4150,0.0,0.0,BDRX,30m
2026-02-12 14:30:00-05:00,5.441999912261963,5.5,5.425000190734863,5.5,7783,0.0,0.0,BDRX,30m
2026-02-12 15:00:00-05:00,5.5879998207092285,5.5879998207092285,5.5879998207092285,5.5879998207092285,1180,0.0,0.0,BDRX,30m
2026-02-12 15:30:00-05:00,5.5,5.699999809265137,5.5,5.699999809265137,3411,0.0,0.0,BDRX,30m
2026-02-13 09:30:00-05:00,5.350000381469727,5.450000286102295,5.199999809265137,5.450000286102295,16542,0.0,0.0,BDRX,30m
2026-02-13 10:00:00-05:00,5.4670000076293945,5.475000381469727,5.4670000076293945,5.46750020980835,1697,0.0,0.0,BDRX,30m
2026-02-13 10:30:00-05:00,5.5,5.650000095367432,5.394000053405762,5.650000095367432,6744,0.0,0.0,BDRX,30m
2026-02-13 11:00:00-05:00,5.702000141143799,5.75,5.702000141143799,5.75,273,0.0,0.0,BDRX,30m
2026-02-13 11:30:00-05:00,5.699999809265137,5.75,5.699999809265137,5.749499797821045,6757,0.0,0.0,BDRX,30m
2026-02-13 12:00:00-05:00,5.75,6.100000381469727,5.699999809265137,5.750499725341797,27859,0.0,0.0,BDRX,30m
2026-02-13 12:30:00-05:00,5.75,5.89900016784668,5.702499866485596,5.89900016784668,1720,0.0,0.0,BDRX,30m
2026-02-13 14:00:00-05:00,5.763999938964844,5.763999938964844,5.699999809265137,5.699999809265137,8179,0.0,0.0,BDRX,30m
2026-02-13 14:30:00-05:00,5.75,5.75,5.699999809265137,5.699999809265137,1794,0.0,0.0,BDRX,30m
2026-02-13 15:00:00-05:00,5.700500011444092,5.75,5.700500011444092,5.701499938964844,31515,0.0,0.0,BDRX,30m
2026-02-13 15:30:00-05:00,5.745499610900879,5.75,5.4029998779296875,5.699999809265137,3538,0.0,0.0,BDRX,30m
2026-02-17 09:30:00-05:00,5.400000095367432,6.726499557495117,5.400000095367432,6.650500297546387,128067,0.0,0.0,BDRX,30m
2026-02-17 10:00:00-05:00,6.650000095367432,6.650000095367432,6.150000095367432,6.359500408172607,31129,0.0,0.0,BDRX,30m
2026-02-17 10:30:00-05:00,6.349999904632568,6.399999618530273,6.300000190734863,6.349999904632568,7588,0.0,0.0,BDRX,30m
2026-02-17 11:00:00-05:00,6.394500255584717,6.700000286102295,6.394500255584717,6.500499725341797,49052,0.0,0.0,BDRX,30m
2026-02-17 11:30:00-05:00,6.449999809265137,6.575000286102295,6.449999809265137,6.575000286102295,5290,0.0,0.0,BDRX,30m
2026-02-17 12:00:00-05:00,6.575000286102295,6.650000095367432,6.500499725341797,6.578000068664551,5314,0.0,0.0,BDRX,30m
2026-02-17 12:30:00-05:00,6.549999713897705,7.5,6.549999713897705,7.5,53176,0.0,0.0,BDRX,30m
2026-02-17 13:00:00-05:00,7.449999809265137,7.449999809265137,6.800000190734863,7.0,34903,0.0,0.0,BDRX,30m
2026-02-17 13:30:00-05:00,7.160000324249268,7.160000324249268,6.650000095367432,6.75,22861,0.0,0.0,BDRX,30m
2026-02-17 14:00:00-05:00,6.75,6.925000190734863,6.75,6.925000190734863,1922,0.0,0.0,BDRX,30m
2026-02-17 14:30:00-05:00,6.75,6.75,6.5,6.5,13783,0.0,0.0,BDRX,30m
2026-02-17 15:00:00-05:00,6.549999713897705,6.725000381469727,6.25,6.399999618530273,5863,0.0,0.0,BDRX,30m
2026-02-17 15:30:00-05:00,6.399999618530273,6.600000381469727,6.150000095367432,6.449999809265137,15481,0.0,0.0,BDRX,30m
2026-02-18 09:30:00-05:00,6.449999809265137,6.650000095367432,6.300000190734863,6.349999904632568,16893,0.0,0.0,BDRX,30m
2026-02-18 10:00:00-05:00,6.399999618530273,6.424999713897705,6.349999904632568,6.350500106811523,3118,0.0,0.0,BDRX,30m
2026-02-18 10:30:00-05:00,6.349999904632568,6.349999904632568,6.25,6.300000190734863,5929,0.0,0.0,BDRX,30m
2026-02-18 11:00:00-05:00,6.25,6.312000274658203,6.25,6.312000274658203,547,0.0,0.0,BDRX,30m
2026-02-18 11:30:00-05:00,6.300000190734863,6.300000190734863,6.253499984741211,6.253499984741211,400,0.0,0.0,BDRX,30m
2026-02-18 12:00:00-05:00,6.251999855041504,6.316499710083008,6.25,6.300000190734863,2647,0.0,0.0,BDRX,30m
2026-02-18 12:30:00-05:00,6.297500133514404,6.5,6.224999904632568,6.25,7101,0.0,0.0,BDRX,30m
2026-02-18 13:00:00-05:00,6.300000190734863,6.300000190734863,6.300000190734863,6.300000190734863,721,0.0,0.0,BDRX,30m
2026-02-18 13:30:00-05:00,6.25,6.250500202178955,6.200500011444092,6.244500160217285,4436,0.0,0.0,BDRX,30m
2026-02-18 14:00:00-05:00,6.25,6.25,6.199999809265137,6.199999809265137,629,0.0,0.0,BDRX,30m
2026-02-18 14:30:00-05:00,6.25,6.25,6.150000095367432,6.150000095367432,16371,0.0,0.0,BDRX,30m
2026-02-18 15:00:00-05:00,6.150500297546387,6.150500297546387,6.0,6.100000381469727,5986,0.0,0.0,BDRX,30m
2026-02-18 15:30:00-05:00,6.100000381469727,6.100000381469727,6.100000381469727,6.100000381469727,1548,0.0,0.0,BDRX,30m
2026-02-19 09:30:00-05:00,7.0,7.0,6.305000305175781,6.5995001792907715,383601,0.0,0.0,BDRX,30m
2026-02-19 10:00:00-05:00,6.375,6.650000095367432,6.199999809265137,6.494999885559082,18499,0.0,0.0,BDRX,30m
2026-02-19 10:30:00-05:00,6.320000171661377,6.549999713897705,6.25,6.399999618530273,31958,0.0,0.0,BDRX,30m
2026-02-19 11:00:00-05:00,6.399999618530273,6.449999809265137,5.899999618530273,6.150000095367432,30320,0.0,0.0,BDRX,30m
2026-02-19 11:30:00-05:00,6.075000286102295,6.150000095367432,5.875,6.050000190734863,11020,0.0,0.0,BDRX,30m
2026-02-19 12:00:00-05:00,6.12999963760376,6.149499893188477,6.0,6.000499725341797,6674,0.0,0.0,BDRX,30m
2026-02-19 12:30:00-05:00,6.050000190734863,6.100000381469727,5.950000286102295,6.002500057220459,9874,0.0,0.0,BDRX,30m
2026-02-19 13:00:00-05:00,6.050000190734863,6.177499771118164,6.050000190734863,6.163000106811523,2835,0.0,0.0,BDRX,30m
2026-02-19 13:30:00-05:00,6.125,6.300000190734863,6.125,6.199999809265137,9529,0.0,0.0,BDRX,30m
2026-02-19 14:00:00-05:00,6.224999904632568,6.349999904632568,6.100000381469727,6.287500381469727,2998,0.0,0.0,BDRX,30m
2026-02-19 14:30:00-05:00,6.298999786376953,6.299499988555908,6.199999809265137,6.200500011444092,5647,0.0,0.0,BDRX,30m
2026-02-19 15:00:00-05:00,6.199999809265137,6.275000095367432,6.050000190734863,6.150000095367432,12305,0.0,0.0,BDRX,30m
2026-02-19 15:30:00-05:00,6.150000095367432,6.600000381469727,5.899999618530273,6.375,32725,0.0,0.0,BDRX,30m
2026-02-20 09:30:00-05:00,6.5,6.5,5.950000286102295,5.963000297546387,56945,0.0,0.0,BDRX,30m
2026-02-20 10:00:00-05:00,6.0,6.0,5.849999904632568,5.994500160217285,12774,0.0,0.0,BDRX,30m
2026-02-20 10:30:00-05:00,5.950499534606934,6.050000190734863,5.899999618530273,6.0,8579,0.0,0.0,BDRX,30m
2026-02-20 11:00:00-05:00,6.0,6.100000381469727,6.0,6.078500270843506,7829,0.0,0.0,BDRX,30m
2026-02-20 11:30:00-05:00,6.050000190734863,6.100000381469727,5.75,5.899999618530273,16159,0.0,0.0,BDRX,30m
2026-02-20 12:00:00-05:00,5.824999809265137,5.876500129699707,5.75,5.75,3033,0.0,0.0,BDRX,30m
2026-02-20 12:30:00-05:00,5.750499725341797,5.774999618530273,5.750499725341797,5.774999618530273,4111,0.0,0.0,BDRX,30m
2026-02-20 13:00:00-05:00,5.774999618530273,5.998499870300293,5.774999618530273,5.994500160217285,3334,0.0,0.0,BDRX,30m
2026-02-20 13:30:00-05:00,5.899999618530273,5.950000286102295,5.75,5.750999927520752,2541,0.0,0.0,BDRX,30m
2026-02-20 14:00:00-05:00,5.824999809265137,5.849499702453613,5.824999809265137,5.849499702453613,2476,0.0,0.0,BDRX,30m
2026-02-20 14:30:00-05:00,5.79949951171875,5.799999713897705,5.750499725341797,5.799999713897705,8724,0.0,0.0,BDRX,30m
2026-02-20 15:00:00-05:00,5.75,5.750499725341797,5.75,5.750499725341797,1208,0.0,0.0,BDRX,30m
2026-02-20 15:30:00-05:00,5.752999782562256,5.885000228881836,5.699999809265137,5.774999618530273,4492,0.0,0.0,BDRX,30m
2026-02-23 09:30:00-05:00,5.75,5.899999618530273,5.75,5.89900016784668,9035,0.0,0.0,BDRX,30m
2026-02-23 10:00:00-05:00,5.824999809265137,5.824999809265137,5.80049991607666,5.80049991607666,2483,0.0,0.0,BDRX,30m
2026-02-23 10:30:00-05:00,5.80049991607666,5.849499702453613,5.80049991607666,5.838500022888184,898,0.0,0.0,BDRX,30m
2026-02-23 11:00:00-05:00,5.799999713897705,5.849499702453613,5.751500129699707,5.799999713897705,3445,0.0,0.0,BDRX,30m
2026-02-23 11:30:00-05:00,5.750999927520752,5.774999618530273,5.75,5.750499725341797,3746,0.0,0.0,BDRX,30m
2026-02-23 12:00:00-05:00,5.79949951171875,5.799999713897705,5.774999618530273,5.799999713897705,1392,0.0,0.0,BDRX,30m
2026-02-23 12:30:00-05:00,5.849999904632568,5.8964996337890625,5.849999904632568,5.875,1468,0.0,0.0,BDRX,30m
2026-02-23 13:00:00-05:00,5.849999904632568,5.861000061035156,5.849999904632568,5.861000061035156,757,0.0,0.0,BDRX,30m
2026-02-23 13:30:00-05:00,5.850500106811523,5.850500106811523,5.850500106811523,5.850500106811523,1138,0.0,0.0,BDRX,30m
2026-02-23 14:00:00-05:00,5.924999713897705,5.924999713897705,5.924999713897705,5.924999713897705,533,0.0,0.0,BDRX,30m
2026-02-23 14:30:00-05:00,5.899999618530273,5.950000286102295,5.899999618530273,5.950000286102295,239,0.0,0.0,BDRX,30m
2026-02-23 15:00:00-05:00,5.899999618530273,5.924999713897705,5.699999809265137,5.704999923706055,5555,0.0,0.0,BDRX,30m
2026-02-23 15:30:00-05:00,5.774999618530273,5.950000286102295,5.774999618530273,5.849999904632568,4279,0.0,0.0,BDRX,30m
2026-02-24 09:30:00-05:00,5.856500148773193,5.856500148773193,5.650000095367432,5.650000095367432,3608,0.0,0.0,BDRX,30m
2026-02-24 10:00:00-05:00,5.724999904632568,5.799999713897705,5.599999904632568,5.730000019073486,7916,0.0,0.0,BDRX,30m
2026-02-24 10:30:00-05:00,5.774999618530273,5.774999618530273,5.774999618530273,5.774999618530273,101,0.0,0.0,BDRX,30m
2026-02-24 11:00:00-05:00,5.750499725341797,5.824999809265137,5.750499725341797,5.750499725341797,2036,0.0,0.0,BDRX,30m
2026-02-24 11:30:00-05:00,5.799999713897705,5.849999904632568,5.700500011444092,5.700500011444092,859,0.0,0.0,BDRX,30m
2026-02-24 12:00:00-05:00,5.75,5.849499702453613,5.699999809265137,5.720000267028809,1076,0.0,0.0,BDRX,30m
2026-02-24 12:30:00-05:00,5.699999809265137,5.699999809265137,5.699999809265137,5.699999809265137,517,0.0,0.0,BDRX,30m
2026-02-24 13:00:00-05:00,5.699999809265137,5.703999996185303,5.699999809265137,5.699999809265137,400,0.0,0.0,BDRX,30m
2026-02-24 13:30:00-05:00,5.75,5.774999618530273,5.701000213623047,5.774999618530273,2253,0.0,0.0,BDRX,30m
2026-02-24 14:00:00-05:00,5.75,5.75,5.75,5.75,300,0.0,0.0,BDRX,30m
2026-02-24 14:30:00-05:00,5.75,5.75,5.699999809265137,5.744500160217285,3294,0.0,0.0,BDRX,30m
2026-02-24 15:00:00-05:00,5.799999713897705,5.799999713897705,5.75,5.75,5822,0.0,0.0,BDRX,30m
2026-02-24 15:30:00-05:00,5.75,5.75,5.5,5.599999904632568,10426,0.0,0.0,BDRX,30m
2026-02-25 09:30:00-05:00,5.550000190734863,5.671999931335449,5.550000190734863,5.599999904632568,10113,0.0,0.0,BDRX,30m
2026-02-25 10:00:00-05:00,5.625,5.625,5.625,5.625,192,0.0,0.0,BDRX,30m
2026-02-25 10:30:00-05:00,5.648499488830566,5.650000095367432,5.648499488830566,5.650000095367432,1134,0.0,0.0,BDRX,30m
2026-02-25 11:00:00-05:00,5.5,5.675000190734863,5.5,5.675000190734863,4074,0.0,0.0,BDRX,30m
2026-02-25 11:30:00-05:00,5.650000095367432,5.699999809265137,5.650000095367432,5.6875,1362,0.0,0.0,BDRX,30m
2026-02-25 12:00:00-05:00,5.67650032043457,5.67650032043457,5.650000095367432,5.650000095367432,539,0.0,0.0,BDRX,30m
2026-02-25 12:30:00-05:00,5.662999629974365,5.699999809265137,5.662999629974365,5.699999809265137,484,0.0,0.0,BDRX,30m
2026-02-25 13:30:00-05:00,5.699999809265137,5.724999904632568,5.699999809265137,5.724999904632568,1084,0.0,0.0,BDRX,30m
2026-02-25 14:00:00-05:00,5.739999771118164,5.739999771118164,5.739999771118164,5.739999771118164,8678,0.0,0.0,BDRX,30m
2026-02-25 14:30:00-05:00,5.798500061035156,5.798500061035156,5.798500061035156,5.798500061035156,0,0.0,0.0,BDRX,30m
2026-02-25 15:00:00-05:00,5.724999904632568,5.724999904632568,5.550000190734863,5.699999809265137,6307,0.0,0.0,BDRX,30m
2026-02-25 15:30:00-05:00,5.625,5.636500358581543,5.574999809265137,5.636500358581543,3025,0.0,0.0,BDRX,30m
2026-02-26 09:30:00-05:00,5.74899959564209,6.0,5.700500011444092,5.700500011444092,5149,0.0,0.0,BDRX,30m
2026-02-26 10:00:00-05:00,5.711999893188477,5.799999713897705,5.699999809265137,5.699999809265137,4343,0.0,0.0,BDRX,30m
2026-02-26 11:00:00-05:00,5.799999713897705,5.799999713897705,5.701499938964844,5.79949951171875,2007,0.0,0.0,BDRX,30m
2026-02-26 11:30:00-05:00,5.799999713897705,5.799999713897705,5.799999713897705,5.799999713897705,566,0.0,0.0,BDRX,30m
2026-02-26 12:00:00-05:00,5.699999809265137,5.739500045776367,5.5,5.5,8556,0.0,0.0,BDRX,30m
2026-02-26 12:30:00-05:00,5.69950008392334,5.69950008392334,5.671999931335449,5.671999931335449,1807,0.0,0.0,BDRX,30m
2026-02-26 13:00:00-05:00,5.50100040435791,5.650000095367432,5.5,5.5,11866,0.0,0.0,BDRX,30m
2026-02-26 13:30:00-05:00,5.599499702453613,5.599499702453613,5.5,5.550000190734863,8893,0.0,0.0,BDRX,30m
2026-02-26 14:00:00-05:00,5.550000190734863,5.550000190734863,5.52400016784668,5.52400016784668,890,0.0,0.0,BDRX,30m
2026-02-26 14:30:00-05:00,5.552499771118164,5.554500102996826,5.552499771118164,5.554500102996826,464,0.0,0.0,BDRX,30m
2026-02-26 15:00:00-05:00,5.550000190734863,5.599999904632568,5.475000381469727,5.550000190734863,15172,0.0,0.0,BDRX,30m
2026-02-26 15:30:00-05:00,5.550000190734863,5.599999904632568,5.550000190734863,5.55049991607666,4501,0.0,0.0,BDRX,30m
2026-02-27 09:30:00-05:00,5.599999904632568,5.625,5.550000190734863,5.625,6021,0.0,0.0,BDRX,30m
2026-02-27 10:00:00-05:00,5.574999809265137,5.574999809265137,5.5,5.5,2747,0.0,0.0,BDRX,30m
2026-02-27 10:30:00-05:00,5.5,5.599999904632568,5.5,5.599999904632568,2218,0.0,0.0,BDRX,30m
2026-02-27 11:00:00-05:00,5.550000190734863,5.550000190734863,5.550000190734863,5.550000190734863,752,0.0,0.0,BDRX,30m
2026-02-27 11:30:00-05:00,5.569999694824219,5.569999694824219,5.550000190734863,5.550000190734863,1157,0.0,0.0,BDRX,30m
2026-02-27 12:00:00-05:00,5.599999904632568,5.649499893188477,5.350000381469727,5.450000286102295,11837,0.0,0.0,BDRX,30m
2026-02-27 12:30:00-05:00,5.550000190734863,5.550000190734863,5.550000190734863,5.550000190734863,820,0.0,0.0,BDRX,30m
2026-02-27 13:30:00-05:00,5.550000190734863,5.550000190734863,5.550000190734863,5.550000190734863,808,0.0,0.0,BDRX,30m
2026-02-27 14:00:00-05:00,5.45050048828125,5.453000068664551,5.440499782562256,5.440499782562256,7950,0.0,0.0,BDRX,30m
2026-02-27 15:00:00-05:00,5.599499702453613,5.599499702453613,5.5,5.5,1206,0.0,0.0,BDRX,30m
2026-02-27 15:30:00-05:00,5.574999809265137,5.574999809265137,5.350000381469727,5.350000381469727,9677,0.0,0.0,BDRX,30m
2026-03-02 09:30:00-05:00,5.325000286102295,5.400000095367432,5.25,5.25,7504,0.0,0.0,BDRX,30m
2026-03-02 10:00:00-05:00,5.260499954223633,5.380499839782715,5.260499954223633,5.350000381469727,2674,0.0,0.0,BDRX,30m
2026-03-02 10:30:00-05:00,5.25,5.25,5.0,5.199999809265137,37019,0.0,0.0,BDRX,30m
2026-03-02 11:00:00-05:00,5.199999809265137,5.199999809265137,5.199000358581543,5.199499607086182,279,0.0,0.0,BDRX,30m
2026-03-02 11:30:00-05:00,5.050000190734863,5.199499607086182,5.0,5.149999618530273,2611,0.0,0.0,BDRX,30m
2026-03-02 12:00:00-05:00,5.199499607086182,5.199499607086182,5.199499607086182,5.199499607086182,287,0.0,0.0,BDRX,30m
2026-03-02 13:00:00-05:00,5.321000099182129,5.321000099182129,5.321000099182129,5.321000099182129,287,0.0,0.0,BDRX,30m
2026-03-02 14:30:00-05:00,5.224999904632568,5.224999904632568,5.050000190734863,5.050000190734863,1189,0.0,0.0,BDRX,30m
2026-03-02 15:00:00-05:00,5.286499977111816,5.286499977111816,5.0,5.25,22922,0.0,0.0,BDRX,30m
2026-03-02 15:30:00-05:00,5.099999904632568,5.099999904632568,5.025000095367432,5.050000190734863,12321,0.0,0.0,BDRX,30m
2026-03-03 09:30:00-05:00,4.999000072479248,5.019000053405762,4.856500148773193,4.987500190734863,20480,0.0,0.0,BDRX,30m
2026-03-03 10:00:00-05:00,4.921999931335449,4.921999931335449,4.75,4.75,6193,0.0,0.0,BDRX,30m
2026-03-03 10:30:00-05:00,4.75,4.919000148773193,4.75,4.918499946594238,17026,0.0,0.0,BDRX,30m
2026-03-03 11:00:00-05:00,4.859499931335449,4.987500190734863,4.859499931335449,4.987500190734863,3692,0.0,0.0,BDRX,30m
2026-03-03 11:30:00-05:00,4.987500190734863,4.987500190734863,4.824999809265137,4.850000381469727,11556,0.0,0.0,BDRX,30m
2026-03-03 12:00:00-05:00,4.850000381469727,4.900000095367432,4.762499809265137,4.762499809265137,4670,0.0,0.0,BDRX,30m
2026-03-03 12:30:00-05:00,4.751500129699707,4.80049991607666,4.699999809265137,4.80049991607666,2684,0.0,0.0,BDRX,30m
2026-03-03 13:00:00-05:00,4.699999809265137,4.866499900817871,4.650500297546387,4.866499900817871,14065,0.0,0.0,BDRX,30m
2026-03-03 13:30:00-05:00,4.764999866485596,4.764999866485596,4.764999866485596,4.764999866485596,1132,0.0,0.0,BDRX,30m
2026-03-03 15:00:00-05:00,4.732500076293945,4.751500129699707,4.699999809265137,4.751500129699707,11061,0.0,0.0,BDRX,30m
2026-03-03 15:30:00-05:00,4.725500106811523,4.725500106811523,4.650000095367432,4.650000095367432,11663,0.0,0.0,BDRX,30m
2026-03-04 09:30:00-05:00,4.5,4.599999904632568,4.5,4.524999618530273,13550,0.0,0.0,BDRX,30m
2026-03-04 10:00:00-05:00,4.558000087738037,4.599999904632568,4.558000087738037,4.558000087738037,6130,0.0,0.0,BDRX,30m
2026-03-04 10:30:00-05:00,4.599999904632568,4.599999904632568,4.599999904632568,4.599999904632568,412,0.0,0.0,BDRX,30m
2026-03-04 11:00:00-05:00,4.558000087738037,4.599999904632568,4.515999794006348,4.550000190734863,5496,0.0,0.0,BDRX,30m
2026-03-04 11:30:00-05:00,4.558000087738037,4.75,4.550000190734863,4.699999809265137,25738,0.0,0.0,BDRX,30m
2026-03-04 12:00:00-05:00,4.690000057220459,4.690000057220459,4.619999885559082,4.689499855041504,3641,0.0,0.0,BDRX,30m
2026-03-04 12:30:00-05:00,4.688499927520752,4.688499927520752,4.688499927520752,4.688499927520752,778,0.0,0.0,BDRX,30m
2026-03-04 13:00:00-05:00,4.688499927520752,4.688499927520752,4.599999904632568,4.599999904632568,3416,0.0,0.0,BDRX,30m
2026-03-04 13:30:00-05:00,4.650000095367432,4.688499927520752,4.650000095367432,4.688499927520752,1053,0.0,0.0,BDRX,30m
2026-03-04 14:00:00-05:00,4.684999942779541,4.708499908447266,4.684999942779541,4.708499908447266,2291,0.0,0.0,BDRX,30m
2026-03-04 14:30:00-05:00,4.650500297546387,4.699999809265137,4.55049991607666,4.55049991607666,11106,0.0,0.0,BDRX,30m
2026-03-04 15:00:00-05:00,4.699999809265137,4.699999809265137,4.625500202178955,4.625500202178955,23000,0.0,0.0,BDRX,30m
2026-03-04 15:30:00-05:00,4.699999809265137,4.699999809265137,4.600500106811523,4.69950008392334,4696,0.0,0.0,BDRX,30m
2026-03-05 09:30:00-05:00,4.700500011444092,4.850000381469727,4.6529998779296875,4.75,15701,0.0,0.0,BDRX,30m
2026-03-05 10:00:00-05:00,4.748499870300293,4.749000072479248,4.712500095367432,4.712500095367432,5916,0.0,0.0,BDRX,30m
2026-03-05 10:30:00-05:00,4.850000381469727,4.850000381469727,4.850000381469727,4.850000381469727,477,0.0,0.0,BDRX,30m
2026-03-05 11:00:00-05:00,4.700500011444092,4.775000095367432,4.700500011444092,4.775000095367432,1200,0.0,0.0,BDRX,30m
2026-03-05 11:30:00-05:00,4.850000381469727,4.918499946594238,4.848999977111816,4.918499946594238,4925,0.0,0.0,BDRX,30m
2026-03-05 12:00:00-05:00,4.918499946594238,4.945499897003174,4.823999881744385,4.945499897003174,1090,0.0,0.0,BDRX,30m
2026-03-05 12:30:00-05:00,4.710000038146973,4.710000038146973,4.710000038146973,4.710000038146973,373,0.0,0.0,BDRX,30m
2026-03-05 14:00:00-05:00,4.898499965667725,4.898499965667725,4.898499965667725,4.898499965667725,1975,0.0,0.0,BDRX,30m
2026-03-05 14:30:00-05:00,4.82349967956543,4.82349967956543,4.82349967956543,4.82349967956543,314,0.0,0.0,BDRX,30m
2026-03-05 15:00:00-05:00,4.771999835968018,4.772500038146973,4.750500202178955,4.750500202178955,4467,0.0,0.0,BDRX,30m
2026-03-05 15:30:00-05:00,4.749000072479248,4.799999713897705,4.599999904632568,4.599999904632568,3254,0.0,0.0,BDRX,30m
2026-03-06 09:30:00-05:00,4.847499847412109,4.847499847412109,4.799999713897705,4.799999713897705,9306,0.0,0.0,BDRX,30m
2026-03-06 10:00:00-05:00,4.625,4.625,4.550000190734863,4.550000190734863,1619,0.0,0.0,BDRX,30m
2026-03-06 10:30:00-05:00,4.593999862670898,4.697499752044678,4.550000190734863,4.679499626159668,4066,0.0,0.0,BDRX,30m
2026-03-06 11:00:00-05:00,4.679499626159668,4.697499752044678,4.624000072479248,4.624000072479248,1239,0.0,0.0,BDRX,30m
2026-03-06 11:30:00-05:00,4.624000072479248,4.697499752044678,4.552000045776367,4.625,3259,0.0,0.0,BDRX,30m
2026-03-06 12:00:00-05:00,4.650000095367432,4.697499752044678,4.625999927520752,4.696499824523926,5254,0.0,0.0,BDRX,30m
2026-03-06 12:30:00-05:00,4.6610002517700195,4.6610002517700195,4.6610002517700195,4.6610002517700195,0,0.0,0.0,BDRX,30m
2026-03-06 13:00:00-05:00,4.650000095367432,4.689499855041504,4.650000095367432,4.689499855041504,3674,0.0,0.0,BDRX,30m
2026-03-06 13:30:00-05:00,4.749000072479248,4.749000072479248,4.650000095367432,4.650000095367432,7061,0.0,0.0,BDRX,30m
2026-03-06 15:00:00-05:00,4.798500061035156,4.798500061035156,4.625,4.712500095367432,4922,0.0,0.0,BDRX,30m
2026-03-06 15:30:00-05:00,4.5,4.599999904632568,4.424000263214111,4.424000263214111,22336,0.0,0.0,BDRX,30m
2026-03-09 09:30:00-04:00,4.550000190734863,4.550000190734863,4.550000190734863,4.550000190734863,5752,0.0,0.0,BDRX,30m
2026-03-09 10:00:00-04:00,4.599999904632568,4.599999904632568,4.550000190734863,4.550000190734863,4046,0.0,0.0,BDRX,30m
2026-03-09 10:30:00-04:00,4.587500095367432,4.884500026702881,4.587500095367432,4.650500297546387,3511,0.0,0.0,BDRX,30m
2026-03-09 11:00:00-04:00,4.790500164031982,4.799999713897705,4.724999904632568,4.725500106811523,6898,0.0,0.0,BDRX,30m
2026-03-09 11:30:00-04:00,4.654999732971191,4.791999816894531,4.654999732971191,4.721499919891357,7392,0.0,0.0,BDRX,30m
2026-03-09 12:00:00-04:00,4.763999938964844,4.763999938964844,4.662499904632568,4.662499904632568,1354,0.0,0.0,BDRX,30m
2026-03-09 13:00:00-04:00,4.650000095367432,4.650000095367432,4.650000095367432,4.650000095367432,290,0.0,0.0,BDRX,30m
2026-03-09 13:30:00-04:00,4.650000095367432,4.656000137329102,4.650000095367432,4.656000137329102,4590,0.0,0.0,BDRX,30m
2026-03-09 14:00:00-04:00,4.656000137329102,4.724999904632568,4.656000137329102,4.708499908447266,598,0.0,0.0,BDRX,30m
2026-03-09 14:30:00-04:00,4.699999809265137,4.699999809265137,4.650000095367432,4.650000095367432,9314,0.0,0.0,BDRX,30m
2026-03-09 15:00:00-04:00,4.5,4.5,4.5,4.5,4612,0.0,0.0,BDRX,30m
2026-03-09 15:30:00-04:00,4.699999809265137,4.703999996185303,4.699999809265137,4.699999809265137,1830,0.0,0.0,BDRX,30m
2026-03-10 09:30:00-04:00,4.75,4.899499893188477,4.605000019073486,4.75,27542,0.0,0.0,BDRX,30m
2026-03-10 10:30:00-04:00,4.625,4.625,4.625,4.625,423,0.0,0.0,BDRX,30m
2026-03-10 11:00:00-04:00,4.689000129699707,4.75,4.689000129699707,4.75,1099,0.0,0.0,BDRX,30m
2026-03-10 11:30:00-04:00,4.650000095367432,4.728499889373779,4.625500202178955,4.644999980926514,8656,0.0,0.0,BDRX,30m
2026-03-10 12:00:00-04:00,4.645999908447266,4.645999908447266,4.642499923706055,4.642499923706055,3925,0.0,0.0,BDRX,30m
2026-03-10 12:30:00-04:00,4.677500247955322,4.749499797821045,4.677500247955322,4.749499797821045,4791,0.0,0.0,BDRX,30m
2026-03-10 13:00:00-04:00,4.674499988555908,4.749499797821045,4.674499988555908,4.749499797821045,1025,0.0,0.0,BDRX,30m
2026-03-10 13:30:00-04:00,4.599999904632568,4.599999904632568,4.599999904632568,4.599999904632568,482,0.0,0.0,BDRX,30m
2026-03-10 14:30:00-04:00,4.675000190734863,4.682499885559082,4.675000190734863,4.682499885559082,749,0.0,0.0,BDRX,30m
2026-03-10 15:00:00-04:00,4.749499797821045,4.749499797821045,4.611499786376953,4.611499786376953,5005,0.0,0.0,BDRX,30m
2026-03-10 15:30:00-04:00,4.625,4.749499797821045,4.625,4.749499797821045,4295,0.0,0.0,BDRX,30m
2026-03-11 09:30:00-04:00,4.694499969482422,4.69950008392334,4.550000190734863,4.599999904632568,18912,0.0,0.0,BDRX,30m
2026-03-11 10:00:00-04:00,4.555999755859375,4.561500072479248,4.555999755859375,4.559999942779541,3400,0.0,0.0,BDRX,30m
2026-03-11 10:30:00-04:00,4.650000095367432,4.650000095367432,4.650000095367432,4.650000095367432,1601,0.0,0.0,BDRX,30m
2026-03-11 11:00:00-04:00,4.584000110626221,4.585000038146973,4.584000110626221,4.585000038146973,720,0.0,0.0,BDRX,30m
2026-03-11 11:30:00-04:00,4.517999649047852,4.519999980926514,4.5,4.519999980926514,1745,0.0,0.0,BDRX,30m
2026-03-11 12:00:00-04:00,4.548999786376953,4.548999786376953,4.514999866485596,4.514999866485596,1934,0.0,0.0,BDRX,30m
2026-03-11 12:30:00-04:00,4.585000038146973,4.599999904632568,4.550000190734863,4.550000190734863,1722,0.0,0.0,BDRX,30m
2026-03-11 13:30:00-04:00,4.610499858856201,4.610499858856201,4.610499858856201,4.610499858856201,1062,0.0,0.0,BDRX,30m
2026-03-11 14:00:00-04:00,4.5995001792907715,4.5995001792907715,4.57450008392334,4.57450008392334,3149,0.0,0.0,BDRX,30m
2026-03-11 14:30:00-04:00,4.650000095367432,4.650000095367432,4.650000095367432,4.650000095367432,2315,0.0,0.0,BDRX,30m
2026-03-11 15:00:00-04:00,4.650000095367432,4.650000095367432,4.449999809265137,4.449999809265137,10346,0.0,0.0,BDRX,30m
2026-03-11 15:30:00-04:00,4.5,4.513000011444092,4.5,4.513000011444092,3020,0.0,0.0,BDRX,30m
2026-03-12 09:30:00-04:00,4.599999904632568,4.599999904632568,4.500999927520752,4.500999927520752,7832,0.0,0.0,BDRX,30m
2026-03-12 10:00:00-04:00,4.5335001945495605,4.5335001945495605,4.500999927520752,4.5335001945495605,3233,0.0,0.0,BDRX,30m
2026-03-12 10:30:00-04:00,4.430500030517578,4.430500030517578,4.359999656677246,4.400000095367432,4705,0.0,0.0,BDRX,30m
2026-03-12 11:30:00-04:00,4.429999828338623,4.483500003814697,4.401000022888184,4.483500003814697,2577,0.0,0.0,BDRX,30m
2026-03-12 12:00:00-04:00,4.421500205993652,4.453000068664551,4.404999732971191,4.453000068664551,2061,0.0,0.0,BDRX,30m
2026-03-12 12:30:00-04:00,4.489500045776367,4.489500045776367,4.489500045776367,4.489500045776367,800,0.0,0.0,BDRX,30m
2026-03-12 13:00:00-04:00,4.404999732971191,4.5,4.387499809265137,4.387499809265137,3215,0.0,0.0,BDRX,30m
2026-03-12 13:30:00-04:00,4.388999938964844,4.401000022888184,4.387499809265137,4.401000022888184,3399,0.0,0.0,BDRX,30m
2026-03-12 14:30:00-04:00,4.452000141143799,4.5,4.441999912261963,4.441999912261963,2735,0.0,0.0,BDRX,30m
2026-03-12 15:00:00-04:00,4.441999912261963,4.499500274658203,4.3420000076293945,4.348999977111816,7872,0.0,0.0,BDRX,30m
2026-03-12 15:30:00-04:00,4.29449987411499,4.322000026702881,4.059000015258789,4.199999809265137,37878,0.0,0.0,BDRX,30m
2026-03-13 09:30:00-04:00,4.368000030517578,4.368000030517578,4.300000190734863,4.3470001220703125,7077,0.0,0.0,BDRX,30m
2026-03-13 10:00:00-04:00,4.3470001220703125,4.3470001220703125,4.3470001220703125,4.3470001220703125,1109,0.0,0.0,BDRX,30m
2026-03-13 10:30:00-04:00,4.25,4.346499919891357,4.25,4.346499919891357,9903,0.0,0.0,BDRX,30m
2026-03-13 11:00:00-04:00,4.166999816894531,4.173500061035156,4.150000095367432,4.150000095367432,3324,0.0,0.0,BDRX,30m
2026-03-13 12:00:00-04:00,4.164999961853027,4.334500312805176,4.164999961853027,4.300000190734863,7123,0.0,0.0,BDRX,30m
2026-03-13 12:30:00-04:00,4.305500030517578,4.305500030517578,4.294000148773193,4.304999828338623,10214,0.0,0.0,BDRX,30m
2026-03-13 13:00:00-04:00,4.24399995803833,4.24399995803833,4.24399995803833,4.24399995803833,628,0.0,0.0,BDRX,30m
2026-03-13 14:00:00-04:00,4.197000026702881,4.24399995803833,4.150000095367432,4.24399995803833,18065,0.0,0.0,BDRX,30m
2026-03-13 14:30:00-04:00,4.237500190734863,4.237500190734863,4.237500190734863,4.237500190734863,641,0.0,0.0,BDRX,30m
2026-03-13 15:00:00-04:00,4.150000095367432,4.150000095367432,4.078999996185303,4.099499702453613,8861,0.0,0.0,BDRX,30m
2026-03-13 15:30:00-04:00,4.10699987411499,4.1595001220703125,4.10699987411499,4.154999732971191,4829,0.0,0.0,BDRX,30m
2026-03-16 09:30:00-04:00,4.235500335693359,4.235500335693359,4.099999904632568,4.150000095367432,14581,0.0,0.0,BDRX,30m
2026-03-16 10:00:00-04:00,4.105000019073486,4.106500148773193,4.105000019073486,4.106500148773193,6276,0.0,0.0,BDRX,30m
2026-03-16 10:30:00-04:00,4.0625,4.0625,3.884500026702881,3.98799991607666,31800,0.0,0.0,BDRX,30m
2026-03-16 11:00:00-04:00,4.0,4.150000095367432,4.0,4.145500183105469,1000,0.0,0.0,BDRX,30m
2026-03-16 11:30:00-04:00,4.068999767303467,4.068999767303467,4.068999767303467,4.068999767303467,149,0.0,0.0,BDRX,30m
2026-03-16 12:00:00-04:00,4.053500175476074,4.053500175476074,4.053500175476074,4.053500175476074,1068,0.0,0.0,BDRX,30m
2026-03-16 12:30:00-04:00,4.1020002365112305,4.1020002365112305,4.1020002365112305,4.1020002365112305,1382,0.0,0.0,BDRX,30m
2026-03-16 13:00:00-04:00,4.053500175476074,4.053500175476074,4.000500202178955,4.000500202178955,2297,0.0,0.0,BDRX,30m
2026-03-16 14:00:00-04:00,4.000999927520752,4.000999927520752,4.000999927520752,4.000999927520752,258,0.0,0.0,BDRX,30m
2026-03-16 14:30:00-04:00,4.117499828338623,4.117499828338623,3.989000082015991,3.989000082015991,30978,0.0,0.0,BDRX,30m
2026-03-16 15:00:00-04:00,4.11899995803833,4.11899995803833,4.11899995803833,4.11899995803833,0,0.0,0.0,BDRX,30m
2026-03-16 15:30:00-04:00,4.053500175476074,4.053500175476074,3.8999998569488525,3.950000047683716,4022,0.0,0.0,BDRX,30m
2026-03-17 09:30:00-04:00,3.8510000705718994,3.882000207901001,3.815999984741211,3.8249998092651367,9211,0.0,0.0,BDRX,30m
2026-03-17 10:00:00-04:00,3.950000047683716,3.999500036239624,3.8999998569488525,3.9250001907348633,12212,0.0,0.0,BDRX,30m
2026-03-17 10:30:00-04:00,3.9649999141693115,3.9649999141693115,3.9649999141693115,3.9649999141693115,411,0.0,0.0,BDRX,30m
2026-03-17 11:00:00-04:00,3.9024999141693115,3.928999900817871,3.8999998569488525,3.9125001430511475,1321,0.0,0.0,BDRX,30m
2026-03-17 11:30:00-04:00,3.990499973297119,3.998000144958496,3.8999998569488525,3.990499973297119,5255,0.0,0.0,BDRX,30m
2026-03-17 12:00:00-04:00,3.950000047683716,3.998999834060669,3.9024999141693115,3.9024999141693115,3789,0.0,0.0,BDRX,30m
2026-03-17 12:30:00-04:00,3.9125001430511475,3.9125001430511475,3.9125001430511475,3.9125001430511475,600,0.0,0.0,BDRX,30m
2026-03-17 13:00:00-04:00,3.9120001792907715,3.999500036239624,3.825500011444092,3.999500036239624,9712,0.0,0.0,BDRX,30m
2026-03-17 13:30:00-04:00,3.998999834060669,4.0,3.9050002098083496,3.9050002098083496,6109,0.0,0.0,BDRX,30m
2026-03-17 14:00:00-04:00,3.999500036239624,4.0,3.8510000705718994,4.0,8408,0.0,0.0,BDRX,30m
2026-03-17 14:30:00-04:00,3.999500036239624,4.050000190734863,3.999500036239624,4.050000190734863,250,0.0,0.0,BDRX,30m
2026-03-17 15:30:00-04:00,3.9774999618530273,3.9774999618530273,3.884999990463257,3.9539999961853027,5848,0.0,0.0,BDRX,30m
2026-03-18 09:30:00-04:00,3.8510000705718994,3.940000057220459,3.8470001220703125,3.940000057220459,4990,0.0,0.0,BDRX,30m
2026-03-18 10:00:00-04:00,3.861999988555908,3.861999988555908,3.861999988555908,3.861999988555908,118,0.0,0.0,BDRX,30m
2026-03-18 10:30:00-04:00,3.8999998569488525,3.8999998569488525,3.8479998111724854,3.8479998111724854,956,0.0,0.0,BDRX,30m
2026-03-18 11:00:00-04:00,3.8464999198913574,3.8464999198913574,3.743500232696533,3.75,3756,0.0,0.0,BDRX,30m
2026-03-18 11:30:00-04:00,3.737499952316284,3.75,3.7255001068115234,3.75,1568,0.0,0.0,BDRX,30m
2026-03-18 12:00:00-04:00,3.75,3.75,3.7125000953674316,3.7125000953674316,3321,0.0,0.0,BDRX,30m
2026-03-18 12:30:00-04:00,3.75,3.75,3.700000047683716,3.700000047683716,1974,0.0,0.0,BDRX,30m
2026-03-18 13:00:00-04:00,3.7300000190734863,3.8499999046325684,3.7100000381469727,3.7775001525878906,2182,0.0,0.0,BDRX,30m
2026-03-18 13:30:00-04:00,3.8499999046325684,3.8499999046325684,3.75,3.75,2050,0.0,0.0,BDRX,30m
2026-03-18 14:00:00-04:00,3.8499999046325684,3.8499999046325684,3.8495001792907715,3.8499999046325684,20601,0.0,0.0,BDRX,30m
2026-03-18 14:30:00-04:00,3.882499933242798,3.882499933242798,3.750500202178955,3.750500202178955,1319,0.0,0.0,BDRX,30m
2026-03-18 15:00:00-04:00,3.8499999046325684,3.8499999046325684,3.7950000762939453,3.7950000762939453,1153,0.0,0.0,BDRX,30m
2026-03-18 15:30:00-04:00,3.8249998092651367,3.8884999752044678,3.8249998092651367,3.8420000076293945,1312,0.0,0.0,BDRX,30m
2026-03-19 09:30:00-04:00,3.700000047683716,3.700000047683716,3.6000001430511475,3.63700008392334,8954,0.0,0.0,BDRX,30m
2026-03-19 10:00:00-04:00,3.632999897003174,3.632999897003174,3.5929999351501465,3.5929999351501465,10106,0.0,0.0,BDRX,30m
2026-03-19 10:30:00-04:00,3.5,3.5,3.4275002479553223,3.5,19072,0.0,0.0,BDRX,30m
2026-03-19 11:00:00-04:00,3.5,3.5,3.4749999046325684,3.4749999046325684,2048,0.0,0.0,BDRX,30m
2026-03-19 11:30:00-04:00,3.450000047683716,3.450000047683716,3.4049999713897705,3.4049999713897705,3848,0.0,0.0,BDRX,30m
2026-03-19 12:00:00-04:00,3.4049999713897705,3.43149995803833,3.3970000743865967,3.4049999713897705,7319,0.0,0.0,BDRX,30m
2026-03-19 12:30:00-04:00,3.4154999256134033,3.499499797821045,3.4154999256134033,3.4154999256134033,4784,0.0,0.0,BDRX,30m
2026-03-19 13:00:00-04:00,3.4835000038146973,3.4835000038146973,3.4749999046325684,3.4749999046325684,367,0.0,0.0,BDRX,30m
2026-03-19 13:30:00-04:00,3.4200000762939453,3.4200000762939453,3.4200000762939453,3.4200000762939453,139,0.0,0.0,BDRX,30m
2026-03-19 14:00:00-04:00,3.4599997997283936,3.4599997997283936,3.4599997997283936,3.4599997997283936,5009,0.0,0.0,BDRX,30m
2026-03-19 14:30:00-04:00,3.450000047683716,3.450000047683716,3.450000047683716,3.450000047683716,318,0.0,0.0,BDRX,30m
2026-03-19 15:00:00-04:00,3.4839999675750732,3.4839999675750732,3.4774999618530273,3.4774999618530273,1044,0.0,0.0,BDRX,30m
2026-03-19 15:30:00-04:00,3.425999879837036,3.425999879837036,3.425999879837036,3.425999879837036,1714,0.0,0.0,BDRX,30m
2026-03-20 09:30:00-04:00,3.450000047683716,3.5399999618530273,3.4154999256134033,3.5194997787475586,23448,0.0,0.0,BDRX,30m
2026-03-20 10:00:00-04:00,3.5769999027252197,3.5769999027252197,3.5769999027252197,3.5769999027252197,1444,0.0,0.0,BDRX,30m
2026-03-20 10:30:00-04:00,3.434999942779541,3.5749998092651367,3.434999942779541,3.5275001525878906,15757,0.0,0.0,BDRX,30m
2026-03-20 11:00:00-04:00,3.452000141143799,3.4560000896453857,3.452000141143799,3.452500104904175,4653,0.0,0.0,BDRX,30m
2026-03-20 11:30:00-04:00,3.452500104904175,3.4679999351501465,3.452500104904175,3.4679999351501465,2044,0.0,0.0,BDRX,30m
2026-03-20 12:00:00-04:00,3.508000135421753,3.549499988555908,3.508000135421753,3.549499988555908,6403,0.0,0.0,BDRX,30m
2026-03-20 12:30:00-04:00,3.549499988555908,3.549499988555908,3.507499933242798,3.507499933242798,2620,0.0,0.0,BDRX,30m
2026-03-20 13:00:00-04:00,3.5,3.5385000705718994,3.5,3.5,2577,0.0,0.0,BDRX,30m
2026-03-20 13:30:00-04:00,3.500499963760376,3.500499963760376,3.500499963760376,3.500499963760376,1681,0.0,0.0,BDRX,30m
2026-03-20 14:00:00-04:00,3.501000165939331,3.501000165939331,3.501000165939331,3.501000165939331,302,0.0,0.0,BDRX,30m
2026-03-20 14:30:00-04:00,3.6000001430511475,3.6000001430511475,3.500499963760376,3.504999876022339,3956,0.0,0.0,BDRX,30m
2026-03-20 15:00:00-04:00,3.500499963760376,3.500499963760376,3.445000171661377,3.445000171661377,4818,0.0,0.0,BDRX,30m
2026-03-20 15:30:00-04:00,3.4549999237060547,3.5,3.4549999237060547,3.5,1101,0.0,0.0,BDRX,30m
2026-03-23 09:30:00-04:00,3.4000000953674316,3.700000047683716,3.4000000953674316,3.5984997749328613,48338,0.0,0.0,BDRX,30m
2026-03-23 10:00:00-04:00,3.7165000438690186,3.7165000438690186,3.6504998207092285,3.68999981880188,5214,0.0,0.0,BDRX,30m
2026-03-23 10:30:00-04:00,3.689000129699707,3.689000129699707,3.5455000400543213,3.5455000400543213,835,0.0,0.0,BDRX,30m
2026-03-23 11:00:00-04:00,3.619500160217285,3.6500000953674316,3.5835001468658447,3.5844998359680176,11515,0.0,0.0,BDRX,30m
2026-03-23 13:00:00-04:00,3.5,3.5,3.3899998664855957,3.4000000953674316,9592,0.0,0.0,BDRX,30m
2026-03-23 13:30:00-04:00,3.5,3.6000001430511475,3.5,3.5,2010,0.0,0.0,BDRX,30m
2026-03-23 15:30:00-04:00,3.4019999504089355,3.5409998893737793,3.4019999504089355,3.4599997997283936,9755,0.0,0.0,BDRX,30m
2026-03-24 09:30:00-04:00,3.2699999809265137,3.499499797821045,3.2649998664855957,3.2649998664855957,9493,0.0,0.0,BDRX,30m
2026-03-24 10:00:00-04:00,3.4000000953674316,3.4154999256134033,3.265500068664551,3.2754998207092285,5426,0.0,0.0,BDRX,30m
2026-03-24 10:30:00-04:00,3.373999834060669,3.4150002002716064,3.373999834060669,3.4150002002716064,1944,0.0,0.0,BDRX,30m
2026-03-24 11:30:00-04:00,3.4099998474121094,3.4144999980926514,3.4099998474121094,3.4144999980926514,701,0.0,0.0,BDRX,30m
2026-03-24 12:00:00-04:00,3.4150002002716064,3.4150002002716064,3.3575000762939453,3.3575000762939453,13900,0.0,0.0,BDRX,30m
2026-03-24 13:00:00-04:00,3.319499969482422,3.319499969482422,3.319499969482422,3.319499969482422,2628,0.0,0.0,BDRX,30m
2026-03-24 13:30:00-04:00,3.3389999866485596,3.37749981880188,3.3389999866485596,3.37749981880188,2532,0.0,0.0,BDRX,30m
2026-03-24 14:00:00-04:00,3.4150002002716064,3.450000047683716,3.4150002002716064,3.450000047683716,1363,0.0,0.0,BDRX,30m
2026-03-24 15:00:00-04:00,3.4095001220703125,3.4095001220703125,3.3000001907348633,3.319999933242798,3569,0.0,0.0,BDRX,30m
2026-03-24 15:30:00-04:00,3.382500171661377,3.382500171661377,3.382500171661377,3.382500171661377,644,0.0,0.0,BDRX,30m
2026-03-25 09:30:00-04:00,3.4000000953674316,3.4000000953674316,3.4000000953674316,3.4000000953674316,4480,0.0,0.0,BDRX,30m
2026-03-25 10:00:00-04:00,3.372499942779541,3.450000047683716,3.372499942779541,3.450000047683716,2264,0.0,0.0,BDRX,30m
2026-03-25 10:30:00-04:00,3.438499927520752,3.5,3.438499927520752,3.5,3501,0.0,0.0,BDRX,30m
2026-03-25 11:00:00-04:00,3.5,3.5194997787475586,3.5,3.5194997787475586,9931,0.0,0.0,BDRX,30m
2026-03-25 11:30:00-04:00,3.510000228881836,3.549499988555908,3.494999885559082,3.494999885559082,8300,0.0,0.0,BDRX,30m
2026-03-25 12:00:00-04:00,3.5350000858306885,3.9054999351501465,3.5350000858306885,3.6500000953674316,22663,0.0,0.0,BDRX,30m
2026-03-25 12:30:00-04:00,3.566999912261963,3.6000001430511475,3.5249998569488525,3.567999839782715,9946,0.0,0.0,BDRX,30m
2026-03-25 13:00:00-04:00,3.5855002403259277,3.5864999294281006,3.5855002403259277,3.5864999294281006,400,0.0,0.0,BDRX,30m
2026-03-25 13:30:00-04:00,3.5864999294281006,3.6000001430511475,3.555500030517578,3.6000001430511475,10216,0.0,0.0,BDRX,30m
2026-03-25 15:00:00-04:00,3.450000047683716,3.450000047683716,3.450000047683716,3.450000047683716,1484,0.0,0.0,BDRX,30m
2026-03-25 15:30:00-04:00,3.4625000953674316,3.5329999923706055,3.4625000953674316,3.5329999923706055,7510,0.0,0.0,BDRX,30m
2026-03-26 09:30:00-04:00,3.5354998111724854,3.5354998111724854,3.5354998111724854,3.5354998111724854,7275,0.0,0.0,BDRX,30m
2026-03-26 10:00:00-04:00,3.5354998111724854,3.5354998111724854,3.5354998111724854,3.5354998111724854,552,0.0,0.0,BDRX,30m
2026-03-26 10:30:00-04:00,3.5,3.5,3.4029998779296875,3.4029998779296875,4076,0.0,0.0,BDRX,30m
2026-03-26 11:00:00-04:00,3.4000000953674316,3.4679999351501465,3.4000000953674316,3.4674999713897705,6648,0.0,0.0,BDRX,30m
2026-03-26 11:30:00-04:00,3.4005000591278076,3.450000047683716,3.4005000591278076,3.450000047683716,4047,0.0,0.0,BDRX,30m
2026-03-26 12:00:00-04:00,3.5,3.5,3.4000000953674316,3.4000000953674316,1706,0.0,0.0,BDRX,30m
2026-03-26 12:30:00-04:00,3.4000000953674316,3.499499797821045,3.4000000953674316,3.4000000953674316,2930,0.0,0.0,BDRX,30m
2026-03-26 13:30:00-04:00,3.3949999809265137,3.4214999675750732,3.386000156402588,3.386000156402588,9709,0.0,0.0,BDRX,30m
2026-03-26 14:00:00-04:00,3.3350000381469727,3.3350000381469727,3.3350000381469727,3.3350000381469727,1087,0.0,0.0,BDRX,30m
2026-03-26 14:30:00-04:00,3.315000057220459,3.3930001258850098,3.3000001907348633,3.3125,8258,0.0,0.0,BDRX,30m
2026-03-26 15:30:00-04:00,3.3350000381469727,3.4110000133514404,3.3350000381469727,3.3439998626708984,9918,0.0,0.0,BDRX,30m
2026-03-27 09:30:00-04:00,3.301500082015991,3.427999973297119,3.2749998569488525,3.427999973297119,12278,0.0,0.0,BDRX,30m
2026-03-27 10:30:00-04:00,3.363499879837036,3.363499879837036,3.363499879837036,3.363499879837036,1289,0.0,0.0,BDRX,30m
2026-03-27 11:00:00-04:00,3.2780001163482666,3.2780001163482666,3.2780001163482666,3.2780001163482666,352,0.0,0.0,BDRX,30m
2026-03-27 11:30:00-04:00,3.359499931335449,3.450000047683716,3.359499931335449,3.450000047683716,1142,0.0,0.0,BDRX,30m
2026-03-27 12:30:00-04:00,3.4235000610351562,3.4235000610351562,3.4235000610351562,3.4235000610351562,178,0.0,0.0,BDRX,30m
2026-03-27 13:30:00-04:00,3.363499879837036,3.450000047683716,3.2780001163482666,3.450000047683716,7530,0.0,0.0,BDRX,30m
2026-03-27 14:00:00-04:00,3.363499879837036,3.424999952316284,3.3550000190734863,3.363499879837036,11821,0.0,0.0,BDRX,30m
2026-03-27 14:30:00-04:00,3.4494998455047607,3.4494998455047607,3.4200000762939453,3.4200000762939453,0,0.0,0.0,BDRX,30m
2026-03-27 15:00:00-04:00,3.4200000762939453,3.4200000762939453,3.25,3.250499963760376,6016,0.0,0.0,BDRX,30m
2026-03-27 15:30:00-04:00,3.2649998664855957,3.2649998664855957,3.2649998664855957,3.2649998664855957,418,0.0,0.0,BDRX,30m
2026-03-30 09:30:00-04:00,3.4019999504089355,3.4084999561309814,3.255000114440918,3.255000114440918,13668,0.0,0.0,BDRX,30m
2026-03-30 10:00:00-04:00,3.3000001907348633,3.3434998989105225,3.1009998321533203,3.253999948501587,72458,0.0,0.0,BDRX,30m
2026-03-30 11:00:00-04:00,3.319999933242798,3.319999933242798,3.319999933242798,3.319999933242798,2369,0.0,0.0,BDRX,30m
2026-03-30 11:30:00-04:00,3.25,3.319999933242798,3.25,3.319999933242798,2928,0.0,0.0,BDRX,30m
2026-03-30 12:00:00-04:00,3.319999933242798,3.319999933242798,3.319999933242798,3.319999933242798,2127,0.0,0.0,BDRX,30m
2026-03-30 13:30:00-04:00,3.203000068664551,3.203000068664551,3.203000068664551,3.203000068664551,2009,0.0,0.0,BDRX,30m
2026-03-30 14:00:00-04:00,3.1514999866485596,3.1514999866485596,3.0500001907348633,3.078000068664551,8611,0.0,0.0,BDRX,30m
2026-03-30 14:30:00-04:00,3.0384998321533203,3.0384998321533203,3.002500057220459,3.002500057220459,5780,0.0,0.0,BDRX,30m
2026-03-30 15:00:00-04:00,3.002500057220459,3.002500057220459,3.002500057220459,3.002500057220459,1988,0.0,0.0,BDRX,30m
2026-03-30 15:30:00-04:00,3.002500057220459,3.0500001907348633,3.002500057220459,3.0500001907348633,2990,0.0,0.0,BDRX,30m
2026-03-31 09:30:00-04:00,3.049499988555908,3.0999999046325684,3.003000020980835,3.012500047683716,38488,0.0,0.0,BDRX,30m
2026-03-31 10:00:00-04:00,3.25,3.250499963760376,3.25,3.25,2853,0.0,0.0,BDRX,30m
2026-03-31 10:30:00-04:00,3.0235002040863037,3.188999891281128,3.0235002040863037,3.188999891281128,800,0.0,0.0,BDRX,30m
2026-03-31 11:00:00-04:00,3.1389999389648438,3.1389999389648438,3.1389999389648438,3.1389999389648438,109,0.0,0.0,BDRX,30m
2026-03-31 11:30:00-04:00,3.135499954223633,3.1449999809265137,3.0404999256134033,3.0404999256134033,996,0.0,0.0,BDRX,30m
2026-03-31 12:30:00-04:00,3.0999999046325684,3.2249999046325684,3.060500144958496,3.1549999713897705,3956,0.0,0.0,BDRX,30m
2026-03-31 13:30:00-04:00,3.1545000076293945,3.1545000076293945,3.0974998474121094,3.0974998474121094,2414,0.0,0.0,BDRX,30m
2026-03-31 15:00:00-04:00,3.174999952316284,3.174999952316284,3.174999952316284,3.174999952316284,7854,0.0,0.0,BDRX,30m
2026-04-01 09:30:00-04:00,3.070000171661377,3.0894999504089355,3.070000171661377,3.0894999504089355,2780,0.0,0.0,BDRX,30m
2026-04-01 10:00:00-04:00,3.0954999923706055,3.0954999923706055,3.0954999923706055,3.0954999923706055,154,0.0,0.0,BDRX,30m
2026-04-01 10:30:00-04:00,3.237499952316284,3.237499952316284,3.0954999923706055,3.0954999923706055,3181,0.0,0.0,BDRX,30m
2026-04-01 12:00:00-04:00,3.0964999198913574,3.0964999198913574,3.0964999198913574,3.0964999198913574,1001,0.0,0.0,BDRX,30m
2026-04-01 13:00:00-04:00,3.1019999980926514,3.1019999980926514,3.1019999980926514,3.1019999980926514,6345,0.0,0.0,BDRX,30m
2026-04-01 14:00:00-04:00,3.2174997329711914,3.2174997329711914,3.1019999980926514,3.1019999980926514,2344,0.0,0.0,BDRX,30m
2026-04-01 15:00:00-04:00,3.1595001220703125,3.1595001220703125,3.1019999980926514,3.1019999980926514,1251,0.0,0.0,BDRX,30m
2026-04-01 15:30:00-04:00,3.0954999923706055,3.0954999923706055,3.070000171661377,3.070000171661377,2174,0.0,0.0,BDRX,30m
2026-04-02 09:30:00-04:00,4.617499828338623,6.75,4.004000186920166,5.550000190734863,54946418,0.0,0.0,BDRX,30m
2026-04-02 10:00:00-04:00,5.55049991607666,6.399999618530273,4.699999809265137,4.9019999504089355,24663107,0.0,0.0,BDRX,30m
2026-04-02 10:30:00-04:00,4.903500080108643,5.799999713897705,4.599999904632568,5.44950008392334,14290131,0.0,0.0,BDRX,30m
2026-04-02 11:00:00-04:00,5.450000286102295,5.450000286102295,4.861000061035156,5.1875,4827474,0.0,0.0,BDRX,30m
2026-04-02 11:30:00-04:00,5.149999618530273,5.650000095367432,4.850000381469727,5.450000286102295,5095497,0.0,0.0,BDRX,30m
2026-04-02 12:00:00-04:00,5.44849967956543,5.450000286102295,4.764500141143799,4.850500106811523,4791510,0.0,0.0,BDRX,30m
2026-04-02 12:30:00-04:00,4.85099983215332,5.099999904632568,4.763999938964844,5.074999809265137,2105677,0.0,0.0,BDRX,30m
2026-04-02 13:00:00-04:00,5.050000190734863,5.149999618530273,4.668000221252441,4.82349967956543,1395601,0.0,0.0,BDRX,30m
2026-04-02 13:30:00-04:00,4.799999713897705,4.894999980926514,4.650000095367432,4.869500160217285,1506779,0.0,0.0,BDRX,30m
2026-04-02 14:00:00-04:00,4.867500305175781,4.924499988555908,4.349999904632568,4.584000110626221,1971010,0.0,0.0,BDRX,30m
2026-04-02 14:30:00-04:00,4.584000110626221,4.756500244140625,4.400000095367432,4.692500114440918,724558,0.0,0.0,BDRX,30m
2026-04-02 15:00:00-04:00,4.692500114440918,5.0,4.692500114440918,4.80049991607666,1759115,0.0,0.0,BDRX,30m
2026-04-02 15:30:00-04:00,4.811500072479248,4.889999866485596,4.301499843597412,4.415999889373779,1718853,0.0,0.0,BDRX,30m
2026-04-06 09:30:00-04:00,4.010000228881836,4.264999866485596,3.5999999046325684,4.062099933624268,598499,0.0,0.2,BDRX,30m
2026-04-06 10:00:00-04:00,4.019899845123291,4.059999942779541,3.7701001167297363,3.799999952316284,29696,0.0,0.0,BDRX,30m
2026-04-06 10:30:00-04:00,3.809999942779541,3.9000000953674316,3.3401999473571777,3.390000104904175,117121,0.0,0.0,BDRX,30m
2026-04-06 11:00:00-04:00,3.369999885559082,3.869999885559082,3.3399999141693115,3.5,61218,0.0,0.0,BDRX,30m
2026-04-06 11:30:00-04:00,3.5151000022888184,3.549999952316284,3.119999885559082,3.2592999935150146,76501,0.0,0.0,BDRX,30m
2026-04-06 12:00:00-04:00,3.265000104904175,3.390000104904175,3.265000104904175,3.390000104904175,28977,0.0,0.0,BDRX,30m
2026-04-06 12:30:00-04:00,3.390000104904175,3.5399999618530273,3.390000104904175,3.513700008392334,21253,0.0,0.0,BDRX,30m
2026-04-06 13:00:00-04:00,3.4100000858306885,3.5,3.4100000858306885,3.4700000286102295,5280,0.0,0.0,BDRX,30m
2026-04-06 13:30:00-04:00,3.4700000286102295,3.4700000286102295,3.4100000858306885,3.440000057220459,8605,0.0,0.0,BDRX,30m
2026-04-06 14:00:00-04:00,3.4200000762939453,3.450000047683716,3.390000104904175,3.420099973678589,7523,0.0,0.0,BDRX,30m
2026-04-06 14:30:00-04:00,3.4300999641418457,3.5999999046325684,3.4300999641418457,3.5999999046325684,7648,0.0,0.0,BDRX,30m
2026-04-06 15:00:00-04:00,3.619999885559082,3.630000114440918,3.5,3.509999990463257,11557,0.0,0.0,BDRX,30m
2026-04-06 15:30:00-04:00,3.505000114440918,3.9000000953674316,3.430000066757202,3.7899999618530273,89783,0.0,0.0,BDRX,30m
2026-04-07 09:30:00-04:00,3.180000066757202,3.555000066757202,3.1700000762939453,3.440000057220459,132915,0.0,0.0,BDRX,30m
2026-04-07 10:00:00-04:00,3.4049999713897705,3.4049999713897705,3.2207999229431152,3.3594000339508057,15891,0.0,0.0,BDRX,30m
2026-04-07 10:30:00-04:00,3.349400043487549,3.349900007247925,3.25,3.257499933242798,21318,0.0,0.0,BDRX,30m
2026-04-07 11:00:00-04:00,3.259999990463257,3.305000066757202,3.25,3.259999990463257,5901,0.0,0.0,BDRX,30m
2026-04-07 11:30:00-04:00,3.255000114440918,3.4000000953674316,3.255000114440918,3.325000047683716,15007,0.0,0.0,BDRX,30m
2026-04-07 12:00:00-04:00,3.30430006980896,3.3399999141693115,3.30430006980896,3.3399999141693115,439,0.0,0.0,BDRX,30m
2026-04-07 12:30:00-04:00,3.3299999237060547,3.380000114440918,3.299999952316284,3.300100088119507,9197,0.0,0.0,BDRX,30m
2026-04-07 13:00:00-04:00,3.3001999855041504,3.359999895095825,3.300100088119507,3.319999933242798,3358,0.0,0.0,BDRX,30m
2026-04-07 13:30:00-04:00,3.319999933242798,3.335599899291992,3.2699999809265137,3.2699999809265137,3248,0.0,0.0,BDRX,30m
2026-04-07 14:00:00-04:00,3.2899999618530273,3.359999895095825,3.259999990463257,3.259999990463257,6779,0.0,0.0,BDRX,30m
2026-04-07 14:30:00-04:00,3.2887001037597656,3.359999895095825,3.2699999809265137,3.315000057220459,24552,0.0,0.0,BDRX,30m
2026-04-07 15:00:00-04:00,3.309999942779541,3.342900037765503,3.2708001136779785,3.3183000087738037,4477,0.0,0.0,BDRX,30m
2026-04-07 15:30:00-04:00,3.309999942779541,3.3299999237060547,3.2797999382019043,3.309999942779541,4006,0.0,0.0,BDRX,30m
2026-04-08 09:30:00-04:00,3.5,3.698499917984009,3.4200000762939453,3.505000114440918,52536,0.0,0.0,BDRX,30m
2026-04-08 10:00:00-04:00,3.5201001167297363,3.5201001167297363,3.299999952316284,3.340100049972534,22651,0.0,0.0,BDRX,30m
2026-04-08 10:30:00-04:00,3.399899959564209,3.5299999713897705,3.3499999046325684,3.430000066757202,6283,0.0,0.0,BDRX,30m
2026-04-08 11:00:00-04:00,3.430000066757202,3.4700000286102295,3.424999952316284,3.424999952316284,3473,0.0,0.0,BDRX,30m
2026-04-08 11:30:00-04:00,3.4700000286102295,3.559999942779541,3.4700000286102295,3.5299999713897705,3150,0.0,0.0,BDRX,30m
2026-04-08 12:00:00-04:00,3.509999990463257,3.509999990463257,3.369999885559082,3.369999885559082,5876,0.0,0.0,BDRX,30m
2026-04-08 12:30:00-04:00,3.424999952316284,3.487799882888794,3.4000000953674316,3.419800043106079,4395,0.0,0.0,BDRX,30m
2026-04-08 13:00:00-04:00,3.4200000762939453,3.4600000381469727,3.3499999046325684,3.3499999046325684,8055,0.0,0.0,BDRX,30m
2026-04-08 13:30:00-04:00,3.365000009536743,3.4200000762939453,3.365000009536743,3.4200000762939453,1637,0.0,0.0,BDRX,30m
2026-04-08 14:00:00-04:00,3.390000104904175,3.4100000858306885,3.375,3.4100000858306885,4492,0.0,0.0,BDRX,30m
2026-04-08 14:30:00-04:00,3.390000104904175,3.4149999618530273,3.380000114440918,3.380000114440918,1378,0.0,0.0,BDRX,30m
2026-04-08 15:00:00-04:00,3.4100000858306885,3.4149999618530273,3.1449999809265137,3.259999990463257,26971,0.0,0.0,BDRX,30m
2026-04-08 15:30:00-04:00,3.299999952316284,3.549999952316284,3.299999952316284,3.5399999618530273,8680,0.0,0.0,BDRX,30m
2026-04-09 09:30:00-04:00,3.2799999713897705,3.2799999713897705,3.078000068664551,3.190000057220459,43259,0.0,0.0,BDRX,30m
2026-04-09 10:00:00-04:00,3.1110000610351562,3.1637001037597656,3.0,3.059999942779541,17018,0.0,0.0,BDRX,30m
2026-04-09 10:30:00-04:00,3.0899999141693115,3.2100000381469727,3.0899999141693115,3.2100000381469727,5069,0.0,0.0,BDRX,30m
2026-04-09 11:00:00-04:00,3.2699999809265137,3.2699999809265137,3.109999895095825,3.1500000953674316,6173,0.0,0.0,BDRX,30m
2026-04-09 11:30:00-04:00,3.2200000286102295,3.2950000762939453,3.2100000381469727,3.2899999618530273,6279,0.0,0.0,BDRX,30m
2026-04-09 12:00:00-04:00,3.2899999618530273,3.2899999618530273,3.240000009536743,3.240000009536743,2023,0.0,0.0,BDRX,30m
2026-04-09 12:30:00-04:00,3.244999885559082,3.3399999141693115,3.2300000190734863,3.3299999237060547,7818,0.0,0.0,BDRX,30m
2026-04-09 13:00:00-04:00,3.359999895095825,3.4000000953674316,3.319999933242798,3.3299999237060547,1537,0.0,0.0,BDRX,30m
2026-04-09 13:30:00-04:00,3.3550000190734863,3.3550000190734863,3.2699999809265137,3.325000047683716,3027,0.0,0.0,BDRX,30m
2026-04-09 14:00:00-04:00,3.2600998878479004,3.3787999153137207,3.25,3.25,1377,0.0,0.0,BDRX,30m
2026-04-09 15:00:00-04:00,3.319999933242798,3.319999933242798,3.259999990463257,3.259999990463257,7549,0.0,0.0,BDRX,30m
2026-04-09 15:30:00-04:00,3.3299999237060547,3.3499999046325684,3.259999990463257,3.259999990463257,11221,0.0,0.0,BDRX,30m
2026-04-10 09:30:00-04:00,3.240000009536743,3.3399999141693115,3.240000009536743,3.3299999237060547,10275,0.0,0.0,BDRX,30m
2026-04-10 10:00:00-04:00,3.3299999237060547,3.3299999237060547,3.261199951171875,3.261199951171875,3145,0.0,0.0,BDRX,30m
2026-04-10 10:30:00-04:00,3.3798999786376953,3.390000104904175,3.260499954223633,3.260499954223633,1926,0.0,0.0,BDRX,30m
2026-04-10 11:00:00-04:00,3.325000047683716,3.390000104904175,3.325000047683716,3.3299999237060547,3378,0.0,0.0,BDRX,30m
2026-04-10 11:30:00-04:00,3.2600998878479004,3.3399999141693115,3.2600998878479004,3.3399999141693115,7508,0.0,0.0,BDRX,30m
2026-04-10 12:00:00-04:00,3.3399999141693115,3.3399999141693115,3.299999952316284,3.299999952316284,844,0.0,0.0,BDRX,30m
2026-04-10 12:30:00-04:00,3.359999895095825,3.359999895095825,3.2701001167297363,3.3499999046325684,2488,0.0,0.0,BDRX,30m
2026-04-10 13:00:00-04:00,3.3499999046325684,3.3499999046325684,3.3299999237060547,3.3299999237060547,1032,0.0,0.0,BDRX,30m
2026-04-10 13:30:00-04:00,3.359999895095825,3.359999895095825,3.319999933242798,3.3299999237060547,6861,0.0,0.0,BDRX,30m
2026-04-10 14:30:00-04:00,3.390000104904175,3.390000104904175,3.378700017929077,3.378700017929077,1967,0.0,0.0,BDRX,30m
2026-04-10 15:00:00-04:00,3.309999942779541,3.390000104904175,3.309999942779541,3.341399908065796,3349,0.0,0.0,BDRX,30m
2026-04-10 15:30:00-04:00,3.380000114440918,3.390000104904175,3.3299999237060547,3.390000104904175,11412,0.0,0.0,BDRX,30m
2026-04-13 09:30:00-04:00,3.259999990463257,3.259999990463257,3.200000047683716,3.2100000381469727,8778,0.0,0.0,BDRX,30m
2026-04-13 10:00:00-04:00,3.2100000381469727,3.2100000381469727,3.1600000858306885,3.1600000858306885,2046,0.0,0.0,BDRX,30m
2026-04-13 10:30:00-04:00,3.1700000762939453,3.2899999618530273,3.1600000858306885,3.255000114440918,3723,0.0,0.0,BDRX,30m
2026-04-13 11:00:00-04:00,3.25,3.259999990463257,3.180000066757202,3.2320001125335693,4469,0.0,0.0,BDRX,30m
2026-04-13 11:30:00-04:00,3.2799999713897705,3.2799999713897705,3.259999990463257,3.259999990463257,1702,0.0,0.0,BDRX,30m
2026-04-13 12:00:00-04:00,3.2699999809265137,3.2699999809265137,3.180000066757202,3.180000066757202,5114,0.0,0.0,BDRX,30m
2026-04-13 12:30:00-04:00,3.25,3.25,3.1700000762939453,3.2100000381469727,3529,0.0,0.0,BDRX,30m
2026-04-13 13:00:00-04:00,3.234999895095825,3.234999895095825,3.1500000953674316,3.1500000953674316,3113,0.0,0.0,BDRX,30m
2026-04-13 13:30:00-04:00,3.130000114440918,3.1600000858306885,2.9749999046325684,2.990000009536743,11619,0.0,0.0,BDRX,30m
2026-04-13 14:00:00-04:00,2.977400064468384,2.990000009536743,2.859999895095825,2.940000057220459,8311,0.0,0.0,BDRX,30m
2026-04-13 14:30:00-04:00,2.950000047683716,3.180000066757202,2.930000066757202,3.180000066757202,21940,0.0,0.0,BDRX,30m
2026-04-13 15:00:00-04:00,3.180000066757202,3.180000066757202,3.0999999046325684,3.1500000953674316,5187,0.0,0.0,BDRX,30m
2026-04-13 15:30:00-04:00,3.0950000286102295,3.115000009536743,3.0497000217437744,3.109999895095825,5679,0.0,0.0,BDRX,30m
2026-04-14 09:30:00-04:00,3.0299999713897705,3.2100000381469727,3.0299999713897705,3.200000047683716,17792,0.0,0.0,BDRX,30m
2026-04-14 10:00:00-04:00,3.200000047683716,3.2300000190734863,3.049999952316284,3.200000047683716,6563,0.0,0.0,BDRX,30m
2026-04-14 10:30:00-04:00,3.1310999393463135,3.2100000381469727,3.130000114440918,3.2100000381469727,3970,0.0,0.0,BDRX,30m
2026-04-14 11:00:00-04:00,3.20989990234375,3.2899999618530273,3.20989990234375,3.2899999618530273,3970,0.0,0.0,BDRX,30m
2026-04-14 11:30:00-04:00,3.240000009536743,3.240000009536743,3.1303999423980713,3.194999933242798,2530,0.0,0.0,BDRX,30m
2026-04-14 12:00:00-04:00,3.194999933242798,3.194999933242798,3.1401000022888184,3.1500000953674316,682,0.0,0.0,BDRX,30m
2026-04-14 12:30:00-04:00,3.240000009536743,3.26419997215271,3.140000104904175,3.140000104904175,1994,0.0,0.0,BDRX,30m
2026-04-14 13:00:00-04:00,3.140000104904175,3.180000066757202,3.140000104904175,3.180000066757202,903,0.0,0.0,BDRX,30m
2026-04-14 14:00:00-04:00,3.184999942779541,3.219899892807007,3.184999942779541,3.219899892807007,4633,0.0,0.0,BDRX,30m
2026-04-14 14:30:00-04:00,3.2100000381469727,3.2499001026153564,3.2100000381469727,3.2499001026153564,744,0.0,0.0,BDRX,30m
2026-04-14 15:00:00-04:00,3.2249999046325684,3.2300000190734863,3.2249999046325684,3.2300000190734863,626,0.0,0.0,BDRX,30m
2026-04-14 15:30:00-04:00,3.25,3.322700023651123,3.2060000896453857,3.322700023651123,12059,0.0,0.0,BDRX,30m
2026-04-15 09:30:00-04:00,3.25,3.3299999237060547,3.25,3.3299999237060547,7127,0.0,0.0,BDRX,30m
2026-04-15 10:00:00-04:00,3.305000066757202,3.3399999141693115,3.259999990463257,3.3101000785827637,3992,0.0,0.0,BDRX,30m
2026-04-15 10:30:00-04:00,3.3322999477386475,3.399899959564209,3.3022000789642334,3.3022000789642334,1251,0.0,0.0,BDRX,30m
2026-04-15 11:00:00-04:00,3.3350000381469727,3.349900007247925,3.305000066757202,3.319999933242798,8402,0.0,0.0,BDRX,30m
2026-04-15 11:30:00-04:00,3.319999933242798,3.319999933242798,3.2416999340057373,3.259999990463257,5022,0.0,0.0,BDRX,30m
2026-04-15 12:00:00-04:00,3.3099000453948975,3.309999942779541,3.2100000381469727,3.2149999141693115,3625,0.0,0.0,BDRX,30m
2026-04-15 12:30:00-04:00,3.2699999809265137,3.299999952316284,3.2200000286102295,3.2799999713897705,2449,0.0,0.0,BDRX,30m
2026-04-15 13:00:00-04:00,3.2899999618530273,3.305000066757202,3.2899999618530273,3.305000066757202,1821,0.0,0.0,BDRX,30m
2026-04-15 13:30:00-04:00,3.319700002670288,3.36080002784729,3.319700002670288,3.36080002784729,2312,0.0,0.0,BDRX,30m
2026-04-15 14:00:00-04:00,3.259999990463257,3.378499984741211,3.259999990463257,3.378499984741211,531,0.0,0.0,BDRX,30m
2026-04-15 14:30:00-04:00,3.259999990463257,3.319999933242798,3.259999990463257,3.2600998878479004,1477,0.0,0.0,BDRX,30m
2026-04-15 15:00:00-04:00,3.2799999713897705,3.4100000858306885,3.2799999713897705,3.384999990463257,11084,0.0,0.0,BDRX,30m
2026-04-15 15:30:00-04:00,3.369999885559082,3.430000066757202,3.361999988555908,3.424999952316284,7120,0.0,0.0,BDRX,30m
2026-04-16 09:30:00-04:00,3.4200000762939453,3.459399938583374,3.419800043106079,3.4544999599456787,5976,0.0,0.0,BDRX,30m
2026-04-16 10:00:00-04:00,3.430000066757202,3.430000066757202,3.390000104904175,3.390000104904175,1192,0.0,0.0,BDRX,30m
2026-04-16 10:30:00-04:00,3.401400089263916,3.401400089263916,3.401400089263916,3.401400089263916,613,0.0,0.0,BDRX,30m
2026-04-16 11:00:00-04:00,3.430000066757202,3.430000066757202,3.4233999252319336,3.430000066757202,3538,0.0,0.0,BDRX,30m
2026-04-16 12:00:00-04:00,3.410099983215332,3.4549999237060547,3.410099983215332,3.4549999237060547,3421,0.0,0.0,BDRX,30m
2026-04-16 12:30:00-04:00,3.444999933242798,3.444999933242798,3.410099983215332,3.440000057220459,5857,0.0,0.0,BDRX,30m
2026-04-16 13:30:00-04:00,3.4549999237060547,3.4549999237060547,3.450000047683716,3.450000047683716,417,0.0,0.0,BDRX,30m
2026-04-16 14:00:00-04:00,3.4100000858306885,3.4149999618530273,3.4100000858306885,3.4149999618530273,528,0.0,0.0,BDRX,30m
2026-04-16 14:30:00-04:00,3.4100000858306885,3.4100000858306885,3.4000000953674316,3.4000000953674316,1755,0.0,0.0,BDRX,30m
2026-04-16 15:00:00-04:00,3.444999933242798,3.444999933242798,3.444999933242798,3.444999933242798,200,0.0,0.0,BDRX,30m
2026-04-16 15:30:00-04:00,3.4800000190734863,3.4800000190734863,3.440000057220459,3.4749999046325684,1986,0.0,0.0,BDRX,30m
2026-04-17 09:30:00-04:00,3.4200000762939453,3.4200000762939453,3.4200000762939453,3.4200000762939453,1888,0.0,0.0,BDRX,30m
2026-04-17 10:00:00-04:00,3.489799976348877,3.559999942779541,3.4695000648498535,3.482300043106079,2219,0.0,0.0,BDRX,30m
2026-04-17 11:00:00-04:00,3.4600000381469727,3.4600000381469727,3.4600000381469727,3.4600000381469727,310,0.0,0.0,BDRX,30m
2026-04-17 11:30:00-04:00,3.4600000381469727,3.4700000286102295,3.4600000381469727,3.4700000286102295,845,0.0,0.0,BDRX,30m
2026-04-17 12:00:00-04:00,3.509999990463257,3.509999990463257,3.4000000953674316,3.4000000953674316,4149,0.0,0.0,BDRX,30m
2026-04-17 12:30:00-04:00,3.4600000381469727,3.4700000286102295,3.410900115966797,3.410900115966797,1045,0.0,0.0,BDRX,30m
2026-04-17 14:00:00-04:00,3.4798998832702637,3.4798998832702637,3.4798998832702637,3.4798998832702637,352,0.0,0.0,BDRX,30m
2026-04-17 14:30:00-04:00,3.4549999237060547,3.4549999237060547,3.430000066757202,3.430000066757202,829,0.0,0.0,BDRX,30m
2026-04-17 15:00:00-04:00,3.4700000286102295,3.4800000190734863,3.4549999237060547,3.4549999237060547,658,0.0,0.0,BDRX,30m
2026-04-17 15:30:00-04:00,3.434000015258789,3.4549999237060547,3.430000066757202,3.4549999237060547,1325,0.0,0.0,BDRX,30m
