datetime,open,high,low,close,volume,dividends,stock_splits,ticker,interval
2026-03-06 09:30:00-05:00,26.959999084472656,26.959999084472656,26.959999084472656,26.959999084472656,4285,0.0,0.0,ARLP,2m
2026-03-06 09:38:00-05:00,26.809999465942383,26.905000686645508,26.739999771118164,26.790000915527344,5577,0.0,0.0,ARLP,2m
2026-03-06 09:40:00-05:00,26.770000457763672,26.770000457763672,26.770000457763672,26.770000457763672,1840,0.0,0.0,ARLP,2m
2026-03-06 09:42:00-05:00,26.709999084472656,26.735000610351562,26.709999084472656,26.735000610351562,1871,0.0,0.0,ARLP,2m
2026-03-06 09:46:00-05:00,26.719999313354492,26.719999313354492,26.719999313354492,26.719999313354492,328,0.0,0.0,ARLP,2m
2026-03-06 09:48:00-05:00,26.697799682617188,26.739999771118164,26.697799682617188,26.739999771118164,888,0.0,0.0,ARLP,2m
2026-03-06 09:50:00-05:00,26.692800521850586,26.692800521850586,26.692800521850586,26.692800521850586,424,0.0,0.0,ARLP,2m
2026-03-06 09:54:00-05:00,26.719999313354492,26.719999313354492,26.719999313354492,26.719999313354492,1250,0.0,0.0,ARLP,2m
2026-03-06 09:56:00-05:00,26.790000915527344,26.790000915527344,26.790000915527344,26.790000915527344,3001,0.0,0.0,ARLP,2m
2026-03-06 09:58:00-05:00,26.790000915527344,26.790000915527344,26.72010040283203,26.72010040283203,8465,0.0,0.0,ARLP,2m
2026-03-06 10:00:00-05:00,26.760000228881836,26.80500030517578,26.760000228881836,26.799999237060547,5986,0.0,0.0,ARLP,2m
2026-03-06 10:04:00-05:00,26.75,26.75,26.740100860595703,26.740100860595703,2622,0.0,0.0,ARLP,2m
2026-03-06 10:06:00-05:00,26.760000228881836,26.790000915527344,26.740100860595703,26.790000915527344,2765,0.0,0.0,ARLP,2m
2026-03-06 10:08:00-05:00,26.702299118041992,26.702299118041992,26.702299118041992,26.702299118041992,123,0.0,0.0,ARLP,2m
2026-03-06 10:10:00-05:00,26.700000762939453,26.700000762939453,26.549999237060547,26.60740089416504,25023,0.0,0.0,ARLP,2m
2026-03-06 10:12:00-05:00,26.690000534057617,26.690000534057617,26.6299991607666,26.63010025024414,9582,0.0,0.0,ARLP,2m
2026-03-06 10:14:00-05:00,26.75,26.75,26.75,26.75,0,0.0,0.0,ARLP,2m
2026-03-06 10:16:00-05:00,26.640100479125977,26.670000076293945,26.6299991607666,26.6299991607666,1799,0.0,0.0,ARLP,2m
2026-03-06 10:18:00-05:00,26.665000915527344,26.760000228881836,26.665000915527344,26.760000228881836,410,0.0,0.0,ARLP,2m
2026-03-06 10:20:00-05:00,26.68000030517578,26.68000030517578,26.68000030517578,26.68000030517578,123,0.0,0.0,ARLP,2m
2026-03-06 10:22:00-05:00,26.630599975585938,26.677600860595703,26.630599975585938,26.65999984741211,3084,0.0,0.0,ARLP,2m
2026-03-06 10:24:00-05:00,26.665000915527344,26.665000915527344,26.59000015258789,26.600000381469727,3923,0.0,0.0,ARLP,2m
2026-03-06 10:28:00-05:00,26.604999542236328,26.604999542236328,26.604999542236328,26.604999542236328,236,0.0,0.0,ARLP,2m
2026-03-06 10:30:00-05:00,26.559999465942383,26.559999465942383,26.559999465942383,26.559999465942383,301,0.0,0.0,ARLP,2m
2026-03-06 10:32:00-05:00,26.6200008392334,26.6200008392334,26.600000381469727,26.600000381469727,709,0.0,0.0,ARLP,2m
2026-03-06 10:34:00-05:00,26.65999984741211,26.684999465942383,26.65559959411621,26.684999465942383,5042,0.0,0.0,ARLP,2m
2026-03-06 10:36:00-05:00,26.684999465942383,26.684999465942383,26.684999465942383,26.684999465942383,707,0.0,0.0,ARLP,2m
2026-03-06 10:38:00-05:00,26.725000381469727,26.725000381469727,26.725000381469727,26.725000381469727,200,0.0,0.0,ARLP,2m
2026-03-06 10:40:00-05:00,26.719999313354492,26.7450008392334,26.719999313354492,26.7450008392334,819,0.0,0.0,ARLP,2m
2026-03-06 10:42:00-05:00,26.7450008392334,26.7450008392334,26.709999084472656,26.709999084472656,513,0.0,0.0,ARLP,2m
2026-03-06 10:44:00-05:00,26.739500045776367,26.739500045776367,26.739500045776367,26.739500045776367,898,0.0,0.0,ARLP,2m
2026-03-06 10:46:00-05:00,26.729999542236328,26.729999542236328,26.68000030517578,26.68000030517578,1140,0.0,0.0,ARLP,2m
2026-03-06 10:50:00-05:00,26.645000457763672,26.645000457763672,26.645000457763672,26.645000457763672,501,0.0,0.0,ARLP,2m
2026-03-06 10:52:00-05:00,26.617399215698242,26.617399215698242,26.617399215698242,26.617399215698242,1747,0.0,0.0,ARLP,2m
2026-03-06 11:00:00-05:00,26.670000076293945,26.670000076293945,26.670000076293945,26.670000076293945,348,0.0,0.0,ARLP,2m
2026-03-06 11:04:00-05:00,26.665000915527344,26.665000915527344,26.559999465942383,26.57979965209961,7012,0.0,0.0,ARLP,2m
2026-03-06 11:06:00-05:00,26.56999969482422,26.56999969482422,26.56999969482422,26.56999969482422,837,0.0,0.0,ARLP,2m
2026-03-06 11:08:00-05:00,26.530000686645508,26.569900512695312,26.530000686645508,26.569900512695312,778,0.0,0.0,ARLP,2m
2026-03-06 11:10:00-05:00,26.510000228881836,26.514999389648438,26.500900268554688,26.514999389648438,775,0.0,0.0,ARLP,2m
2026-03-06 11:12:00-05:00,26.514999389648438,26.514999389648438,26.514999389648438,26.514999389648438,625,0.0,0.0,ARLP,2m
2026-03-06 11:14:00-05:00,26.524999618530273,26.584999084472656,26.524999618530273,26.584999084472656,6050,0.0,0.0,ARLP,2m
2026-03-06 11:18:00-05:00,26.565000534057617,26.565000534057617,26.511699676513672,26.511699676513672,3690,0.0,0.0,ARLP,2m
2026-03-06 11:20:00-05:00,26.549999237060547,26.549999237060547,26.489999771118164,26.489999771118164,2400,0.0,0.0,ARLP,2m
2026-03-06 11:24:00-05:00,26.5,26.5,26.5,26.5,1129,0.0,0.0,ARLP,2m
2026-03-06 11:26:00-05:00,26.489999771118164,26.489999771118164,26.489999771118164,26.489999771118164,291,0.0,0.0,ARLP,2m
2026-03-06 11:28:00-05:00,26.479999542236328,26.5,26.459999084472656,26.496599197387695,5746,0.0,0.0,ARLP,2m
2026-03-06 11:32:00-05:00,26.520000457763672,26.520000457763672,26.479999542236328,26.5,1727,0.0,0.0,ARLP,2m
2026-03-06 11:36:00-05:00,26.520000457763672,26.530000686645508,26.514999389648438,26.514999389648438,3620,0.0,0.0,ARLP,2m
2026-03-06 11:42:00-05:00,26.50079917907715,26.50079917907715,26.50079917907715,26.50079917907715,1112,0.0,0.0,ARLP,2m
2026-03-06 11:46:00-05:00,26.459999084472656,26.459999084472656,26.399999618530273,26.43000030517578,6310,0.0,0.0,ARLP,2m
2026-03-06 11:48:00-05:00,26.399999618530273,26.419599533081055,26.3700008392334,26.40999984741211,4789,0.0,0.0,ARLP,2m
2026-03-06 11:50:00-05:00,26.40999984741211,26.40999984741211,26.3799991607666,26.399999618530273,1222,0.0,0.0,ARLP,2m
2026-03-06 11:52:00-05:00,26.3799991607666,26.3799991607666,26.350000381469727,26.375,3629,0.0,0.0,ARLP,2m
2026-03-06 11:56:00-05:00,26.334999084472656,26.40999984741211,26.334999084472656,26.40999984741211,3429,0.0,0.0,ARLP,2m
2026-03-06 11:58:00-05:00,26.43000030517578,26.43000030517578,26.43000030517578,26.43000030517578,731,0.0,0.0,ARLP,2m
2026-03-06 12:00:00-05:00,26.452800750732422,26.452800750732422,26.452800750732422,26.452800750732422,683,0.0,0.0,ARLP,2m
2026-03-06 12:02:00-05:00,26.5,26.5,26.489999771118164,26.489999771118164,1075,0.0,0.0,ARLP,2m
2026-03-06 12:06:00-05:00,26.485000610351562,26.485000610351562,26.485000610351562,26.485000610351562,400,0.0,0.0,ARLP,2m
2026-03-06 12:08:00-05:00,26.46500015258789,26.47010040283203,26.339599609375,26.419700622558594,6155,0.0,0.0,ARLP,2m
2026-03-06 12:10:00-05:00,26.424999237060547,26.424999237060547,26.424999237060547,26.424999237060547,658,0.0,0.0,ARLP,2m
2026-03-06 12:12:00-05:00,26.459999084472656,26.459999084472656,26.44659996032715,26.44659996032715,609,0.0,0.0,ARLP,2m
2026-03-06 12:14:00-05:00,26.469999313354492,26.472700119018555,26.469999313354492,26.472700119018555,1281,0.0,0.0,ARLP,2m
2026-03-06 12:16:00-05:00,26.479999542236328,26.479999542236328,26.479999542236328,26.479999542236328,2758,0.0,0.0,ARLP,2m
2026-03-06 12:18:00-05:00,26.510000228881836,26.510000228881836,26.510000228881836,26.510000228881836,1595,0.0,0.0,ARLP,2m
2026-03-06 12:22:00-05:00,26.4906005859375,26.524999618530273,26.4906005859375,26.524999618530273,2653,0.0,0.0,ARLP,2m
2026-03-06 12:24:00-05:00,26.489999771118164,26.489999771118164,26.469999313354492,26.489999771118164,2559,0.0,0.0,ARLP,2m
2026-03-06 12:26:00-05:00,26.489999771118164,26.489999771118164,26.469999313354492,26.469999313354492,1311,0.0,0.0,ARLP,2m
2026-03-06 12:28:00-05:00,26.469999313354492,26.469999313354492,26.469999313354492,26.469999313354492,300,0.0,0.0,ARLP,2m
2026-03-06 12:30:00-05:00,26.489999771118164,26.489999771118164,26.479999542236328,26.489999771118164,4432,0.0,0.0,ARLP,2m
2026-03-06 12:32:00-05:00,26.600000381469727,26.600000381469727,26.4950008392334,26.5,12236,0.0,0.0,ARLP,2m
2026-03-06 12:34:00-05:00,26.489999771118164,26.600000381469727,26.489999771118164,26.549999237060547,6169,0.0,0.0,ARLP,2m
2026-03-06 12:36:00-05:00,26.520000457763672,26.520000457763672,26.520000457763672,26.520000457763672,602,0.0,0.0,ARLP,2m
2026-03-06 12:38:00-05:00,26.5,26.52989959716797,26.479999542236328,26.489999771118164,2247,0.0,0.0,ARLP,2m
2026-03-06 12:42:00-05:00,26.469999313354492,26.47010040283203,26.3799991607666,26.420000076293945,7603,0.0,0.0,ARLP,2m
2026-03-06 12:44:00-05:00,26.489999771118164,26.489999771118164,26.489999771118164,26.489999771118164,200,0.0,0.0,ARLP,2m
2026-03-06 12:46:00-05:00,26.440000534057617,26.440000534057617,26.440000534057617,26.440000534057617,105,0.0,0.0,ARLP,2m
2026-03-06 12:48:00-05:00,26.40999984741211,26.454999923706055,26.3700008392334,26.454999923706055,11143,0.0,0.0,ARLP,2m
2026-03-06 12:52:00-05:00,26.46500015258789,26.46500015258789,26.450000762939453,26.450000762939453,2117,0.0,0.0,ARLP,2m
2026-03-06 12:54:00-05:00,26.459999084472656,26.459999084472656,26.459999084472656,26.459999084472656,460,0.0,0.0,ARLP,2m
2026-03-06 12:56:00-05:00,26.459999084472656,26.459999084472656,26.459999084472656,26.459999084472656,237,0.0,0.0,ARLP,2m
2026-03-06 12:58:00-05:00,26.488300323486328,26.488300323486328,26.488300323486328,26.488300323486328,2022,0.0,0.0,ARLP,2m
2026-03-06 13:00:00-05:00,26.489999771118164,26.489999771118164,26.479999542236328,26.479999542236328,1267,0.0,0.0,ARLP,2m
2026-03-06 13:02:00-05:00,26.459999084472656,26.475000381469727,26.450000762939453,26.475000381469727,3389,0.0,0.0,ARLP,2m
2026-03-06 13:04:00-05:00,26.469999313354492,26.469999313354492,26.40999984741211,26.43000030517578,3552,0.0,0.0,ARLP,2m
2026-03-06 13:06:00-05:00,26.41010093688965,26.420000076293945,26.41010093688965,26.420000076293945,3900,0.0,0.0,ARLP,2m
2026-03-06 13:08:00-05:00,26.430700302124023,26.440000534057617,26.430700302124023,26.440000534057617,1158,0.0,0.0,ARLP,2m
2026-03-06 13:12:00-05:00,26.459999084472656,26.469999313354492,26.454999923706055,26.469999313354492,1164,0.0,0.0,ARLP,2m
2026-03-06 13:14:00-05:00,26.469999313354492,26.469999313354492,26.469999313354492,26.469999313354492,2286,0.0,0.0,ARLP,2m
2026-03-06 13:18:00-05:00,26.489999771118164,26.489999771118164,26.489999771118164,26.489999771118164,624,0.0,0.0,ARLP,2m
2026-03-06 13:20:00-05:00,26.5,26.5,26.5,26.5,2224,0.0,0.0,ARLP,2m
2026-03-06 13:22:00-05:00,26.5,26.5,26.5,26.5,5895,0.0,0.0,ARLP,2m
2026-03-06 13:24:00-05:00,26.5,26.5,26.5,26.5,717,0.0,0.0,ARLP,2m
2026-03-06 13:26:00-05:00,26.5,26.5,26.5,26.5,497,0.0,0.0,ARLP,2m
2026-03-06 13:28:00-05:00,26.469999313354492,26.489999771118164,26.469999313354492,26.489999771118164,2345,0.0,0.0,ARLP,2m
2026-03-06 13:30:00-05:00,26.5,26.5049991607666,26.5,26.502500534057617,4438,0.0,0.0,ARLP,2m
2026-03-06 13:32:00-05:00,26.5,26.5,26.4950008392334,26.4950008392334,1121,0.0,0.0,ARLP,2m
2026-03-06 13:34:00-05:00,26.5,26.5,26.489999771118164,26.491600036621094,3458,0.0,0.0,ARLP,2m
2026-03-06 13:36:00-05:00,26.469999313354492,26.489999771118164,26.469999313354492,26.489999771118164,669,0.0,0.0,ARLP,2m
2026-03-06 13:40:00-05:00,26.489999771118164,26.489999771118164,26.489999771118164,26.489999771118164,105,0.0,0.0,ARLP,2m
2026-03-06 13:42:00-05:00,26.5,26.5,26.5,26.5,1011,0.0,0.0,ARLP,2m
2026-03-06 13:44:00-05:00,26.490100860595703,26.490100860595703,26.479999542236328,26.489999771118164,1045,0.0,0.0,ARLP,2m
2026-03-06 13:50:00-05:00,26.489999771118164,26.489999771118164,26.489999771118164,26.489999771118164,355,0.0,0.0,ARLP,2m
2026-03-06 13:52:00-05:00,26.5,26.5,26.5,26.5,3092,0.0,0.0,ARLP,2m
2026-03-06 13:54:00-05:00,26.490999221801758,26.490999221801758,26.479999542236328,26.479999542236328,1049,0.0,0.0,ARLP,2m
2026-03-06 13:56:00-05:00,26.48780059814453,26.48780059814453,26.48780059814453,26.48780059814453,669,0.0,0.0,ARLP,2m
2026-03-06 14:00:00-05:00,26.5,26.5,26.49959945678711,26.49959945678711,880,0.0,0.0,ARLP,2m
2026-03-06 14:02:00-05:00,26.5,26.5,26.48780059814453,26.48780059814453,1278,0.0,0.0,ARLP,2m
2026-03-06 14:06:00-05:00,26.5,26.510000228881836,26.5,26.510000228881836,7872,0.0,0.0,ARLP,2m
2026-03-06 14:10:00-05:00,26.550500869750977,26.550500869750977,26.550500869750977,26.550500869750977,951,0.0,0.0,ARLP,2m
2026-03-06 14:14:00-05:00,26.555400848388672,26.559999465942383,26.555400848388672,26.559999465942383,500,0.0,0.0,ARLP,2m
2026-03-06 14:16:00-05:00,26.549999237060547,26.559999465942383,26.549999237060547,26.559999465942383,1311,0.0,0.0,ARLP,2m
2026-03-06 14:22:00-05:00,26.56999969482422,26.56999969482422,26.56999969482422,26.56999969482422,814,0.0,0.0,ARLP,2m
2026-03-06 14:26:00-05:00,26.549999237060547,26.549999237060547,26.549999237060547,26.549999237060547,655,0.0,0.0,ARLP,2m
2026-03-06 14:38:00-05:00,26.549999237060547,26.549999237060547,26.549999237060547,26.549999237060547,1722,0.0,0.0,ARLP,2m
2026-03-06 14:42:00-05:00,26.55500030517578,26.55500030517578,26.55500030517578,26.55500030517578,5454,0.0,0.0,ARLP,2m
2026-03-06 14:46:00-05:00,26.55500030517578,26.610000610351562,26.55500030517578,26.610000610351562,5130,0.0,0.0,ARLP,2m
2026-03-06 14:48:00-05:00,26.549999237060547,26.559999465942383,26.549999237060547,26.559999465942383,3638,0.0,0.0,ARLP,2m
2026-03-06 14:52:00-05:00,26.600000381469727,26.600000381469727,26.600000381469727,26.600000381469727,446,0.0,0.0,ARLP,2m
2026-03-06 14:54:00-05:00,26.604999542236328,26.604999542236328,26.604999542236328,26.604999542236328,505,0.0,0.0,ARLP,2m
2026-03-06 14:58:00-05:00,26.62179946899414,26.62179946899414,26.6200008392334,26.6200008392334,1050,0.0,0.0,ARLP,2m
2026-03-06 15:00:00-05:00,26.6299991607666,26.6299991607666,26.6299991607666,26.6299991607666,529,0.0,0.0,ARLP,2m
2026-03-06 15:04:00-05:00,26.6299991607666,26.6299991607666,26.6299991607666,26.6299991607666,622,0.0,0.0,ARLP,2m
2026-03-06 15:08:00-05:00,26.6200008392334,26.6200008392334,26.6200008392334,26.6200008392334,824,0.0,0.0,ARLP,2m
2026-03-06 15:10:00-05:00,26.625,26.625,26.6200008392334,26.6200008392334,603,0.0,0.0,ARLP,2m
2026-03-06 15:16:00-05:00,26.610000610351562,26.6117000579834,26.600000381469727,26.611600875854492,1454,0.0,0.0,ARLP,2m
2026-03-06 15:18:00-05:00,26.614999771118164,26.614999771118164,26.600000381469727,26.600000381469727,510,0.0,0.0,ARLP,2m
2026-03-06 15:20:00-05:00,26.59000015258789,26.59000015258789,26.59000015258789,26.59000015258789,1508,0.0,0.0,ARLP,2m
2026-03-06 15:24:00-05:00,26.584999084472656,26.584999084472656,26.584999084472656,26.584999084472656,400,0.0,0.0,ARLP,2m
2026-03-06 15:26:00-05:00,26.584999084472656,26.584999084472656,26.570100784301758,26.570100784301758,1400,0.0,0.0,ARLP,2m
2026-03-06 15:28:00-05:00,26.579999923706055,26.579999923706055,26.579999923706055,26.579999923706055,418,0.0,0.0,ARLP,2m
2026-03-06 15:30:00-05:00,26.579999923706055,26.579999923706055,26.560800552368164,26.560800552368164,816,0.0,0.0,ARLP,2m
2026-03-06 15:32:00-05:00,26.560800552368164,26.560800552368164,26.560800552368164,26.560800552368164,1600,0.0,0.0,ARLP,2m
2026-03-06 15:34:00-05:00,26.570600509643555,26.570600509643555,26.549999237060547,26.549999237060547,14354,0.0,0.0,ARLP,2m
2026-03-06 15:38:00-05:00,26.543699264526367,26.543699264526367,26.485000610351562,26.5049991607666,4893,0.0,0.0,ARLP,2m
2026-03-06 15:40:00-05:00,26.540000915527344,26.540000915527344,26.540000915527344,26.540000915527344,1069,0.0,0.0,ARLP,2m
2026-03-06 15:42:00-05:00,26.540000915527344,26.540000915527344,26.540000915527344,26.540000915527344,396,0.0,0.0,ARLP,2m
2026-03-06 15:44:00-05:00,26.530000686645508,26.530000686645508,26.514999389648438,26.514999389648438,1473,0.0,0.0,ARLP,2m
2026-03-06 15:46:00-05:00,26.533000946044922,26.533000946044922,26.533000946044922,26.533000946044922,695,0.0,0.0,ARLP,2m
2026-03-06 15:48:00-05:00,26.530000686645508,26.54990005493164,26.510000228881836,26.54990005493164,2025,0.0,0.0,ARLP,2m
2026-03-06 15:50:00-05:00,26.520000457763672,26.520099639892578,26.469999313354492,26.5,3931,0.0,0.0,ARLP,2m
2026-03-06 15:52:00-05:00,26.5,26.5,26.489999771118164,26.5,1312,0.0,0.0,ARLP,2m
2026-03-06 15:54:00-05:00,26.5,26.510000228881836,26.469999313354492,26.498300552368164,9924,0.0,0.0,ARLP,2m
2026-03-06 15:56:00-05:00,26.499900817871094,26.520000457763672,26.499900817871094,26.519899368286133,6388,0.0,0.0,ARLP,2m
2026-03-06 15:58:00-05:00,26.510000228881836,26.520000457763672,26.5,26.5,8148,0.0,0.0,ARLP,2m
2026-03-09 09:30:00-04:00,26.489999771118164,26.674999237060547,26.489999771118164,26.674999237060547,10502,0.0,0.0,ARLP,2m
2026-03-09 09:32:00-04:00,26.493600845336914,26.493600845336914,26.493600845336914,26.493600845336914,1424,0.0,0.0,ARLP,2m
2026-03-09 09:34:00-04:00,26.518699645996094,26.518699645996094,26.518699645996094,26.518699645996094,190,0.0,0.0,ARLP,2m
2026-03-09 09:38:00-04:00,26.360000610351562,26.450000762939453,26.360000610351562,26.440000534057617,2152,0.0,0.0,ARLP,2m
2026-03-09 09:42:00-04:00,26.424999237060547,26.424999237060547,26.424999237060547,26.424999237060547,783,0.0,0.0,ARLP,2m
2026-03-09 09:44:00-04:00,26.424999237060547,26.440000534057617,26.424999237060547,26.440000534057617,1307,0.0,0.0,ARLP,2m
2026-03-09 09:46:00-04:00,26.43000030517578,26.499900817871094,26.43000030517578,26.499900817871094,10745,0.0,0.0,ARLP,2m
2026-03-09 09:48:00-04:00,26.43000030517578,26.56999969482422,26.43000030517578,26.5,6236,0.0,0.0,ARLP,2m
2026-03-09 09:50:00-04:00,26.59000015258789,26.61199951171875,26.59000015258789,26.61199951171875,467,0.0,0.0,ARLP,2m
2026-03-09 09:52:00-04:00,26.594999313354492,26.65999984741211,26.594999313354492,26.65999984741211,969,0.0,0.0,ARLP,2m
2026-03-09 09:54:00-04:00,26.66990089416504,26.68000030517578,26.65999984741211,26.670000076293945,2606,0.0,0.0,ARLP,2m
2026-03-09 09:56:00-04:00,26.570100784301758,26.570100784301758,26.570100784301758,26.570100784301758,1239,0.0,0.0,ARLP,2m
2026-03-09 09:58:00-04:00,26.729999542236328,26.729999542236328,26.729999542236328,26.729999542236328,857,0.0,0.0,ARLP,2m
2026-03-09 10:00:00-04:00,26.7450008392334,26.7450008392334,26.7450008392334,26.7450008392334,1395,0.0,0.0,ARLP,2m
2026-03-09 10:02:00-04:00,26.7450008392334,26.7450008392334,26.7450008392334,26.7450008392334,264,0.0,0.0,ARLP,2m
2026-03-09 10:06:00-04:00,26.739999771118164,26.809900283813477,26.729999542236328,26.729999542236328,1097,0.0,0.0,ARLP,2m
2026-03-09 10:08:00-04:00,26.709999084472656,26.709999084472656,26.709999084472656,26.709999084472656,623,0.0,0.0,ARLP,2m
2026-03-09 10:10:00-04:00,26.610000610351562,26.680099487304688,26.610000610351562,26.649999618530273,2510,0.0,0.0,ARLP,2m
2026-03-09 10:12:00-04:00,26.600099563598633,26.635099411010742,26.600099563598633,26.635099411010742,2557,0.0,0.0,ARLP,2m
2026-03-09 10:14:00-04:00,26.670000076293945,26.670000076293945,26.670000076293945,26.670000076293945,592,0.0,0.0,ARLP,2m
2026-03-09 10:16:00-04:00,26.635000228881836,26.635000228881836,26.635000228881836,26.635000228881836,35,0.0,0.0,ARLP,2m
2026-03-09 10:18:00-04:00,26.738300323486328,26.738300323486328,26.69499969482422,26.69499969482422,4500,0.0,0.0,ARLP,2m
2026-03-09 10:20:00-04:00,26.69099998474121,26.69099998474121,26.69099998474121,26.69099998474121,4735,0.0,0.0,ARLP,2m
2026-03-09 10:22:00-04:00,26.75,26.917999267578125,26.75,26.917999267578125,1764,0.0,0.0,ARLP,2m
2026-03-09 10:24:00-04:00,26.91990089416504,26.91990089416504,26.91990089416504,26.91990089416504,2631,0.0,0.0,ARLP,2m
2026-03-09 10:26:00-04:00,26.799999237060547,26.820999145507812,26.780000686645508,26.820999145507812,2544,0.0,0.0,ARLP,2m
2026-03-09 10:30:00-04:00,26.819900512695312,26.819900512695312,26.819900512695312,26.819900512695312,5195,0.0,0.0,ARLP,2m
2026-03-09 10:36:00-04:00,26.799999237060547,26.84000015258789,26.799999237060547,26.84000015258789,2542,0.0,0.0,ARLP,2m
2026-03-09 10:38:00-04:00,26.899999618530273,26.899999618530273,26.899999618530273,26.899999618530273,1282,0.0,0.0,ARLP,2m
2026-03-09 10:40:00-04:00,26.940000534057617,26.940000534057617,26.93000030517578,26.93000030517578,300,0.0,0.0,ARLP,2m
2026-03-09 10:42:00-04:00,26.940000534057617,26.940000534057617,26.93000030517578,26.93000030517578,3617,0.0,0.0,ARLP,2m
2026-03-09 10:44:00-04:00,26.949899673461914,26.949899673461914,26.934999465942383,26.934999465942383,1283,0.0,0.0,ARLP,2m
2026-03-09 10:46:00-04:00,26.934999465942383,26.934999465942383,26.8799991607666,26.8799991607666,3419,0.0,0.0,ARLP,2m
2026-03-09 10:48:00-04:00,26.740100860595703,26.85409927368164,26.740100860595703,26.809999465942383,3031,0.0,0.0,ARLP,2m
2026-03-09 10:52:00-04:00,26.815000534057617,26.83329963684082,26.815000534057617,26.83329963684082,242,0.0,0.0,ARLP,2m
2026-03-09 10:54:00-04:00,26.815000534057617,26.8799991607666,26.815000534057617,26.8799991607666,1973,0.0,0.0,ARLP,2m
2026-03-09 10:56:00-04:00,26.90999984741211,26.93000030517578,26.905000686645508,26.93000030517578,901,0.0,0.0,ARLP,2m
2026-03-09 10:58:00-04:00,26.93000030517578,26.969999313354492,26.93000030517578,26.94499969482422,946,0.0,0.0,ARLP,2m
2026-03-09 11:00:00-04:00,26.979999542236328,26.989999771118164,26.967100143432617,26.989999771118164,5689,0.0,0.0,ARLP,2m
2026-03-09 11:02:00-04:00,26.989999771118164,27.135000228881836,26.979999542236328,27.135000228881836,22167,0.0,0.0,ARLP,2m
2026-03-09 11:04:00-04:00,27.135000228881836,27.18000030517578,27.1299991607666,27.18000030517578,3794,0.0,0.0,ARLP,2m
2026-03-09 11:06:00-04:00,27.18000030517578,27.18000030517578,27.1200008392334,27.149999618530273,5955,0.0,0.0,ARLP,2m
2026-03-09 11:08:00-04:00,27.149999618530273,27.15999984741211,27.149999618530273,27.15999984741211,945,0.0,0.0,ARLP,2m
2026-03-09 11:10:00-04:00,27.18000030517578,27.239999771118164,27.18000030517578,27.219999313354492,8451,0.0,0.0,ARLP,2m
2026-03-09 11:12:00-04:00,27.209999084472656,27.239999771118164,27.170000076293945,27.174999237060547,13941,0.0,0.0,ARLP,2m
2026-03-09 11:14:00-04:00,27.174999237060547,27.18000030517578,27.135000228881836,27.165000915527344,4788,0.0,0.0,ARLP,2m
2026-03-09 11:16:00-04:00,27.145000457763672,27.145000457763672,27.145000457763672,27.145000457763672,251,0.0,0.0,ARLP,2m
2026-03-09 11:18:00-04:00,27.139999389648438,27.15999984741211,27.139999389648438,27.15999984741211,799,0.0,0.0,ARLP,2m
2026-03-09 11:20:00-04:00,27.18000030517578,27.200000762939453,27.100000381469727,27.104999542236328,13485,0.0,0.0,ARLP,2m
2026-03-09 11:22:00-04:00,27.094999313354492,27.094999313354492,27.09000015258789,27.09000015258789,1232,0.0,0.0,ARLP,2m
2026-03-09 11:24:00-04:00,27.09000015258789,27.09000015258789,27.020099639892578,27.020099639892578,1207,0.0,0.0,ARLP,2m
2026-03-09 11:26:00-04:00,27.079999923706055,27.104999542236328,27.079999923706055,27.104999542236328,803,0.0,0.0,ARLP,2m
2026-03-09 11:28:00-04:00,27.104999542236328,27.1200008392334,27.06999969482422,27.110000610351562,3131,0.0,0.0,ARLP,2m
2026-03-09 11:30:00-04:00,27.114999771118164,27.15999984741211,27.084999084472656,27.1200008392334,2997,0.0,0.0,ARLP,2m
2026-03-09 11:32:00-04:00,27.1200008392334,27.1200008392334,27.009300231933594,27.024999618530273,6376,0.0,0.0,ARLP,2m
2026-03-09 11:34:00-04:00,27.014999389648438,27.014999389648438,27.0,27.0,405,0.0,0.0,ARLP,2m
2026-03-09 11:36:00-04:00,26.973100662231445,27.003700256347656,26.973100662231445,27.003700256347656,202,0.0,0.0,ARLP,2m
2026-03-09 11:38:00-04:00,26.989999771118164,27.007299423217773,26.989999771118164,27.007299423217773,693,0.0,0.0,ARLP,2m
2026-03-09 11:40:00-04:00,27.010000228881836,27.010000228881836,27.010000228881836,27.010000228881836,276,0.0,0.0,ARLP,2m
2026-03-09 11:42:00-04:00,26.975000381469727,26.975000381469727,26.975000381469727,26.975000381469727,200,0.0,0.0,ARLP,2m
2026-03-09 11:44:00-04:00,26.975000381469727,26.975000381469727,26.920000076293945,26.920000076293945,2316,0.0,0.0,ARLP,2m
2026-03-09 11:52:00-04:00,26.90999984741211,26.90999984741211,26.90999984741211,26.90999984741211,4960,0.0,0.0,ARLP,2m
2026-03-09 11:56:00-04:00,26.959999084472656,27.010000228881836,26.959999084472656,27.010000228881836,1305,0.0,0.0,ARLP,2m
2026-03-09 11:58:00-04:00,27.010000228881836,27.010000228881836,27.010000228881836,27.010000228881836,698,0.0,0.0,ARLP,2m
2026-03-09 12:00:00-04:00,27.040000915527344,27.09000015258789,27.040000915527344,27.09000015258789,267,0.0,0.0,ARLP,2m
2026-03-09 12:02:00-04:00,27.030000686645508,27.030000686645508,27.020000457763672,27.020000457763672,1506,0.0,0.0,ARLP,2m
2026-03-09 12:06:00-04:00,27.020000457763672,27.020000457763672,26.890100479125977,26.890100479125977,2154,0.0,0.0,ARLP,2m
2026-03-09 12:08:00-04:00,26.9950008392334,26.9950008392334,26.9950008392334,26.9950008392334,1064,0.0,0.0,ARLP,2m
2026-03-09 12:12:00-04:00,26.989999771118164,26.989999771118164,26.989999771118164,26.989999771118164,104,0.0,0.0,ARLP,2m
2026-03-09 12:14:00-04:00,26.979999542236328,26.979999542236328,26.959999084472656,26.959999084472656,228,0.0,0.0,ARLP,2m
2026-03-09 12:16:00-04:00,26.959999084472656,26.959999084472656,26.959999084472656,26.959999084472656,702,0.0,0.0,ARLP,2m
2026-03-09 12:18:00-04:00,26.950000762939453,26.950000762939453,26.950000762939453,26.950000762939453,1128,0.0,0.0,ARLP,2m
2026-03-09 12:22:00-04:00,26.895000457763672,26.950000762939453,26.895000457763672,26.950000762939453,3339,0.0,0.0,ARLP,2m
2026-03-09 12:24:00-04:00,27.0,27.0,27.0,27.0,200,0.0,0.0,ARLP,2m
2026-03-09 12:26:00-04:00,26.954999923706055,27.0,26.954999923706055,27.0,2418,0.0,0.0,ARLP,2m
2026-03-09 12:28:00-04:00,26.989999771118164,26.989999771118164,26.989999771118164,26.989999771118164,217,0.0,0.0,ARLP,2m
2026-03-09 12:30:00-04:00,26.989999771118164,26.989999771118164,26.989999771118164,26.989999771118164,434,0.0,0.0,ARLP,2m
2026-03-09 12:32:00-04:00,26.989999771118164,26.989999771118164,26.920000076293945,26.959999084472656,854,0.0,0.0,ARLP,2m
2026-03-09 12:34:00-04:00,26.979999542236328,26.979999542236328,26.979999542236328,26.979999542236328,167,0.0,0.0,ARLP,2m
2026-03-09 12:36:00-04:00,26.969999313354492,26.969999313354492,26.969999313354492,26.969999313354492,438,0.0,0.0,ARLP,2m
2026-03-09 12:38:00-04:00,27.0,27.0,27.0,27.0,125,0.0,0.0,ARLP,2m
2026-03-09 12:40:00-04:00,26.973499298095703,27.0,26.973499298095703,27.0,754,0.0,0.0,ARLP,2m
2026-03-09 12:42:00-04:00,26.989999771118164,26.989999771118164,26.989999771118164,26.989999771118164,934,0.0,0.0,ARLP,2m
2026-03-09 12:44:00-04:00,27.030000686645508,27.030000686645508,27.030000686645508,27.030000686645508,224,0.0,0.0,ARLP,2m
2026-03-09 12:46:00-04:00,26.993499755859375,27.014400482177734,26.985000610351562,26.985000610351562,2692,0.0,0.0,ARLP,2m
2026-03-09 12:48:00-04:00,26.969999313354492,26.979999542236328,26.96500015258789,26.96500015258789,4469,0.0,0.0,ARLP,2m
2026-03-09 12:52:00-04:00,26.969999313354492,26.969999313354492,26.969999313354492,26.969999313354492,1556,0.0,0.0,ARLP,2m
2026-03-09 12:54:00-04:00,26.979999542236328,26.979999542236328,26.979999542236328,26.979999542236328,1406,0.0,0.0,ARLP,2m
2026-03-09 12:58:00-04:00,27.0,27.0,27.0,27.0,120,0.0,0.0,ARLP,2m
2026-03-09 13:00:00-04:00,26.979999542236328,27.0,26.979999542236328,27.0,2265,0.0,0.0,ARLP,2m
2026-03-09 13:04:00-04:00,27.049999237060547,27.049999237060547,27.049999237060547,27.049999237060547,1006,0.0,0.0,ARLP,2m
2026-03-09 13:06:00-04:00,27.059999465942383,27.059999465942383,27.030000686645508,27.040000915527344,3665,0.0,0.0,ARLP,2m
2026-03-09 13:10:00-04:00,27.06999969482422,27.06999969482422,27.0,27.0049991607666,10513,0.0,0.0,ARLP,2m
2026-03-09 13:12:00-04:00,27.0,27.034000396728516,27.0,27.034000396728516,1192,0.0,0.0,ARLP,2m
2026-03-09 13:14:00-04:00,27.010000228881836,27.049999237060547,27.010000228881836,27.03499984741211,3248,0.0,0.0,ARLP,2m
2026-03-09 13:16:00-04:00,27.03499984741211,27.059999465942383,27.03499984741211,27.059999465942383,2965,0.0,0.0,ARLP,2m
2026-03-09 13:18:00-04:00,27.09000015258789,27.09000015258789,27.075000762939453,27.083599090576172,700,0.0,0.0,ARLP,2m
2026-03-09 13:20:00-04:00,27.09000015258789,27.09000015258789,27.09000015258789,27.09000015258789,611,0.0,0.0,ARLP,2m
2026-03-09 13:22:00-04:00,27.079999923706055,27.079999923706055,27.079999923706055,27.079999923706055,2714,0.0,0.0,ARLP,2m
2026-03-09 13:26:00-04:00,27.110000610351562,27.1200008392334,27.110000610351562,27.1200008392334,305,0.0,0.0,ARLP,2m
2026-03-09 13:28:00-04:00,27.104999542236328,27.1200008392334,27.059999465942383,27.059999465942383,3813,0.0,0.0,ARLP,2m
2026-03-09 13:30:00-04:00,27.114999771118164,27.114999771118164,27.114999771118164,27.114999771118164,1178,0.0,0.0,ARLP,2m
2026-03-09 13:32:00-04:00,27.110000610351562,27.1299991607666,27.110000610351562,27.110000610351562,2760,0.0,0.0,ARLP,2m
2026-03-09 13:34:00-04:00,27.110000610351562,27.110000610351562,27.110000610351562,27.110000610351562,5329,0.0,0.0,ARLP,2m
2026-03-09 13:36:00-04:00,27.125600814819336,27.125600814819336,27.125600814819336,27.125600814819336,686,0.0,0.0,ARLP,2m
2026-03-09 13:38:00-04:00,27.110000610351562,27.125,27.110000610351562,27.125,2211,0.0,0.0,ARLP,2m
2026-03-09 13:40:00-04:00,27.1200008392334,27.1200008392334,27.1200008392334,27.1200008392334,236,0.0,0.0,ARLP,2m
2026-03-09 13:42:00-04:00,27.100000381469727,27.100000381469727,27.100000381469727,27.100000381469727,310,0.0,0.0,ARLP,2m
2026-03-09 13:46:00-04:00,27.1200008392334,27.1200008392334,27.1200008392334,27.1200008392334,753,0.0,0.0,ARLP,2m
2026-03-09 13:48:00-04:00,27.114999771118164,27.1200008392334,27.06999969482422,27.075000762939453,9296,0.0,0.0,ARLP,2m
2026-03-09 13:54:00-04:00,27.1200008392334,27.139999389648438,27.100000381469727,27.139999389648438,6080,0.0,0.0,ARLP,2m
2026-03-09 13:56:00-04:00,27.114999771118164,27.114999771118164,27.114999771118164,27.114999771118164,200,0.0,0.0,ARLP,2m
2026-03-09 13:58:00-04:00,27.13920021057129,27.13920021057129,27.13920021057129,27.13920021057129,988,0.0,0.0,ARLP,2m
2026-03-09 14:00:00-04:00,27.18000030517578,27.190000534057617,27.15999984741211,27.190000534057617,1108,0.0,0.0,ARLP,2m
2026-03-09 14:02:00-04:00,27.190000534057617,27.190000534057617,27.190000534057617,27.190000534057617,963,0.0,0.0,ARLP,2m
2026-03-09 14:04:00-04:00,27.200000762939453,27.200000762939453,27.200000762939453,27.200000762939453,300,0.0,0.0,ARLP,2m
2026-03-09 14:06:00-04:00,27.200000762939453,27.200000762939453,27.200000762939453,27.200000762939453,373,0.0,0.0,ARLP,2m
2026-03-09 14:08:00-04:00,27.200000762939453,27.219999313354492,27.200000762939453,27.200000762939453,1643,0.0,0.0,ARLP,2m
2026-03-09 14:10:00-04:00,27.209999084472656,27.219999313354492,27.18000030517578,27.18000030517578,3829,0.0,0.0,ARLP,2m
2026-03-09 14:14:00-04:00,27.21500015258789,27.21500015258789,27.21500015258789,27.21500015258789,261,0.0,0.0,ARLP,2m
2026-03-09 14:16:00-04:00,27.209999084472656,27.21500015258789,27.209999084472656,27.21500015258789,3935,0.0,0.0,ARLP,2m
2026-03-09 14:18:00-04:00,27.229999542236328,27.229999542236328,27.229999542236328,27.229999542236328,635,0.0,0.0,ARLP,2m
2026-03-09 14:22:00-04:00,27.229999542236328,27.239999771118164,27.229999542236328,27.239999771118164,300,0.0,0.0,ARLP,2m
2026-03-09 14:24:00-04:00,27.239999771118164,27.239999771118164,27.235000610351562,27.235000610351562,200,0.0,0.0,ARLP,2m
2026-03-09 14:26:00-04:00,27.21500015258789,27.219999313354492,27.21500015258789,27.219999313354492,446,0.0,0.0,ARLP,2m
2026-03-09 14:28:00-04:00,27.229999542236328,27.229999542236328,27.229900360107422,27.229999542236328,2266,0.0,0.0,ARLP,2m
2026-03-09 14:30:00-04:00,27.229999542236328,27.229999542236328,27.229999542236328,27.229999542236328,320,0.0,0.0,ARLP,2m
2026-03-09 14:32:00-04:00,27.235000610351562,27.239999771118164,27.235000610351562,27.239999771118164,1713,0.0,0.0,ARLP,2m
2026-03-09 14:34:00-04:00,27.25,27.25,27.25,27.25,383,0.0,0.0,ARLP,2m
2026-03-09 14:36:00-04:00,27.240400314331055,27.280000686645508,27.240400314331055,27.264999389648438,2360,0.0,0.0,ARLP,2m
2026-03-09 14:38:00-04:00,27.264999389648438,27.264999389648438,27.25,27.25,3001,0.0,0.0,ARLP,2m
2026-03-09 14:40:00-04:00,27.231800079345703,27.237199783325195,27.231800079345703,27.237199783325195,781,0.0,0.0,ARLP,2m
2026-03-09 14:42:00-04:00,27.27989959716797,27.27989959716797,27.27989959716797,27.27989959716797,649,0.0,0.0,ARLP,2m
2026-03-09 14:46:00-04:00,27.25659942626953,27.25659942626953,27.25,27.25,1479,0.0,0.0,ARLP,2m
2026-03-09 14:48:00-04:00,27.280000686645508,27.280000686645508,27.280000686645508,27.280000686645508,500,0.0,0.0,ARLP,2m
2026-03-09 14:50:00-04:00,27.280000686645508,27.280000686645508,27.280000686645508,27.280000686645508,145,0.0,0.0,ARLP,2m
2026-03-09 14:52:00-04:00,27.270000457763672,27.280000686645508,27.270000457763672,27.280000686645508,503,0.0,0.0,ARLP,2m
2026-03-09 14:54:00-04:00,27.260000228881836,27.290000915527344,27.25,27.274999618530273,1453,0.0,0.0,ARLP,2m
2026-03-09 14:56:00-04:00,27.274799346923828,27.290000915527344,27.274799346923828,27.290000915527344,238,0.0,0.0,ARLP,2m
2026-03-09 14:58:00-04:00,27.290000915527344,27.290000915527344,27.280000686645508,27.280000686645508,534,0.0,0.0,ARLP,2m
2026-03-09 15:00:00-04:00,27.290000915527344,27.299999237060547,27.280000686645508,27.280000686645508,2102,0.0,0.0,ARLP,2m
2026-03-09 15:02:00-04:00,27.290000915527344,27.290000915527344,27.280000686645508,27.280000686645508,837,0.0,0.0,ARLP,2m
2026-03-09 15:04:00-04:00,27.290000915527344,27.290000915527344,27.280000686645508,27.280000686645508,4399,0.0,0.0,ARLP,2m
2026-03-09 15:06:00-04:00,27.274999618530273,27.280000686645508,27.260000228881836,27.280000686645508,3740,0.0,0.0,ARLP,2m
2026-03-09 15:08:00-04:00,27.280000686645508,27.280000686645508,27.280000686645508,27.280000686645508,339,0.0,0.0,ARLP,2m
2026-03-09 15:12:00-04:00,27.299999237060547,27.299999237060547,27.280000686645508,27.280000686645508,546,0.0,0.0,ARLP,2m
2026-03-09 15:14:00-04:00,27.270000457763672,27.270000457763672,27.270000457763672,27.270000457763672,2911,0.0,0.0,ARLP,2m
2026-03-09 15:18:00-04:00,27.280000686645508,27.30500030517578,27.280000686645508,27.30500030517578,1768,0.0,0.0,ARLP,2m
2026-03-09 15:20:00-04:00,27.329999923706055,27.329999923706055,27.30699920654297,27.30699920654297,3253,0.0,0.0,ARLP,2m
2026-03-09 15:22:00-04:00,27.315000534057617,27.315000534057617,27.315000534057617,27.315000534057617,242,0.0,0.0,ARLP,2m
2026-03-09 15:24:00-04:00,27.309999465942383,27.309999465942383,27.309999465942383,27.309999465942383,1722,0.0,0.0,ARLP,2m
2026-03-09 15:26:00-04:00,27.309999465942383,27.329999923706055,27.309999465942383,27.329999923706055,922,0.0,0.0,ARLP,2m
2026-03-09 15:28:00-04:00,27.31999969482422,27.31999969482422,27.31999969482422,27.31999969482422,2737,0.0,0.0,ARLP,2m
2026-03-09 15:30:00-04:00,27.309999465942383,27.309999465942383,27.219999313354492,27.219999313354492,3255,0.0,0.0,ARLP,2m
2026-03-09 15:36:00-04:00,27.219999313354492,27.25,27.219999313354492,27.25,940,0.0,0.0,ARLP,2m
2026-03-09 15:38:00-04:00,27.219999313354492,27.260000228881836,27.219999313354492,27.24679946899414,918,0.0,0.0,ARLP,2m
2026-03-09 15:40:00-04:00,27.225000381469727,27.259899139404297,27.190000534057617,27.19409942626953,9269,0.0,0.0,ARLP,2m
2026-03-09 15:42:00-04:00,27.200000762939453,27.290000915527344,27.200000762939453,27.270000457763672,16679,0.0,0.0,ARLP,2m
2026-03-09 15:44:00-04:00,27.280000686645508,27.280000686645508,27.270000457763672,27.278900146484375,4179,0.0,0.0,ARLP,2m
2026-03-09 15:46:00-04:00,27.289899826049805,27.290000915527344,27.260000228881836,27.288000106811523,6911,0.0,0.0,ARLP,2m
2026-03-09 15:48:00-04:00,27.270000457763672,27.290000915527344,27.270000457763672,27.280000686645508,14379,0.0,0.0,ARLP,2m
2026-03-09 15:50:00-04:00,27.280000686645508,27.296899795532227,27.275999069213867,27.285999298095703,6948,0.0,0.0,ARLP,2m
2026-03-09 15:52:00-04:00,27.280000686645508,27.289899826049805,27.270000457763672,27.270000457763672,19779,0.0,0.0,ARLP,2m
2026-03-09 15:54:00-04:00,27.25,27.309999465942383,27.25,27.290000915527344,5967,0.0,0.0,ARLP,2m
2026-03-09 15:56:00-04:00,27.290000915527344,27.31999969482422,27.280000686645508,27.31999969482422,12490,0.0,0.0,ARLP,2m
2026-03-09 15:58:00-04:00,27.329999923706055,27.350000381469727,27.170000076293945,27.229999542236328,48974,0.0,0.0,ARLP,2m
2026-03-10 09:30:00-04:00,27.3700008392334,27.3700008392334,27.3700008392334,27.3700008392334,4589,0.0,0.0,ARLP,2m
2026-03-10 09:34:00-04:00,27.329999923706055,27.344999313354492,27.299999237060547,27.299999237060547,1426,0.0,0.0,ARLP,2m
2026-03-10 09:36:00-04:00,27.299999237060547,27.299999237060547,27.260000228881836,27.260000228881836,3827,0.0,0.0,ARLP,2m
2026-03-10 09:38:00-04:00,27.239999771118164,27.239999771118164,27.239999771118164,27.239999771118164,663,0.0,0.0,ARLP,2m
2026-03-10 09:40:00-04:00,27.229999542236328,27.229999542236328,27.149999618530273,27.204999923706055,967,0.0,0.0,ARLP,2m
2026-03-10 09:44:00-04:00,27.204999923706055,27.204999923706055,27.204999923706055,27.204999923706055,922,0.0,0.0,ARLP,2m
2026-03-10 09:50:00-04:00,27.19499969482422,27.19499969482422,27.19499969482422,27.19499969482422,1311,0.0,0.0,ARLP,2m
2026-03-10 09:52:00-04:00,27.270000457763672,27.270000457763672,27.270000457763672,27.270000457763672,366,0.0,0.0,ARLP,2m
2026-03-10 09:54:00-04:00,27.280000686645508,27.280000686645508,27.280000686645508,27.280000686645508,1557,0.0,0.0,ARLP,2m
2026-03-10 10:02:00-04:00,27.309999465942383,27.40999984741211,27.309999465942383,27.40999984741211,4325,0.0,0.0,ARLP,2m
2026-03-10 10:04:00-04:00,27.420000076293945,27.59000015258789,27.420000076293945,27.579999923706055,5650,0.0,0.0,ARLP,2m
2026-03-10 10:06:00-04:00,27.59000015258789,27.6299991607666,27.59000015258789,27.6299991607666,1256,0.0,0.0,ARLP,2m
2026-03-10 10:08:00-04:00,27.566999435424805,27.6200008392334,27.54949951171875,27.54949951171875,2005,0.0,0.0,ARLP,2m
2026-03-10 10:10:00-04:00,27.549999237060547,27.549999237060547,27.524999618530273,27.524999618530273,321,0.0,0.0,ARLP,2m
2026-03-10 10:12:00-04:00,27.5,27.579999923706055,27.5,27.579999923706055,1779,0.0,0.0,ARLP,2m
2026-03-10 10:14:00-04:00,27.600000381469727,27.6299991607666,27.600000381469727,27.600000381469727,1117,0.0,0.0,ARLP,2m
2026-03-10 10:16:00-04:00,27.610000610351562,27.6299991607666,27.604999542236328,27.6299991607666,887,0.0,0.0,ARLP,2m
2026-03-10 10:18:00-04:00,27.6299991607666,27.635000228881836,27.604999542236328,27.635000228881836,2657,0.0,0.0,ARLP,2m
2026-03-10 10:20:00-04:00,27.63479995727539,27.649999618530273,27.6200008392334,27.649999618530273,832,0.0,0.0,ARLP,2m
2026-03-10 10:22:00-04:00,27.6299991607666,27.649999618530273,27.6299991607666,27.649999618530273,3112,0.0,0.0,ARLP,2m
2026-03-10 10:24:00-04:00,27.690000534057617,27.690000534057617,27.68899917602539,27.68899917602539,625,0.0,0.0,ARLP,2m
2026-03-10 10:26:00-04:00,27.670000076293945,27.68000030517578,27.6200008392334,27.68000030517578,3906,0.0,0.0,ARLP,2m
2026-03-10 10:28:00-04:00,27.65999984741211,27.686500549316406,27.65999984741211,27.686500549316406,475,0.0,0.0,ARLP,2m
2026-03-10 10:32:00-04:00,27.670000076293945,27.68000030517578,27.670000076293945,27.68000030517578,3455,0.0,0.0,ARLP,2m
2026-03-10 10:34:00-04:00,27.68000030517578,27.68000030517578,27.549999237060547,27.549999237060547,16280,0.0,0.0,ARLP,2m
2026-03-10 10:36:00-04:00,27.545000076293945,27.549999237060547,27.545000076293945,27.549999237060547,514,0.0,0.0,ARLP,2m
2026-03-10 10:38:00-04:00,27.614999771118164,27.614999771118164,27.614999771118164,27.614999771118164,768,0.0,0.0,ARLP,2m
2026-03-10 10:42:00-04:00,27.600000381469727,27.600000381469727,27.600000381469727,27.600000381469727,2010,0.0,0.0,ARLP,2m
2026-03-10 10:44:00-04:00,27.594999313354492,27.610000610351562,27.560300827026367,27.610000610351562,3684,0.0,0.0,ARLP,2m
2026-03-10 10:46:00-04:00,27.61090087890625,27.6299991607666,27.594999313354492,27.6200008392334,1906,0.0,0.0,ARLP,2m
2026-03-10 10:48:00-04:00,27.594999313354492,27.6299991607666,27.594999313354492,27.6299991607666,727,0.0,0.0,ARLP,2m
2026-03-10 10:50:00-04:00,27.6299991607666,27.6299991607666,27.600000381469727,27.600000381469727,2427,0.0,0.0,ARLP,2m
2026-03-10 10:52:00-04:00,27.6200008392334,27.6299991607666,27.6200008392334,27.6299991607666,210,0.0,0.0,ARLP,2m
2026-03-10 10:54:00-04:00,27.6299991607666,27.6299991607666,27.603300094604492,27.6200008392334,858,0.0,0.0,ARLP,2m
2026-03-10 10:56:00-04:00,27.605300903320312,27.6299991607666,27.600000381469727,27.600000381469727,1570,0.0,0.0,ARLP,2m
2026-03-10 10:58:00-04:00,27.6299991607666,27.6299991607666,27.600000381469727,27.61989974975586,452,0.0,0.0,ARLP,2m
2026-03-10 11:00:00-04:00,27.579999923706055,27.579999923706055,27.56999969482422,27.56999969482422,4674,0.0,0.0,ARLP,2m
2026-03-10 11:02:00-04:00,27.46739959716797,27.46739959716797,27.46739959716797,27.46739959716797,117,0.0,0.0,ARLP,2m
2026-03-10 11:04:00-04:00,27.545400619506836,27.545400619506836,27.530000686645508,27.530000686645508,1331,0.0,0.0,ARLP,2m
2026-03-10 11:06:00-04:00,27.530000686645508,27.530000686645508,27.530000686645508,27.530000686645508,2649,0.0,0.0,ARLP,2m
2026-03-10 11:08:00-04:00,27.510000228881836,27.510000228881836,27.510000228881836,27.510000228881836,1531,0.0,0.0,ARLP,2m
2026-03-10 11:10:00-04:00,27.579999923706055,27.59869956970215,27.579999923706055,27.59869956970215,400,0.0,0.0,ARLP,2m
2026-03-10 11:12:00-04:00,27.579999923706055,27.610000610351562,27.579999923706055,27.610000610351562,1072,0.0,0.0,ARLP,2m
2026-03-10 11:14:00-04:00,27.6200008392334,27.6200008392334,27.6200008392334,27.6200008392334,500,0.0,0.0,ARLP,2m
2026-03-10 11:16:00-04:00,27.56999969482422,27.610000610351562,27.56999969482422,27.610000610351562,500,0.0,0.0,ARLP,2m
2026-03-10 11:18:00-04:00,27.598100662231445,27.600000381469727,27.598100662231445,27.598100662231445,958,0.0,0.0,ARLP,2m
2026-03-10 11:20:00-04:00,27.610000610351562,27.639999389648438,27.610000610351562,27.639999389648438,1026,0.0,0.0,ARLP,2m
2026-03-10 11:22:00-04:00,27.639999389648438,27.639999389648438,27.614999771118164,27.639999389648438,496,0.0,0.0,ARLP,2m
2026-03-10 11:24:00-04:00,27.639999389648438,27.639999389648438,27.61750030517578,27.61750030517578,451,0.0,0.0,ARLP,2m
2026-03-10 11:26:00-04:00,27.605600357055664,27.6200008392334,27.56999969482422,27.579999923706055,9509,0.0,0.0,ARLP,2m
2026-03-10 11:28:00-04:00,27.599899291992188,27.599899291992188,27.599899291992188,27.599899291992188,264,0.0,0.0,ARLP,2m
2026-03-10 11:36:00-04:00,27.600000381469727,27.600000381469727,27.59000015258789,27.59000015258789,1219,0.0,0.0,ARLP,2m
2026-03-10 11:38:00-04:00,27.59000015258789,27.59000015258789,27.59000015258789,27.59000015258789,250,0.0,0.0,ARLP,2m
2026-03-10 11:40:00-04:00,27.59000015258789,27.59000015258789,27.59000015258789,27.59000015258789,1288,0.0,0.0,ARLP,2m
2026-03-10 11:42:00-04:00,27.600000381469727,27.6200008392334,27.579999923706055,27.600000381469727,2160,0.0,0.0,ARLP,2m
2026-03-10 11:44:00-04:00,27.610000610351562,27.6200008392334,27.595600128173828,27.595600128173828,600,0.0,0.0,ARLP,2m
2026-03-10 11:46:00-04:00,27.6200008392334,27.6200008392334,27.59000015258789,27.59000015258789,2710,0.0,0.0,ARLP,2m
2026-03-10 11:48:00-04:00,27.600099563598633,27.6299991607666,27.600099563598633,27.6299991607666,894,0.0,0.0,ARLP,2m
2026-03-10 11:50:00-04:00,27.625,27.625,27.625,27.625,1973,0.0,0.0,ARLP,2m
2026-03-10 11:56:00-04:00,27.6200008392334,27.6200008392334,27.6200008392334,27.6200008392334,1158,0.0,0.0,ARLP,2m
2026-03-10 11:58:00-04:00,27.670000076293945,27.690000534057617,27.670000076293945,27.690000534057617,901,0.0,0.0,ARLP,2m
2026-03-10 12:00:00-04:00,27.68000030517578,27.700000762939453,27.68000030517578,27.68000030517578,2887,0.0,0.0,ARLP,2m
2026-03-10 12:02:00-04:00,27.68000030517578,27.68000030517578,27.674999237060547,27.674999237060547,1078,0.0,0.0,ARLP,2m
2026-03-10 12:08:00-04:00,27.690000534057617,27.700000762939453,27.690000534057617,27.700000762939453,518,0.0,0.0,ARLP,2m
2026-03-10 12:10:00-04:00,27.709999084472656,27.739999771118164,27.709999084472656,27.739999771118164,3399,0.0,0.0,ARLP,2m
2026-03-10 12:12:00-04:00,27.735000610351562,27.735000610351562,27.719999313354492,27.719999313354492,2430,0.0,0.0,ARLP,2m
2026-03-10 12:14:00-04:00,27.700000762939453,27.700000762939453,27.700000762939453,27.700000762939453,524,0.0,0.0,ARLP,2m
2026-03-10 12:18:00-04:00,27.729999542236328,27.75,27.729999542236328,27.75,1569,0.0,0.0,ARLP,2m
2026-03-10 12:20:00-04:00,27.760000228881836,27.780000686645508,27.760000228881836,27.764999389648438,1620,0.0,0.0,ARLP,2m
2026-03-10 12:22:00-04:00,27.764999389648438,27.764999389648438,27.740100860595703,27.740100860595703,953,0.0,0.0,ARLP,2m
2026-03-10 12:24:00-04:00,27.760000228881836,27.780000686645508,27.752199172973633,27.752199172973633,1796,0.0,0.0,ARLP,2m
2026-03-10 12:26:00-04:00,27.7549991607666,27.7549991607666,27.7549991607666,27.7549991607666,1560,0.0,0.0,ARLP,2m
2026-03-10 12:30:00-04:00,27.760000228881836,27.760000228881836,27.739999771118164,27.739999771118164,4039,0.0,0.0,ARLP,2m
2026-03-10 12:36:00-04:00,27.75,27.75,27.75,27.75,743,0.0,0.0,ARLP,2m
2026-03-10 12:38:00-04:00,27.760000228881836,27.790000915527344,27.760000228881836,27.790000915527344,3103,0.0,0.0,ARLP,2m
2026-03-10 12:40:00-04:00,27.780000686645508,27.799999237060547,27.780000686645508,27.790000915527344,5320,0.0,0.0,ARLP,2m
2026-03-10 12:42:00-04:00,27.799999237060547,27.799999237060547,27.799999237060547,27.799999237060547,455,0.0,0.0,ARLP,2m
2026-03-10 12:44:00-04:00,27.799999237060547,27.799999237060547,27.790000915527344,27.799999237060547,2292,0.0,0.0,ARLP,2m
2026-03-10 12:46:00-04:00,27.780000686645508,27.799999237060547,27.780000686645508,27.799999237060547,1436,0.0,0.0,ARLP,2m
2026-03-10 12:48:00-04:00,27.799999237060547,27.81999969482422,27.799999237060547,27.81999969482422,911,0.0,0.0,ARLP,2m
2026-03-10 12:50:00-04:00,27.81999969482422,27.829999923706055,27.780000686645508,27.787500381469727,2865,0.0,0.0,ARLP,2m
2026-03-10 12:54:00-04:00,27.825000762939453,27.825000762939453,27.7549991607666,27.760000228881836,839,0.0,0.0,ARLP,2m
2026-03-10 13:00:00-04:00,27.770000457763672,27.770000457763672,27.770000457763672,27.770000457763672,135,0.0,0.0,ARLP,2m
2026-03-10 13:02:00-04:00,27.778200149536133,27.780000686645508,27.72010040283203,27.770000457763672,502,0.0,0.0,ARLP,2m
2026-03-10 13:04:00-04:00,27.780000686645508,27.780000686645508,27.75,27.75,845,0.0,0.0,ARLP,2m
2026-03-10 13:06:00-04:00,27.770000457763672,27.770000457763672,27.770000457763672,27.770000457763672,200,0.0,0.0,ARLP,2m
2026-03-10 13:08:00-04:00,27.780000686645508,27.780000686645508,27.75,27.75,1347,0.0,0.0,ARLP,2m
2026-03-10 13:10:00-04:00,27.75,27.75,27.75,27.75,5066,0.0,0.0,ARLP,2m
2026-03-10 13:12:00-04:00,27.75,27.75,27.729999542236328,27.738800048828125,331,0.0,0.0,ARLP,2m
2026-03-10 13:14:00-04:00,27.75,27.75,27.700000762939453,27.700000762939453,2767,0.0,0.0,ARLP,2m
2026-03-10 13:18:00-04:00,27.65999984741211,27.65999984741211,27.625,27.625,23441,0.0,0.0,ARLP,2m
2026-03-10 13:20:00-04:00,27.6299991607666,27.6299991607666,27.6156005859375,27.6156005859375,1920,0.0,0.0,ARLP,2m
2026-03-10 13:22:00-04:00,27.6299991607666,27.6299991607666,27.6299991607666,27.6299991607666,158,0.0,0.0,ARLP,2m
2026-03-10 13:24:00-04:00,27.649999618530273,27.649999618530273,27.649999618530273,27.649999618530273,302,0.0,0.0,ARLP,2m
2026-03-10 13:28:00-04:00,27.649999618530273,27.649999618530273,27.649999618530273,27.649999618530273,361,0.0,0.0,ARLP,2m
2026-03-10 13:30:00-04:00,27.649999618530273,27.690000534057617,27.649999618530273,27.690000534057617,1325,0.0,0.0,ARLP,2m
2026-03-10 13:32:00-04:00,27.670000076293945,27.690000534057617,27.665000915527344,27.68000030517578,3104,0.0,0.0,ARLP,2m
2026-03-10 13:34:00-04:00,27.665000915527344,27.670000076293945,27.649999618530273,27.655000686645508,6523,0.0,0.0,ARLP,2m
2026-03-10 13:36:00-04:00,27.649999618530273,27.649999618530273,27.649999618530273,27.649999618530273,431,0.0,0.0,ARLP,2m
2026-03-10 13:38:00-04:00,27.645000457763672,27.659900665283203,27.645000457763672,27.659900665283203,1249,0.0,0.0,ARLP,2m
2026-03-10 13:40:00-04:00,27.6299991607666,27.6299991607666,27.6299991607666,27.6299991607666,914,0.0,0.0,ARLP,2m
2026-03-10 13:42:00-04:00,27.6200008392334,27.6200008392334,27.579999923706055,27.600000381469727,3195,0.0,0.0,ARLP,2m
2026-03-10 13:46:00-04:00,27.575000762939453,27.575000762939453,27.565099716186523,27.565099716186523,1367,0.0,0.0,ARLP,2m
2026-03-10 13:50:00-04:00,27.65999984741211,27.65999984741211,27.65999984741211,27.65999984741211,2696,0.0,0.0,ARLP,2m
2026-03-10 14:02:00-04:00,27.59000015258789,27.59000015258789,27.59000015258789,27.59000015258789,758,0.0,0.0,ARLP,2m
2026-03-10 14:04:00-04:00,27.59000015258789,27.59000015258789,27.56999969482422,27.59000015258789,4859,0.0,0.0,ARLP,2m
2026-03-10 14:06:00-04:00,27.600000381469727,27.600000381469727,27.59000015258789,27.600000381469727,1315,0.0,0.0,ARLP,2m
2026-03-10 14:08:00-04:00,27.600000381469727,27.600000381469727,27.530000686645508,27.530000686645508,3422,0.0,0.0,ARLP,2m
2026-03-10 14:10:00-04:00,27.559999465942383,27.61989974975586,27.559999465942383,27.61989974975586,1108,0.0,0.0,ARLP,2m
2026-03-10 14:14:00-04:00,27.629899978637695,27.629899978637695,27.629899978637695,27.629899978637695,332,0.0,0.0,ARLP,2m
2026-03-10 14:16:00-04:00,27.584999084472656,27.584999084472656,27.584999084472656,27.584999084472656,199,0.0,0.0,ARLP,2m
2026-03-10 14:18:00-04:00,27.6200008392334,27.6200008392334,27.6200008392334,27.6200008392334,109,0.0,0.0,ARLP,2m
2026-03-10 14:20:00-04:00,27.600000381469727,27.610000610351562,27.584999084472656,27.610000610351562,450,0.0,0.0,ARLP,2m
2026-03-10 14:24:00-04:00,27.549999237060547,27.565000534057617,27.549999237060547,27.565000534057617,1293,0.0,0.0,ARLP,2m
2026-03-10 14:26:00-04:00,27.610000610351562,27.610000610351562,27.56999969482422,27.56999969482422,521,0.0,0.0,ARLP,2m
2026-03-10 14:28:00-04:00,27.610000610351562,27.610000610351562,27.610000610351562,27.610000610351562,324,0.0,0.0,ARLP,2m
2026-03-10 14:30:00-04:00,27.530099868774414,27.610000610351562,27.530099868774414,27.610000610351562,971,0.0,0.0,ARLP,2m
2026-03-10 14:32:00-04:00,27.610000610351562,27.610000610351562,27.610000610351562,27.610000610351562,300,0.0,0.0,ARLP,2m
2026-03-10 14:34:00-04:00,27.600000381469727,27.6200008392334,27.59000015258789,27.601999282836914,2177,0.0,0.0,ARLP,2m
2026-03-10 14:36:00-04:00,27.6200008392334,27.6200008392334,27.6200008392334,27.6200008392334,965,0.0,0.0,ARLP,2m
2026-03-10 14:38:00-04:00,27.649999618530273,27.649999618530273,27.6299991607666,27.6299991607666,1757,0.0,0.0,ARLP,2m
2026-03-10 14:42:00-04:00,27.610000610351562,27.610000610351562,27.610000610351562,27.610000610351562,602,0.0,0.0,ARLP,2m
2026-03-10 14:44:00-04:00,27.600000381469727,27.600000381469727,27.600000381469727,27.600000381469727,300,0.0,0.0,ARLP,2m
2026-03-10 14:46:00-04:00,27.600000381469727,27.600000381469727,27.600000381469727,27.600000381469727,2108,0.0,0.0,ARLP,2m
2026-03-10 14:50:00-04:00,27.6200008392334,27.6200008392334,27.61590003967285,27.61590003967285,883,0.0,0.0,ARLP,2m
2026-03-10 14:52:00-04:00,27.6200008392334,27.6200008392334,27.6200008392334,27.6200008392334,100,0.0,0.0,ARLP,2m
2026-03-10 14:54:00-04:00,27.604999542236328,27.604999542236328,27.59000015258789,27.600000381469727,1940,0.0,0.0,ARLP,2m
2026-03-10 14:56:00-04:00,27.59000015258789,27.59000015258789,27.59000015258789,27.59000015258789,202,0.0,0.0,ARLP,2m
2026-03-10 14:58:00-04:00,27.600000381469727,27.600000381469727,27.600000381469727,27.600000381469727,65,0.0,0.0,ARLP,2m
2026-03-10 15:00:00-04:00,27.59000015258789,27.59000015258789,27.59000015258789,27.59000015258789,436,0.0,0.0,ARLP,2m
2026-03-10 15:02:00-04:00,27.6200008392334,27.6200008392334,27.6200008392334,27.6200008392334,300,0.0,0.0,ARLP,2m
2026-03-10 15:04:00-04:00,27.6200008392334,27.6200008392334,27.604999542236328,27.6200008392334,695,0.0,0.0,ARLP,2m
2026-03-10 15:06:00-04:00,27.6200008392334,27.6200008392334,27.6200008392334,27.6200008392334,400,0.0,0.0,ARLP,2m
2026-03-10 15:08:00-04:00,27.610000610351562,27.6200008392334,27.610000610351562,27.6200008392334,2441,0.0,0.0,ARLP,2m
2026-03-10 15:12:00-04:00,27.59000015258789,27.590099334716797,27.549999237060547,27.549999237060547,4609,0.0,0.0,ARLP,2m
2026-03-10 15:14:00-04:00,27.565000534057617,27.565000534057617,27.565000534057617,27.565000534057617,551,0.0,0.0,ARLP,2m
2026-03-10 15:18:00-04:00,27.55500030517578,27.55500030517578,27.530000686645508,27.530000686645508,1039,0.0,0.0,ARLP,2m
2026-03-10 15:20:00-04:00,27.579999923706055,27.579999923706055,27.579999923706055,27.579999923706055,303,0.0,0.0,ARLP,2m
2026-03-10 15:22:00-04:00,27.565000534057617,27.565000534057617,27.565000534057617,27.565000534057617,157,0.0,0.0,ARLP,2m
2026-03-10 15:24:00-04:00,27.56999969482422,27.56999969482422,27.549999237060547,27.549999237060547,2483,0.0,0.0,ARLP,2m
2026-03-10 15:26:00-04:00,27.530000686645508,27.530000686645508,27.440000534057617,27.440000534057617,2894,0.0,0.0,ARLP,2m
2026-03-10 15:28:00-04:00,27.440000534057617,27.450000762939453,27.434999465942383,27.450000762939453,777,0.0,0.0,ARLP,2m
2026-03-10 15:30:00-04:00,27.43000030517578,27.450000762939453,27.43000030517578,27.450000762939453,1023,0.0,0.0,ARLP,2m
2026-03-10 15:34:00-04:00,27.459999084472656,27.459999084472656,27.450000762939453,27.450000762939453,1499,0.0,0.0,ARLP,2m
2026-03-10 15:36:00-04:00,27.434999465942383,27.450000762939453,27.434999465942383,27.44499969482422,2258,0.0,0.0,ARLP,2m
2026-03-10 15:38:00-04:00,27.440000534057617,27.469999313354492,27.440000534057617,27.469999313354492,6299,0.0,0.0,ARLP,2m
2026-03-10 15:44:00-04:00,27.450000762939453,27.450000762939453,27.413999557495117,27.413999557495117,634,0.0,0.0,ARLP,2m
2026-03-10 15:46:00-04:00,27.415000915527344,27.415000915527344,27.389999389648438,27.389999389648438,1538,0.0,0.0,ARLP,2m
2026-03-10 15:48:00-04:00,27.389999389648438,27.40999984741211,27.389999389648438,27.399999618530273,2555,0.0,0.0,ARLP,2m
2026-03-10 15:50:00-04:00,27.399999618530273,27.420000076293945,27.390100479125977,27.402999877929688,2144,0.0,0.0,ARLP,2m
2026-03-10 15:52:00-04:00,27.400100708007812,27.40019989013672,27.397199630737305,27.397199630737305,2268,0.0,0.0,ARLP,2m
2026-03-10 15:54:00-04:00,27.390100479125977,27.420000076293945,27.390100479125977,27.40760040283203,8997,0.0,0.0,ARLP,2m
2026-03-10 15:56:00-04:00,27.399999618530273,27.399999618530273,27.350099563598633,27.350099563598633,8670,0.0,0.0,ARLP,2m
2026-03-10 15:58:00-04:00,27.360000610351562,27.40999984741211,27.350000381469727,27.405000686645508,10360,0.0,0.0,ARLP,2m
2026-03-11 09:30:00-04:00,27.520000457763672,27.520000457763672,27.520000457763672,27.520000457763672,2595,0.0,0.0,ARLP,2m
2026-03-11 09:34:00-04:00,27.160400390625,27.160400390625,27.160400390625,27.160400390625,153,0.0,0.0,ARLP,2m
2026-03-11 09:36:00-04:00,27.329999923706055,27.329999923706055,27.329999923706055,27.329999923706055,274,0.0,0.0,ARLP,2m
2026-03-11 09:38:00-04:00,27.510000228881836,27.510000228881836,27.510000228881836,27.510000228881836,485,0.0,0.0,ARLP,2m
2026-03-11 09:40:00-04:00,27.329999923706055,27.329999923706055,27.329999923706055,27.329999923706055,4262,0.0,0.0,ARLP,2m
2026-03-11 09:44:00-04:00,27.350000381469727,27.354999542236328,27.31920051574707,27.354999542236328,786,0.0,0.0,ARLP,2m
2026-03-11 09:46:00-04:00,27.364999771118164,27.364999771118164,27.364999771118164,27.364999771118164,1809,0.0,0.0,ARLP,2m
2026-03-11 09:54:00-04:00,27.3700008392334,27.3700008392334,27.3700008392334,27.3700008392334,375,0.0,0.0,ARLP,2m
2026-03-11 09:58:00-04:00,27.3700008392334,27.3700008392334,27.3700008392334,27.3700008392334,1103,0.0,0.0,ARLP,2m
2026-03-11 10:06:00-04:00,27.405000686645508,27.405000686645508,27.405000686645508,27.405000686645508,240,0.0,0.0,ARLP,2m
2026-03-11 10:14:00-04:00,27.405000686645508,27.405000686645508,27.345500946044922,27.345500946044922,4394,0.0,0.0,ARLP,2m
2026-03-11 10:18:00-04:00,27.5049991607666,27.514999389648438,27.5049991607666,27.514999389648438,500,0.0,0.0,ARLP,2m
2026-03-11 10:22:00-04:00,27.549999237060547,27.59000015258789,27.530000686645508,27.530000686645508,8101,0.0,0.0,ARLP,2m
2026-03-11 10:24:00-04:00,27.55500030517578,27.55500030517578,27.55500030517578,27.55500030517578,200,0.0,0.0,ARLP,2m
2026-03-11 10:30:00-04:00,27.55500030517578,27.55500030517578,27.55500030517578,27.55500030517578,438,0.0,0.0,ARLP,2m
2026-03-11 10:32:00-04:00,27.575000762939453,27.575000762939453,27.575000762939453,27.575000762939453,2156,0.0,0.0,ARLP,2m
2026-03-11 10:36:00-04:00,27.604999542236328,27.670000076293945,27.600000381469727,27.645000457763672,1988,0.0,0.0,ARLP,2m
2026-03-11 10:38:00-04:00,27.6299991607666,27.6299991607666,27.6299991607666,27.6299991607666,1678,0.0,0.0,ARLP,2m
2026-03-11 10:42:00-04:00,27.594999313354492,27.594999313354492,27.594999313354492,27.594999313354492,101,0.0,0.0,ARLP,2m
2026-03-11 10:44:00-04:00,27.530000686645508,27.594999313354492,27.530000686645508,27.530000686645508,833,0.0,0.0,ARLP,2m
2026-03-11 10:46:00-04:00,27.530000686645508,27.700000762939453,27.530000686645508,27.669599533081055,21022,0.0,0.0,ARLP,2m
2026-03-11 10:48:00-04:00,27.68000030517578,27.68000030517578,27.68000030517578,27.68000030517578,1134,0.0,0.0,ARLP,2m
2026-03-11 10:50:00-04:00,27.709999084472656,27.709999084472656,27.70989990234375,27.70989990234375,2026,0.0,0.0,ARLP,2m
2026-03-11 10:52:00-04:00,27.690000534057617,27.690000534057617,27.68000030517578,27.68000030517578,816,0.0,0.0,ARLP,2m
2026-03-11 10:54:00-04:00,27.649999618530273,27.678800582885742,27.649999618530273,27.678800582885742,4204,0.0,0.0,ARLP,2m
2026-03-11 10:56:00-04:00,27.65999984741211,27.668699264526367,27.65999984741211,27.65999984741211,4134,0.0,0.0,ARLP,2m
2026-03-11 10:58:00-04:00,27.66699981689453,27.670000076293945,27.66699981689453,27.670000076293945,2121,0.0,0.0,ARLP,2m
2026-03-11 11:04:00-04:00,27.645000457763672,27.645000457763672,27.635000228881836,27.635000228881836,754,0.0,0.0,ARLP,2m
2026-03-11 11:06:00-04:00,27.649999618530273,27.649999618530273,27.649999618530273,27.649999618530273,184,0.0,0.0,ARLP,2m
2026-03-11 11:08:00-04:00,27.635000228881836,27.679000854492188,27.635000228881836,27.679000854492188,926,0.0,0.0,ARLP,2m
2026-03-11 11:10:00-04:00,27.639999389648438,27.639999389648438,27.639999389648438,27.639999389648438,21,0.0,0.0,ARLP,2m
2026-03-11 11:12:00-04:00,27.65999984741211,27.65999984741211,27.65999984741211,27.65999984741211,200,0.0,0.0,ARLP,2m
2026-03-11 11:14:00-04:00,27.579999923706055,27.579999923706055,27.575000762939453,27.575000762939453,525,0.0,0.0,ARLP,2m
2026-03-11 11:16:00-04:00,27.61989974975586,27.61989974975586,27.61989974975586,27.61989974975586,201,0.0,0.0,ARLP,2m
2026-03-11 11:18:00-04:00,27.610000610351562,27.610000610351562,27.610000610351562,27.610000610351562,467,0.0,0.0,ARLP,2m
2026-03-11 11:20:00-04:00,27.610000610351562,27.610000610351562,27.610000610351562,27.610000610351562,1344,0.0,0.0,ARLP,2m
2026-03-11 11:24:00-04:00,27.56879997253418,27.56879997253418,27.540000915527344,27.540000915527344,686,0.0,0.0,ARLP,2m
2026-03-11 11:28:00-04:00,27.619800567626953,27.619800567626953,27.619800567626953,27.619800567626953,373,0.0,0.0,ARLP,2m
2026-03-11 11:30:00-04:00,27.610000610351562,27.610000610351562,27.610000610351562,27.610000610351562,225,0.0,0.0,ARLP,2m
2026-03-11 11:32:00-04:00,27.6200008392334,27.6200008392334,27.6200008392334,27.6200008392334,220,0.0,0.0,ARLP,2m
2026-03-11 11:34:00-04:00,27.610000610351562,27.610000610351562,27.600000381469727,27.610000610351562,2093,0.0,0.0,ARLP,2m
2026-03-11 11:36:00-04:00,27.575000762939453,27.575000762939453,27.55739974975586,27.55739974975586,1365,0.0,0.0,ARLP,2m
2026-03-11 11:38:00-04:00,27.55500030517578,27.55500030517578,27.55500030517578,27.55500030517578,106,0.0,0.0,ARLP,2m
2026-03-11 11:42:00-04:00,27.56999969482422,27.56999969482422,27.56999969482422,27.56999969482422,105,0.0,0.0,ARLP,2m
2026-03-11 11:44:00-04:00,27.56999969482422,27.56999969482422,27.56999969482422,27.56999969482422,105,0.0,0.0,ARLP,2m
2026-03-11 11:46:00-04:00,27.559999465942383,27.559999465942383,27.559999465942383,27.559999465942383,446,0.0,0.0,ARLP,2m
2026-03-11 11:52:00-04:00,27.559999465942383,27.559999465942383,27.559999465942383,27.559999465942383,6246,0.0,0.0,ARLP,2m
2026-03-11 11:56:00-04:00,27.56999969482422,27.56999969482422,27.56999969482422,27.56999969482422,2113,0.0,0.0,ARLP,2m
2026-03-11 12:00:00-04:00,27.549999237060547,27.55500030517578,27.549999237060547,27.55500030517578,1581,0.0,0.0,ARLP,2m
2026-03-11 12:04:00-04:00,27.530000686645508,27.530000686645508,27.530000686645508,27.530000686645508,627,0.0,0.0,ARLP,2m
2026-03-11 12:06:00-04:00,27.530000686645508,27.530000686645508,27.530000686645508,27.530000686645508,1706,0.0,0.0,ARLP,2m
2026-03-11 12:14:00-04:00,27.6200008392334,27.709999084472656,27.6200008392334,27.690000534057617,3664,0.0,0.0,ARLP,2m
2026-03-11 12:16:00-04:00,27.65999984741211,27.71500015258789,27.649999618530273,27.71500015258789,2569,0.0,0.0,ARLP,2m
2026-03-11 12:18:00-04:00,27.65999984741211,27.670000076293945,27.65999984741211,27.670000076293945,2351,0.0,0.0,ARLP,2m
2026-03-11 12:22:00-04:00,27.719999313354492,27.719999313354492,27.719999313354492,27.719999313354492,343,0.0,0.0,ARLP,2m
2026-03-11 12:24:00-04:00,27.725000381469727,27.725000381469727,27.725000381469727,27.725000381469727,522,0.0,0.0,ARLP,2m
2026-03-11 12:30:00-04:00,27.725000381469727,27.784900665283203,27.725000381469727,27.75,2295,0.0,0.0,ARLP,2m
2026-03-11 12:32:00-04:00,27.75,27.75,27.739999771118164,27.75,1099,0.0,0.0,ARLP,2m
2026-03-11 12:34:00-04:00,27.760000228881836,27.770000457763672,27.760000228881836,27.760000228881836,1318,0.0,0.0,ARLP,2m
2026-03-11 12:36:00-04:00,27.760000228881836,27.760000228881836,27.760000228881836,27.760000228881836,906,0.0,0.0,ARLP,2m
2026-03-11 12:38:00-04:00,27.7549991607666,27.7549991607666,27.7549991607666,27.7549991607666,125,0.0,0.0,ARLP,2m
2026-03-11 12:40:00-04:00,27.75279998779297,27.75279998779297,27.75279998779297,27.75279998779297,150,0.0,0.0,ARLP,2m
2026-03-11 12:42:00-04:00,27.75830078125,27.75830078125,27.742000579833984,27.742000579833984,642,0.0,0.0,ARLP,2m
2026-03-11 12:44:00-04:00,27.739999771118164,27.739999771118164,27.739999771118164,27.739999771118164,766,0.0,0.0,ARLP,2m
2026-03-11 12:46:00-04:00,27.729999542236328,27.729999542236328,27.729999542236328,27.729999542236328,211,0.0,0.0,ARLP,2m
2026-03-11 12:48:00-04:00,27.709999084472656,27.709999084472656,27.549999237060547,27.549999237060547,4682,0.0,0.0,ARLP,2m
2026-03-11 12:50:00-04:00,27.540000915527344,27.549999237060547,27.5049991607666,27.5049991607666,6345,0.0,0.0,ARLP,2m
2026-03-11 12:56:00-04:00,27.530000686645508,27.540000915527344,27.510000228881836,27.510000228881836,6292,0.0,0.0,ARLP,2m
2026-03-11 13:00:00-04:00,27.510000228881836,27.526399612426758,27.510000228881836,27.520000457763672,1256,0.0,0.0,ARLP,2m
2026-03-11 13:02:00-04:00,27.500099182128906,27.500099182128906,27.489999771118164,27.489999771118164,2184,0.0,0.0,ARLP,2m
2026-03-11 13:06:00-04:00,27.5,27.5,27.479999542236328,27.489999771118164,4400,0.0,0.0,ARLP,2m
2026-03-11 13:12:00-04:00,27.469999313354492,27.485000610351562,27.469999313354492,27.485000610351562,571,0.0,0.0,ARLP,2m
2026-03-11 13:14:00-04:00,27.469999313354492,27.469999313354492,27.460100173950195,27.460100173950195,2037,0.0,0.0,ARLP,2m
2026-03-11 13:18:00-04:00,27.44499969482422,27.44499969482422,27.44499969482422,27.44499969482422,314,0.0,0.0,ARLP,2m
2026-03-11 13:20:00-04:00,27.46500015258789,27.46500015258789,27.459999084472656,27.459999084472656,637,0.0,0.0,ARLP,2m
2026-03-11 13:26:00-04:00,27.5,27.5,27.5,27.5,1220,0.0,0.0,ARLP,2m
2026-03-11 13:32:00-04:00,27.479999542236328,27.485000610351562,27.479999542236328,27.485000610351562,1270,0.0,0.0,ARLP,2m
2026-03-11 13:38:00-04:00,27.44499969482422,27.44499969482422,27.44499969482422,27.44499969482422,507,0.0,0.0,ARLP,2m
2026-03-11 13:42:00-04:00,27.459999084472656,27.579999923706055,27.459999084472656,27.559999465942383,14009,0.0,0.0,ARLP,2m
2026-03-11 13:44:00-04:00,27.549999237060547,27.549999237060547,27.549999237060547,27.549999237060547,556,0.0,0.0,ARLP,2m
2026-03-11 13:48:00-04:00,27.5,27.5,27.5,27.5,110,0.0,0.0,ARLP,2m
2026-03-11 13:50:00-04:00,27.510000228881836,27.520000457763672,27.5,27.5,2474,0.0,0.0,ARLP,2m
2026-03-11 13:52:00-04:00,27.520000457763672,27.520000457763672,27.520000457763672,27.520000457763672,640,0.0,0.0,ARLP,2m
2026-03-11 13:58:00-04:00,27.5,27.5,27.5,27.5,6898,0.0,0.0,ARLP,2m
2026-03-11 14:10:00-04:00,27.4950008392334,27.4950008392334,27.4950008392334,27.4950008392334,4955,0.0,0.0,ARLP,2m
2026-03-11 14:14:00-04:00,27.489999771118164,27.4950008392334,27.489999771118164,27.4950008392334,1107,0.0,0.0,ARLP,2m
2026-03-11 14:22:00-04:00,27.4950008392334,27.5049991607666,27.4950008392334,27.5049991607666,6541,0.0,0.0,ARLP,2m
2026-03-11 14:24:00-04:00,27.5,27.510000228881836,27.5,27.510000228881836,1960,0.0,0.0,ARLP,2m
2026-03-11 14:28:00-04:00,27.5,27.5,27.489999771118164,27.489999771118164,1818,0.0,0.0,ARLP,2m
2026-03-11 14:32:00-04:00,27.5,27.5,27.4950008392334,27.4950008392334,550,0.0,0.0,ARLP,2m
2026-03-11 14:34:00-04:00,27.4950008392334,27.4950008392334,27.4950008392334,27.4950008392334,1161,0.0,0.0,ARLP,2m
2026-03-11 14:36:00-04:00,27.510000228881836,27.530000686645508,27.5,27.510000228881836,7040,0.0,0.0,ARLP,2m
2026-03-11 14:40:00-04:00,27.514999389648438,27.514999389648438,27.3700008392334,27.459999084472656,45882,0.0,0.0,ARLP,2m
2026-03-11 14:44:00-04:00,27.450000762939453,27.450000762939453,27.270000457763672,27.34000015258789,19877,0.0,0.0,ARLP,2m
2026-03-11 14:48:00-04:00,27.409900665283203,27.440000534057617,27.395000457763672,27.440000534057617,5281,0.0,0.0,ARLP,2m
2026-03-11 14:50:00-04:00,27.3700008392334,27.3700008392334,27.3700008392334,27.3700008392334,1197,0.0,0.0,ARLP,2m
2026-03-11 14:52:00-04:00,27.389999389648438,27.389999389648438,27.389999389648438,27.389999389648438,577,0.0,0.0,ARLP,2m
2026-03-11 14:54:00-04:00,27.389999389648438,27.469999313354492,27.389999389648438,27.469999313354492,1265,0.0,0.0,ARLP,2m
2026-03-11 14:56:00-04:00,27.450000762939453,27.469999313354492,27.450000762939453,27.469999313354492,514,0.0,0.0,ARLP,2m
2026-03-11 14:58:00-04:00,27.454999923706055,27.454999923706055,27.454999923706055,27.454999923706055,718,0.0,0.0,ARLP,2m
2026-03-11 15:04:00-04:00,27.450000762939453,27.479700088500977,27.450000762939453,27.479700088500977,8660,0.0,0.0,ARLP,2m
2026-03-11 15:10:00-04:00,27.468900680541992,27.468900680541992,27.45009994506836,27.45009994506836,1354,0.0,0.0,ARLP,2m
2026-03-11 15:12:00-04:00,27.46500015258789,27.46500015258789,27.46500015258789,27.46500015258789,698,0.0,0.0,ARLP,2m
2026-03-11 15:14:00-04:00,27.46500015258789,27.469999313354492,27.459999084472656,27.459999084472656,2407,0.0,0.0,ARLP,2m
2026-03-11 15:16:00-04:00,27.520000457763672,27.520000457763672,27.510000228881836,27.510000228881836,1952,0.0,0.0,ARLP,2m
2026-03-11 15:18:00-04:00,27.497699737548828,27.510000228881836,27.497699737548828,27.510000228881836,2731,0.0,0.0,ARLP,2m
2026-03-11 15:20:00-04:00,27.510000228881836,27.510000228881836,27.510000228881836,27.510000228881836,359,0.0,0.0,ARLP,2m
2026-03-11 15:22:00-04:00,27.514999389648438,27.514999389648438,27.514999389648438,27.514999389648438,1833,0.0,0.0,ARLP,2m
2026-03-11 15:24:00-04:00,27.514999389648438,27.514999389648438,27.5,27.5,1301,0.0,0.0,ARLP,2m
2026-03-11 15:26:00-04:00,27.514999389648438,27.514999389648438,27.5,27.5049991607666,2435,0.0,0.0,ARLP,2m
2026-03-11 15:28:00-04:00,27.489999771118164,27.489999771118164,27.489999771118164,27.489999771118164,650,0.0,0.0,ARLP,2m
2026-03-11 15:32:00-04:00,27.5,27.5,27.5,27.5,479,0.0,0.0,ARLP,2m
2026-03-11 15:34:00-04:00,27.510000228881836,27.510000228881836,27.5049991607666,27.5049991607666,3351,0.0,0.0,ARLP,2m
2026-03-11 15:36:00-04:00,27.5049991607666,27.5049991607666,27.5,27.5,4637,0.0,0.0,ARLP,2m
2026-03-11 15:38:00-04:00,27.479999542236328,27.49049949645996,27.479999542236328,27.479999542236328,1682,0.0,0.0,ARLP,2m
2026-03-11 15:42:00-04:00,27.505599975585938,27.505599975585938,27.5,27.5,2589,0.0,0.0,ARLP,2m
2026-03-11 15:44:00-04:00,27.510000228881836,27.510000228881836,27.5049991607666,27.5049991607666,23242,0.0,0.0,ARLP,2m
2026-03-11 15:46:00-04:00,27.5,27.5049991607666,27.4950008392334,27.5,4707,0.0,0.0,ARLP,2m
2026-03-11 15:48:00-04:00,27.509899139404297,27.509899139404297,27.509899139404297,27.509899139404297,461,0.0,0.0,ARLP,2m
2026-03-11 15:50:00-04:00,27.5,27.5,27.489999771118164,27.489999771118164,3748,0.0,0.0,ARLP,2m
2026-03-11 15:52:00-04:00,27.489999771118164,27.489999771118164,27.479999542236328,27.479999542236328,1963,0.0,0.0,ARLP,2m
2026-03-11 15:54:00-04:00,27.475000381469727,27.489999771118164,27.475000381469727,27.480100631713867,2988,0.0,0.0,ARLP,2m
2026-03-11 15:56:00-04:00,27.489999771118164,27.5,27.489999771118164,27.5,2470,0.0,0.0,ARLP,2m
2026-03-11 15:58:00-04:00,27.5,27.530000686645508,27.489999771118164,27.530000686645508,19004,0.0,0.0,ARLP,2m
2026-03-12 09:30:00-04:00,27.5,27.68000030517578,27.484100341796875,27.68000030517578,11847,0.0,0.0,ARLP,2m
2026-03-12 09:32:00-04:00,27.639999389648438,27.639999389648438,27.549999237060547,27.549999237060547,831,0.0,0.0,ARLP,2m
2026-03-12 09:34:00-04:00,27.649999618530273,27.670000076293945,27.5,27.5,6016,0.0,0.0,ARLP,2m
2026-03-12 09:36:00-04:00,27.5,27.5,27.5,27.5,1102,0.0,0.0,ARLP,2m
2026-03-12 09:38:00-04:00,27.5,27.5,27.5,27.5,386,0.0,0.0,ARLP,2m
2026-03-12 09:40:00-04:00,27.524999618530273,27.524999618530273,27.3799991607666,27.40999984741211,1718,0.0,0.0,ARLP,2m
2026-03-12 09:42:00-04:00,27.44499969482422,27.44499969482422,27.420000076293945,27.44499969482422,901,0.0,0.0,ARLP,2m
2026-03-12 09:44:00-04:00,27.44499969482422,27.44499969482422,27.44499969482422,27.44499969482422,600,0.0,0.0,ARLP,2m
2026-03-12 09:46:00-04:00,27.44499969482422,27.44499969482422,27.44499969482422,27.44499969482422,1503,0.0,0.0,ARLP,2m
2026-03-12 09:48:00-04:00,27.479999542236328,27.479999542236328,27.479999542236328,27.479999542236328,136,0.0,0.0,ARLP,2m
2026-03-12 09:50:00-04:00,27.360000610351562,27.44499969482422,27.360000610351562,27.44499969482422,1030,0.0,0.0,ARLP,2m
2026-03-12 09:52:00-04:00,27.447500228881836,27.447500228881836,27.447500228881836,27.447500228881836,372,0.0,0.0,ARLP,2m
2026-03-12 09:56:00-04:00,27.44499969482422,27.44499969482422,27.44499969482422,27.44499969482422,1640,0.0,0.0,ARLP,2m
2026-03-12 09:58:00-04:00,27.530000686645508,27.530000686645508,27.530000686645508,27.530000686645508,210,0.0,0.0,ARLP,2m
2026-03-12 10:00:00-04:00,27.44499969482422,27.44499969482422,27.34000015258789,27.360000610351562,4866,0.0,0.0,ARLP,2m
2026-03-12 10:02:00-04:00,27.459999084472656,27.459999084472656,27.459999084472656,27.459999084472656,408,0.0,0.0,ARLP,2m
2026-03-12 10:04:00-04:00,27.399999618530273,27.399999618530273,27.399999618530273,27.399999618530273,925,0.0,0.0,ARLP,2m
2026-03-12 10:06:00-04:00,27.459999084472656,27.459999084472656,27.459999084472656,27.459999084472656,479,0.0,0.0,ARLP,2m
2026-03-12 10:08:00-04:00,27.459999084472656,27.459999084472656,27.459999084472656,27.459999084472656,5579,0.0,0.0,ARLP,2m
2026-03-12 10:10:00-04:00,27.459999084472656,27.459999084472656,27.419200897216797,27.419200897216797,373,0.0,0.0,ARLP,2m
2026-03-12 10:12:00-04:00,27.454999923706055,27.524999618530273,27.454999923706055,27.524999618530273,564,0.0,0.0,ARLP,2m
2026-03-12 10:14:00-04:00,27.524999618530273,27.524999618530273,27.524999618530273,27.524999618530273,613,0.0,0.0,ARLP,2m
2026-03-12 10:16:00-04:00,27.524999618530273,27.524999618530273,27.524999618530273,27.524999618530273,1426,0.0,0.0,ARLP,2m
2026-03-12 10:20:00-04:00,27.524999618530273,27.524999618530273,27.3799991607666,27.3799991607666,809,0.0,0.0,ARLP,2m
2026-03-12 10:22:00-04:00,27.514999389648438,27.514999389648438,27.514999389648438,27.514999389648438,614,0.0,0.0,ARLP,2m
2026-03-12 10:24:00-04:00,27.514999389648438,27.514999389648438,27.514999389648438,27.514999389648438,919,0.0,0.0,ARLP,2m
2026-03-12 10:28:00-04:00,27.514999389648438,27.514999389648438,27.514999389648438,27.514999389648438,181,0.0,0.0,ARLP,2m
2026-03-12 10:30:00-04:00,27.44379997253418,27.514999389648438,27.44379997253418,27.514999389648438,425,0.0,0.0,ARLP,2m
2026-03-12 10:32:00-04:00,27.514999389648438,27.514999389648438,27.514999389648438,27.514999389648438,104,0.0,0.0,ARLP,2m
2026-03-12 10:36:00-04:00,27.514999389648438,27.514999389648438,27.514999389648438,27.514999389648438,128,0.0,0.0,ARLP,2m
2026-03-12 10:38:00-04:00,27.514999389648438,27.514999389648438,27.360000610351562,27.43000030517578,19531,0.0,0.0,ARLP,2m
2026-03-12 10:40:00-04:00,27.427799224853516,27.427799224853516,27.427799224853516,27.427799224853516,833,0.0,0.0,ARLP,2m
2026-03-12 10:44:00-04:00,27.404499053955078,27.404499053955078,27.38640022277832,27.389999389648438,2773,0.0,0.0,ARLP,2m
2026-03-12 10:48:00-04:00,27.34000015258789,27.415000915527344,27.34000015258789,27.415000915527344,2105,0.0,0.0,ARLP,2m
2026-03-12 10:50:00-04:00,27.31999969482422,27.40999984741211,27.31999969482422,27.40999984741211,750,0.0,0.0,ARLP,2m
2026-03-12 10:52:00-04:00,27.31999969482422,27.31999969482422,27.31999969482422,27.31999969482422,580,0.0,0.0,ARLP,2m
2026-03-12 10:54:00-04:00,27.40999984741211,27.40999984741211,27.40999984741211,27.40999984741211,126,0.0,0.0,ARLP,2m
2026-03-12 10:56:00-04:00,27.31999969482422,27.40999984741211,27.31999969482422,27.40999984741211,280,0.0,0.0,ARLP,2m
2026-03-12 11:00:00-04:00,27.362899780273438,27.362899780273438,27.362899780273438,27.362899780273438,211,0.0,0.0,ARLP,2m
2026-03-12 11:02:00-04:00,27.40999984741211,27.43000030517578,27.3799991607666,27.389999389648438,14092,0.0,0.0,ARLP,2m
2026-03-12 11:04:00-04:00,27.5,27.5,27.395000457763672,27.395000457763672,1197,0.0,0.0,ARLP,2m
2026-03-12 11:08:00-04:00,27.514999389648438,27.514999389648438,27.514999389648438,27.514999389648438,200,0.0,0.0,ARLP,2m
2026-03-12 11:10:00-04:00,27.399999618530273,27.514999389648438,27.399999618530273,27.514999389648438,251,0.0,0.0,ARLP,2m
2026-03-12 11:12:00-04:00,27.399999618530273,27.399999618530273,27.399999618530273,27.399999618530273,705,0.0,0.0,ARLP,2m
2026-03-12 11:14:00-04:00,27.514999389648438,27.514999389648438,27.37339973449707,27.37339973449707,349,0.0,0.0,ARLP,2m
2026-03-12 11:16:00-04:00,27.5,27.5,27.5,27.5,109,0.0,0.0,ARLP,2m
2026-03-12 11:18:00-04:00,27.489999771118164,27.5,27.489999771118164,27.5,422,0.0,0.0,ARLP,2m
2026-03-12 11:20:00-04:00,27.42020034790039,27.42020034790039,27.42020034790039,27.42020034790039,192,0.0,0.0,ARLP,2m
2026-03-12 11:22:00-04:00,27.5,27.5,27.5,27.5,301,0.0,0.0,ARLP,2m
2026-03-12 11:24:00-04:00,27.5,27.5,27.440000534057617,27.440000534057617,5539,0.0,0.0,ARLP,2m
2026-03-12 11:26:00-04:00,27.47599983215332,27.510000228881836,27.308399200439453,27.510000228881836,3626,0.0,0.0,ARLP,2m
2026-03-12 11:28:00-04:00,27.510000228881836,27.510000228881836,27.46500015258789,27.46500015258789,519,0.0,0.0,ARLP,2m
2026-03-12 11:30:00-04:00,27.510000228881836,27.510000228881836,27.510000228881836,27.510000228881836,337,0.0,0.0,ARLP,2m
2026-03-12 11:32:00-04:00,27.510000228881836,27.510000228881836,27.480100631713867,27.480100631713867,485,0.0,0.0,ARLP,2m
2026-03-12 11:34:00-04:00,27.510000228881836,27.510000228881836,27.510000228881836,27.510000228881836,414,0.0,0.0,ARLP,2m
2026-03-12 11:38:00-04:00,27.510000228881836,27.510000228881836,27.510000228881836,27.510000228881836,315,0.0,0.0,ARLP,2m
2026-03-12 11:40:00-04:00,27.475000381469727,27.5049991607666,27.475000381469727,27.5049991607666,605,0.0,0.0,ARLP,2m
2026-03-12 11:42:00-04:00,27.510000228881836,27.510000228881836,27.5,27.5,3799,0.0,0.0,ARLP,2m
2026-03-12 11:44:00-04:00,27.475000381469727,27.489999771118164,27.475000381469727,27.489999771118164,513,0.0,0.0,ARLP,2m
2026-03-12 11:46:00-04:00,27.459999084472656,27.459999084472656,27.450000762939453,27.459999084472656,3005,0.0,0.0,ARLP,2m
2026-03-12 11:56:00-04:00,27.440000534057617,27.440000534057617,27.309999465942383,27.43000030517578,28464,0.0,0.0,ARLP,2m
2026-03-12 12:02:00-04:00,27.510000228881836,27.510000228881836,27.5,27.5,523,0.0,0.0,ARLP,2m
2026-03-12 12:06:00-04:00,27.510000228881836,27.510000228881836,27.510000228881836,27.510000228881836,506,0.0,0.0,ARLP,2m
2026-03-12 12:08:00-04:00,27.382099151611328,27.44499969482422,27.382099151611328,27.44499969482422,1104,0.0,0.0,ARLP,2m
2026-03-12 12:10:00-04:00,27.527099609375,27.527099609375,27.527099609375,27.527099609375,832,0.0,0.0,ARLP,2m
2026-03-12 12:14:00-04:00,27.450000762939453,27.450000762939453,27.450000762939453,27.450000762939453,490,0.0,0.0,ARLP,2m
2026-03-12 12:16:00-04:00,27.540000915527344,27.540000915527344,27.540000915527344,27.540000915527344,366,0.0,0.0,ARLP,2m
2026-03-12 12:18:00-04:00,27.520000457763672,27.520000457763672,27.520000457763672,27.520000457763672,223,0.0,0.0,ARLP,2m
2026-03-12 12:20:00-04:00,27.450000762939453,27.450000762939453,27.450000762939453,27.450000762939453,521,0.0,0.0,ARLP,2m
2026-03-12 12:22:00-04:00,27.520000457763672,27.520000457763672,27.520000457763672,27.520000457763672,311,0.0,0.0,ARLP,2m
2026-03-12 12:26:00-04:00,27.46500015258789,27.46500015258789,27.46500015258789,27.46500015258789,664,0.0,0.0,ARLP,2m
2026-03-12 12:30:00-04:00,27.510000228881836,27.510000228881836,27.510000228881836,27.510000228881836,1066,0.0,0.0,ARLP,2m
2026-03-12 12:32:00-04:00,27.469999313354492,27.469999313354492,27.469999313354492,27.469999313354492,415,0.0,0.0,ARLP,2m
2026-03-12 12:36:00-04:00,27.399999618530273,27.399999618530273,27.399999618530273,27.399999618530273,111,0.0,0.0,ARLP,2m
2026-03-12 12:38:00-04:00,27.447799682617188,27.469999313354492,27.447799682617188,27.469999313354492,2206,0.0,0.0,ARLP,2m
2026-03-12 12:40:00-04:00,27.469999313354492,27.520000457763672,27.469999313354492,27.520000457763672,500,0.0,0.0,ARLP,2m
2026-03-12 12:42:00-04:00,27.524999618530273,27.524999618530273,27.524999618530273,27.524999618530273,200,0.0,0.0,ARLP,2m
2026-03-12 12:44:00-04:00,27.46500015258789,27.46500015258789,27.46500015258789,27.46500015258789,571,0.0,0.0,ARLP,2m
2026-03-12 12:50:00-04:00,27.520000457763672,27.520000457763672,27.520000457763672,27.520000457763672,551,0.0,0.0,ARLP,2m
2026-03-12 12:58:00-04:00,27.44499969482422,27.479999542236328,27.44499969482422,27.479999542236328,1466,0.0,0.0,ARLP,2m
2026-03-12 13:04:00-04:00,27.479999542236328,27.489999771118164,27.434999465942383,27.434999465942383,1313,0.0,0.0,ARLP,2m
2026-03-12 13:08:00-04:00,27.479999542236328,27.489999771118164,27.479999542236328,27.479999542236328,1002,0.0,0.0,ARLP,2m
2026-03-12 13:10:00-04:00,27.489999771118164,27.489999771118164,27.459999084472656,27.459999084472656,510,0.0,0.0,ARLP,2m
2026-03-12 13:12:00-04:00,27.489999771118164,27.489999771118164,27.459999084472656,27.459999084472656,3262,0.0,0.0,ARLP,2m
2026-03-12 13:18:00-04:00,27.454999923706055,27.454999923706055,27.454999923706055,27.454999923706055,200,0.0,0.0,ARLP,2m
2026-03-12 13:20:00-04:00,27.479999542236328,27.479999542236328,27.469999313354492,27.479999542236328,1000,0.0,0.0,ARLP,2m
2026-03-12 13:22:00-04:00,27.489999771118164,27.489999771118164,27.489999771118164,27.489999771118164,614,0.0,0.0,ARLP,2m
2026-03-12 13:26:00-04:00,27.454999923706055,27.454999923706055,27.454999923706055,27.454999923706055,201,0.0,0.0,ARLP,2m
2026-03-12 13:28:00-04:00,27.43000030517578,27.44379997253418,27.43000030517578,27.44379997253418,2827,0.0,0.0,ARLP,2m
2026-03-12 13:30:00-04:00,27.454999923706055,27.454999923706055,27.454999923706055,27.454999923706055,200,0.0,0.0,ARLP,2m
2026-03-12 13:32:00-04:00,27.454999923706055,27.480600357055664,27.420000076293945,27.479999542236328,1030,0.0,0.0,ARLP,2m
2026-03-12 13:34:00-04:00,27.489900588989258,27.489900588989258,27.489900588989258,27.489900588989258,200,0.0,0.0,ARLP,2m
2026-03-12 13:36:00-04:00,27.489999771118164,27.489999771118164,27.489999771118164,27.489999771118164,308,0.0,0.0,ARLP,2m
2026-03-12 13:38:00-04:00,27.489999771118164,27.489999771118164,27.489999771118164,27.489999771118164,2045,0.0,0.0,ARLP,2m
2026-03-12 13:40:00-04:00,27.5,27.5,27.5,27.5,0,0.0,0.0,ARLP,2m
2026-03-12 13:42:00-04:00,27.459999084472656,27.459999084472656,27.459999084472656,27.459999084472656,184,0.0,0.0,ARLP,2m
2026-03-12 13:44:00-04:00,27.459999084472656,27.459999084472656,27.459999084472656,27.459999084472656,525,0.0,0.0,ARLP,2m
2026-03-12 13:46:00-04:00,27.454999923706055,27.454999923706055,27.399999618530273,27.399999618530273,1790,0.0,0.0,ARLP,2m
2026-03-12 13:48:00-04:00,27.5,27.5,27.5,27.5,480,0.0,0.0,ARLP,2m
2026-03-12 13:52:00-04:00,27.4950008392334,27.4950008392334,27.397600173950195,27.397600173950195,1461,0.0,0.0,ARLP,2m
2026-03-12 13:54:00-04:00,27.389999389648438,27.434999465942383,27.389999389648438,27.434999465942383,1057,0.0,0.0,ARLP,2m
2026-03-12 13:58:00-04:00,27.434999465942383,27.434999465942383,27.434999465942383,27.434999465942383,7,0.0,0.0,ARLP,2m
2026-03-12 14:00:00-04:00,27.450000762939453,27.450000762939453,27.450000762939453,27.450000762939453,112,0.0,0.0,ARLP,2m
2026-03-12 14:02:00-04:00,27.489999771118164,27.489999771118164,27.489999771118164,27.489999771118164,255,0.0,0.0,ARLP,2m
2026-03-12 14:06:00-04:00,27.5,27.5,27.479999542236328,27.479999542236328,402,0.0,0.0,ARLP,2m
2026-03-12 14:08:00-04:00,27.5,27.5,27.5,27.5,198,0.0,0.0,ARLP,2m
2026-03-12 14:10:00-04:00,27.438600540161133,27.438600540161133,27.438600540161133,27.438600540161133,82,0.0,0.0,ARLP,2m
2026-03-12 14:12:00-04:00,27.489999771118164,27.5,27.489999771118164,27.5,320,0.0,0.0,ARLP,2m
2026-03-12 14:14:00-04:00,27.46660041809082,27.5,27.46660041809082,27.5,1398,0.0,0.0,ARLP,2m
2026-03-12 14:16:00-04:00,27.440000534057617,27.5,27.440000534057617,27.5,597,0.0,0.0,ARLP,2m
2026-03-12 14:22:00-04:00,27.446199417114258,27.446199417114258,27.446199417114258,27.446199417114258,1045,0.0,0.0,ARLP,2m
2026-03-12 14:28:00-04:00,27.434999465942383,27.435100555419922,27.3799991607666,27.41200065612793,5446,0.0,0.0,ARLP,2m
2026-03-12 14:30:00-04:00,27.5,27.5,27.450000762939453,27.450000762939453,1031,0.0,0.0,ARLP,2m
2026-03-12 14:32:00-04:00,27.469999313354492,27.5,27.469999313354492,27.5,2804,0.0,0.0,ARLP,2m
2026-03-12 14:34:00-04:00,27.489999771118164,27.530000686645508,27.489999771118164,27.510000228881836,43219,0.0,0.0,ARLP,2m
2026-03-12 14:36:00-04:00,27.514999389648438,27.514999389648438,27.510000228881836,27.514999389648438,1808,0.0,0.0,ARLP,2m
2026-03-12 14:42:00-04:00,27.514999389648438,27.514999389648438,27.514999389648438,27.514999389648438,2986,0.0,0.0,ARLP,2m
2026-03-12 14:46:00-04:00,27.54990005493164,27.54990005493164,27.54990005493164,27.54990005493164,1200,0.0,0.0,ARLP,2m
2026-03-12 14:50:00-04:00,27.510000228881836,27.514999389648438,27.510000228881836,27.514999389648438,4596,0.0,0.0,ARLP,2m
2026-03-12 14:56:00-04:00,27.489999771118164,27.489999771118164,27.489999771118164,27.489999771118164,542,0.0,0.0,ARLP,2m
2026-03-12 14:58:00-04:00,27.510000228881836,27.510000228881836,27.510000228881836,27.510000228881836,500,0.0,0.0,ARLP,2m
2026-03-12 15:00:00-04:00,27.513999938964844,27.513999938964844,27.510000228881836,27.510000228881836,500,0.0,0.0,ARLP,2m
2026-03-12 15:02:00-04:00,27.5,27.5,27.5,27.5,543,0.0,0.0,ARLP,2m
2026-03-12 15:04:00-04:00,27.5,27.5049991607666,27.5,27.5049991607666,675,0.0,0.0,ARLP,2m
2026-03-12 15:06:00-04:00,27.5049991607666,27.5049991607666,27.5049991607666,27.5049991607666,300,0.0,0.0,ARLP,2m
2026-03-12 15:10:00-04:00,27.5,27.5,27.5,27.5,660,0.0,0.0,ARLP,2m
2026-03-12 15:12:00-04:00,27.5,27.5,27.5,27.5,300,0.0,0.0,ARLP,2m
2026-03-12 15:14:00-04:00,27.4950008392334,27.4950008392334,27.459999084472656,27.459999084472656,3833,0.0,0.0,ARLP,2m
2026-03-12 15:16:00-04:00,27.469999313354492,27.479999542236328,27.469999313354492,27.479999542236328,1381,0.0,0.0,ARLP,2m
2026-03-12 15:18:00-04:00,27.479999542236328,27.489999771118164,27.479999542236328,27.489999771118164,1279,0.0,0.0,ARLP,2m
2026-03-12 15:22:00-04:00,27.489999771118164,27.489999771118164,27.469999313354492,27.483600616455078,1700,0.0,0.0,ARLP,2m
2026-03-12 15:24:00-04:00,27.475000381469727,27.475000381469727,27.475000381469727,27.475000381469727,224,0.0,0.0,ARLP,2m
2026-03-12 15:28:00-04:00,27.459999084472656,27.48200035095215,27.459999084472656,27.469999313354492,1055,0.0,0.0,ARLP,2m
2026-03-12 15:30:00-04:00,27.469999313354492,27.469999313354492,27.469999313354492,27.469999313354492,400,0.0,0.0,ARLP,2m
2026-03-12 15:32:00-04:00,27.479999542236328,27.479999542236328,27.468399047851562,27.468399047851562,200,0.0,0.0,ARLP,2m
2026-03-12 15:34:00-04:00,27.479999542236328,27.479999542236328,27.469999313354492,27.469999313354492,3274,0.0,0.0,ARLP,2m
2026-03-12 15:36:00-04:00,27.460100173950195,27.460100173950195,27.459999084472656,27.459999084472656,1367,0.0,0.0,ARLP,2m
2026-03-12 15:38:00-04:00,27.469999313354492,27.469999313354492,27.459999084472656,27.459999084472656,1809,0.0,0.0,ARLP,2m
2026-03-12 15:40:00-04:00,27.450000762939453,27.45680046081543,27.440000534057617,27.440000534057617,3282,0.0,0.0,ARLP,2m
2026-03-12 15:44:00-04:00,27.450000762939453,27.450000762939453,27.450000762939453,27.450000762939453,694,0.0,0.0,ARLP,2m
2026-03-12 15:46:00-04:00,27.450000762939453,27.450000762939453,27.44499969482422,27.44499969482422,1498,0.0,0.0,ARLP,2m
2026-03-12 15:48:00-04:00,27.46500015258789,27.46500015258789,27.440000534057617,27.440000534057617,3353,0.0,0.0,ARLP,2m
2026-03-12 15:50:00-04:00,27.450000762939453,27.450000762939453,27.406999588012695,27.40999984741211,8631,0.0,0.0,ARLP,2m
2026-03-12 15:52:00-04:00,27.450000762939453,27.450000762939453,27.450000762939453,27.450000762939453,1707,0.0,0.0,ARLP,2m
2026-03-12 15:54:00-04:00,27.469999313354492,27.469999313354492,27.450000762939453,27.450000762939453,2058,0.0,0.0,ARLP,2m
2026-03-12 15:56:00-04:00,27.475000381469727,27.489999771118164,27.459999084472656,27.479999542236328,2634,0.0,0.0,ARLP,2m
2026-03-12 15:58:00-04:00,27.489999771118164,27.489999771118164,27.440000534057617,27.44499969482422,10965,0.0,0.0,ARLP,2m
2026-03-13 09:30:00-04:00,27.329999923706055,27.34000015258789,27.329999923706055,27.34000015258789,10793,0.0,0.0,ARLP,2m
2026-03-13 09:34:00-04:00,27.34000015258789,27.42009925842285,27.34000015258789,27.375,374,0.0,0.0,ARLP,2m
2026-03-13 09:36:00-04:00,27.375,27.375,27.375,27.375,125,0.0,0.0,ARLP,2m
2026-03-13 09:38:00-04:00,27.31999969482422,27.440000534057617,27.31999969482422,27.440000534057617,2429,0.0,0.0,ARLP,2m
2026-03-13 09:44:00-04:00,27.424999237060547,27.424999237060547,27.424999237060547,27.424999237060547,3978,0.0,0.0,ARLP,2m
2026-03-13 09:48:00-04:00,27.44499969482422,27.44499969482422,27.44499969482422,27.44499969482422,276,0.0,0.0,ARLP,2m
2026-03-13 10:02:00-04:00,27.43400001525879,27.43400001525879,27.43400001525879,27.43400001525879,322,0.0,0.0,ARLP,2m
2026-03-13 10:06:00-04:00,27.31999969482422,27.31999969482422,27.31999969482422,27.31999969482422,2044,0.0,0.0,ARLP,2m
2026-03-13 10:08:00-04:00,27.280099868774414,27.280099868774414,27.25,27.25,1067,0.0,0.0,ARLP,2m
2026-03-13 10:10:00-04:00,27.360000610351562,27.360000610351562,27.360000610351562,27.360000610351562,200,0.0,0.0,ARLP,2m
2026-03-13 10:14:00-04:00,27.299999237060547,27.299999237060547,27.240100860595703,27.240100860595703,3549,0.0,0.0,ARLP,2m
2026-03-13 10:16:00-04:00,27.190000534057617,27.190000534057617,27.149999618530273,27.149999618530273,1875,0.0,0.0,ARLP,2m
2026-03-13 10:24:00-04:00,27.280000686645508,27.280000686645508,27.280000686645508,27.280000686645508,279,0.0,0.0,ARLP,2m
2026-03-13 10:26:00-04:00,27.280000686645508,27.280000686645508,27.280000686645508,27.280000686645508,218,0.0,0.0,ARLP,2m
2026-03-13 10:28:00-04:00,27.274999618530273,27.274999618530273,27.274999618530273,27.274999618530273,1016,0.0,0.0,ARLP,2m
2026-03-13 10:34:00-04:00,27.274999618530273,27.274999618530273,27.274999618530273,27.274999618530273,216,0.0,0.0,ARLP,2m
2026-03-13 10:40:00-04:00,27.200000762939453,27.274900436401367,27.200000762939453,27.209999084472656,1737,0.0,0.0,ARLP,2m
2026-03-13 10:48:00-04:00,27.219999313354492,27.219999313354492,27.150100708007812,27.150100708007812,1099,0.0,0.0,ARLP,2m
2026-03-13 10:54:00-04:00,27.1299991607666,27.1299991607666,27.1299991607666,27.1299991607666,8672,0.0,0.0,ARLP,2m
2026-03-13 10:56:00-04:00,27.125,27.135000228881836,27.125,27.135000228881836,1341,0.0,0.0,ARLP,2m
2026-03-13 11:00:00-04:00,27.135000228881836,27.135000228881836,27.059999465942383,27.059999465942383,4575,0.0,0.0,ARLP,2m
2026-03-13 11:02:00-04:00,27.045000076293945,27.045000076293945,27.045000076293945,27.045000076293945,1733,0.0,0.0,ARLP,2m
2026-03-13 11:08:00-04:00,27.114999771118164,27.149999618530273,27.114999771118164,27.149999618530273,1106,0.0,0.0,ARLP,2m
2026-03-13 11:10:00-04:00,27.114999771118164,27.114999771118164,27.114999771118164,27.114999771118164,1200,0.0,0.0,ARLP,2m
2026-03-13 11:12:00-04:00,27.114999771118164,27.114999771118164,27.114999771118164,27.114999771118164,713,0.0,0.0,ARLP,2m
2026-03-13 11:14:00-04:00,27.049999237060547,27.049999237060547,27.049999237060547,27.049999237060547,357,0.0,0.0,ARLP,2m
2026-03-13 11:18:00-04:00,27.15999984741211,27.15999984741211,27.15999984741211,27.15999984741211,253,0.0,0.0,ARLP,2m
2026-03-13 11:22:00-04:00,27.149200439453125,27.149200439453125,27.110000610351562,27.110000610351562,218,0.0,0.0,ARLP,2m
2026-03-13 11:26:00-04:00,27.110000610351562,27.110000610351562,27.110000610351562,27.110000610351562,518,0.0,0.0,ARLP,2m
2026-03-13 11:30:00-04:00,27.15999984741211,27.15999984741211,27.050100326538086,27.050100326538086,2402,0.0,0.0,ARLP,2m
2026-03-13 11:36:00-04:00,27.104999542236328,27.104999542236328,27.104999542236328,27.104999542236328,175,0.0,0.0,ARLP,2m
2026-03-13 11:38:00-04:00,27.050100326538086,27.050100326538086,27.050100326538086,27.050100326538086,420,0.0,0.0,ARLP,2m
2026-03-13 11:42:00-04:00,27.049999237060547,27.049999237060547,27.040000915527344,27.040000915527344,3623,0.0,0.0,ARLP,2m
2026-03-13 11:44:00-04:00,27.094999313354492,27.094999313354492,27.094999313354492,27.094999313354492,2063,0.0,0.0,ARLP,2m
2026-03-13 11:46:00-04:00,27.041000366210938,27.041000366210938,27.040000915527344,27.040000915527344,740,0.0,0.0,ARLP,2m
2026-03-13 11:50:00-04:00,27.09830093383789,27.09830093383789,27.094999313354492,27.094999313354492,505,0.0,0.0,ARLP,2m
2026-03-13 11:54:00-04:00,27.079999923706055,27.079999923706055,26.969999313354492,27.020700454711914,4737,0.0,0.0,ARLP,2m
2026-03-13 11:58:00-04:00,27.010000228881836,27.010000228881836,26.9950008392334,26.9950008392334,3250,0.0,0.0,ARLP,2m
2026-03-13 12:02:00-04:00,27.03499984741211,27.03499984741211,27.03499984741211,27.03499984741211,657,0.0,0.0,ARLP,2m
2026-03-13 12:16:00-04:00,27.030000686645508,27.030000686645508,27.030000686645508,27.030000686645508,100,0.0,0.0,ARLP,2m
2026-03-13 12:18:00-04:00,27.045000076293945,27.045000076293945,27.045000076293945,27.045000076293945,105,0.0,0.0,ARLP,2m
2026-03-13 12:20:00-04:00,27.06839942932129,27.08989906311035,27.06839942932129,27.08989906311035,757,0.0,0.0,ARLP,2m
2026-03-13 12:24:00-04:00,27.06999969482422,27.06999969482422,27.010000228881836,27.010000228881836,790,0.0,0.0,ARLP,2m
2026-03-13 12:26:00-04:00,27.039899826049805,27.039899826049805,27.039899826049805,27.039899826049805,129,0.0,0.0,ARLP,2m
2026-03-13 12:28:00-04:00,27.010000228881836,27.010000228881836,27.010000228881836,27.010000228881836,3540,0.0,0.0,ARLP,2m
2026-03-13 12:30:00-04:00,27.040000915527344,27.045000076293945,27.040000915527344,27.045000076293945,335,0.0,0.0,ARLP,2m
2026-03-13 12:32:00-04:00,27.045000076293945,27.045000076293945,27.030000686645508,27.030000686645508,236,0.0,0.0,ARLP,2m
2026-03-13 12:40:00-04:00,27.030000686645508,27.030000686645508,27.030000686645508,27.030000686645508,3032,0.0,0.0,ARLP,2m
2026-03-13 12:50:00-04:00,27.079999923706055,27.183000564575195,27.079999923706055,27.183000564575195,4108,0.0,0.0,ARLP,2m
2026-03-13 12:52:00-04:00,27.18000030517578,27.18000030517578,27.18000030517578,27.18000030517578,313,0.0,0.0,ARLP,2m
2026-03-13 12:56:00-04:00,27.200000762939453,27.200000762939453,27.200000762939453,27.200000762939453,220,0.0,0.0,ARLP,2m
2026-03-13 12:58:00-04:00,27.139999389648438,27.139999389648438,27.139999389648438,27.139999389648438,513,0.0,0.0,ARLP,2m
2026-03-13 13:06:00-04:00,27.139999389648438,27.139999389648438,27.139999389648438,27.139999389648438,1206,0.0,0.0,ARLP,2m
2026-03-13 13:10:00-04:00,27.20989990234375,27.20989990234375,27.20989990234375,27.20989990234375,155,0.0,0.0,ARLP,2m
2026-03-13 13:14:00-04:00,27.20989990234375,27.20989990234375,27.20989990234375,27.20989990234375,842,0.0,0.0,ARLP,2m
2026-03-13 13:22:00-04:00,27.2450008392334,27.2450008392334,27.2450008392334,27.2450008392334,282,0.0,0.0,ARLP,2m
2026-03-13 13:26:00-04:00,27.29990005493164,27.29990005493164,27.29990005493164,27.29990005493164,270,0.0,0.0,ARLP,2m
2026-03-13 13:34:00-04:00,27.2450008392334,27.2450008392334,27.2450008392334,27.2450008392334,1243,0.0,0.0,ARLP,2m
2026-03-13 13:36:00-04:00,27.260000228881836,27.260000228881836,27.219999313354492,27.219999313354492,1084,0.0,0.0,ARLP,2m
2026-03-13 13:42:00-04:00,27.219999313354492,27.219999313354492,27.219999313354492,27.219999313354492,599,0.0,0.0,ARLP,2m
2026-03-13 13:52:00-04:00,27.18199920654297,27.235000610351562,27.18199920654297,27.235000610351562,672,0.0,0.0,ARLP,2m
2026-03-13 13:58:00-04:00,27.211599349975586,27.211599349975586,27.211599349975586,27.211599349975586,221,0.0,0.0,ARLP,2m
2026-03-13 14:06:00-04:00,27.18090057373047,27.18090057373047,27.18090057373047,27.18090057373047,225,0.0,0.0,ARLP,2m
2026-03-13 14:20:00-04:00,27.290000915527344,27.290000915527344,27.2450008392334,27.290000915527344,1275,0.0,0.0,ARLP,2m
2026-03-13 14:26:00-04:00,27.2450008392334,27.2450008392334,27.2450008392334,27.2450008392334,110,0.0,0.0,ARLP,2m
2026-03-13 14:28:00-04:00,27.190900802612305,27.190900802612305,27.190900802612305,27.190900802612305,200,0.0,0.0,ARLP,2m
2026-03-13 14:36:00-04:00,27.25,27.25,27.25,27.25,467,0.0,0.0,ARLP,2m
2026-03-13 14:42:00-04:00,27.25,27.25,27.25,27.25,1058,0.0,0.0,ARLP,2m
2026-03-13 14:44:00-04:00,27.290000915527344,27.290000915527344,27.25,27.25,707,0.0,0.0,ARLP,2m
2026-03-13 14:52:00-04:00,27.299999237060547,27.299999237060547,27.290000915527344,27.290000915527344,300,0.0,0.0,ARLP,2m
2026-03-13 14:58:00-04:00,27.299999237060547,27.299999237060547,27.290000915527344,27.290000915527344,1985,0.0,0.0,ARLP,2m
2026-03-13 15:00:00-04:00,27.299999237060547,27.299999237060547,27.299999237060547,27.299999237060547,169,0.0,0.0,ARLP,2m
2026-03-13 15:02:00-04:00,27.350000381469727,27.350000381469727,27.350000381469727,27.350000381469727,985,0.0,0.0,ARLP,2m
2026-03-13 15:08:00-04:00,27.295000076293945,27.295000076293945,27.295000076293945,27.295000076293945,200,0.0,0.0,ARLP,2m
2026-03-13 15:10:00-04:00,27.299999237060547,27.299999237060547,27.299999237060547,27.299999237060547,277,0.0,0.0,ARLP,2m
2026-03-13 15:12:00-04:00,27.28499984741211,27.28499984741211,27.28499984741211,27.28499984741211,534,0.0,0.0,ARLP,2m
2026-03-13 15:14:00-04:00,27.28499984741211,27.28499984741211,27.28499984741211,27.28499984741211,430,0.0,0.0,ARLP,2m
2026-03-13 15:16:00-04:00,27.295000076293945,27.295000076293945,27.274999618530273,27.274999618530273,1301,0.0,0.0,ARLP,2m
2026-03-13 15:18:00-04:00,27.270000457763672,27.309999465942383,27.270000457763672,27.309999465942383,1498,0.0,0.0,ARLP,2m
2026-03-13 15:20:00-04:00,27.309999465942383,27.309999465942383,27.290000915527344,27.299999237060547,1027,0.0,0.0,ARLP,2m
2026-03-13 15:22:00-04:00,27.299999237060547,27.299999237060547,27.299999237060547,27.299999237060547,331,0.0,0.0,ARLP,2m
2026-03-13 15:24:00-04:00,27.297800064086914,27.297800064086914,27.260099411010742,27.260099411010742,1173,0.0,0.0,ARLP,2m
2026-03-13 15:26:00-04:00,27.239999771118164,27.259899139404297,27.239999771118164,27.259899139404297,1024,0.0,0.0,ARLP,2m
2026-03-13 15:36:00-04:00,27.25,27.25,27.25,27.25,400,0.0,0.0,ARLP,2m
2026-03-13 15:38:00-04:00,27.209999084472656,27.209999084472656,27.209999084472656,27.209999084472656,915,0.0,0.0,ARLP,2m
2026-03-13 15:40:00-04:00,27.200000762939453,27.200000762939453,27.18000030517578,27.18000030517578,1310,0.0,0.0,ARLP,2m
2026-03-13 15:42:00-04:00,27.200000762939453,27.204999923706055,27.200000762939453,27.204999923706055,474,0.0,0.0,ARLP,2m
2026-03-13 15:44:00-04:00,27.209999084472656,27.21500015258789,27.209999084472656,27.21500015258789,900,0.0,0.0,ARLP,2m
2026-03-13 15:46:00-04:00,27.229999542236328,27.229999542236328,27.229999542236328,27.229999542236328,2360,0.0,0.0,ARLP,2m
2026-03-13 15:50:00-04:00,27.239999771118164,27.239999771118164,27.229999542236328,27.239999771118164,5990,0.0,0.0,ARLP,2m
2026-03-13 15:52:00-04:00,27.274999618530273,27.274999618530273,27.274999618530273,27.274999618530273,941,0.0,0.0,ARLP,2m
2026-03-13 15:54:00-04:00,27.299999237060547,27.299999237060547,27.25,27.25,7396,0.0,0.0,ARLP,2m
2026-03-13 15:56:00-04:00,27.239999771118164,27.270000457763672,27.21820068359375,27.270000457763672,2499,0.0,0.0,ARLP,2m
2026-03-13 15:58:00-04:00,27.260000228881836,27.290000915527344,27.139999389648438,27.139999389648438,6228,0.0,0.0,ARLP,2m
2026-03-16 09:30:00-04:00,27.40999984741211,27.40999984741211,27.299999237060547,27.299999237060547,14003,0.0,0.0,ARLP,2m
2026-03-16 09:32:00-04:00,27.309999465942383,27.309999465942383,27.309999465942383,27.309999465942383,3205,0.0,0.0,ARLP,2m
2026-03-16 09:34:00-04:00,27.225000381469727,27.225000381469727,27.225000381469727,27.225000381469727,2157,0.0,0.0,ARLP,2m
2026-03-16 09:38:00-04:00,27.312000274658203,27.312000274658203,27.312000274658203,27.312000274658203,1000,0.0,0.0,ARLP,2m
2026-03-16 09:40:00-04:00,27.31999969482422,27.31999969482422,27.31999969482422,27.31999969482422,0,0.0,0.0,ARLP,2m
2026-03-16 09:42:00-04:00,27.34000015258789,27.34000015258789,27.34000015258789,27.34000015258789,200,0.0,0.0,ARLP,2m
2026-03-16 09:44:00-04:00,27.360000610351562,27.360000610351562,27.34000015258789,27.34600067138672,319,0.0,0.0,ARLP,2m
2026-03-16 09:46:00-04:00,27.366199493408203,27.366199493408203,27.366199493408203,27.366199493408203,448,0.0,0.0,ARLP,2m
2026-03-16 09:54:00-04:00,27.229999542236328,27.229999542236328,27.229999542236328,27.229999542236328,1000,0.0,0.0,ARLP,2m
2026-03-16 09:56:00-04:00,27.239999771118164,27.34000015258789,27.239999771118164,27.34000015258789,0,0.0,0.0,ARLP,2m
2026-03-16 10:08:00-04:00,27.31999969482422,27.34000015258789,27.31999969482422,27.34000015258789,780,0.0,0.0,ARLP,2m
2026-03-16 10:10:00-04:00,27.299999237060547,27.344999313354492,27.299999237060547,27.344999313354492,2459,0.0,0.0,ARLP,2m
2026-03-16 10:12:00-04:00,27.3439998626709,27.3439998626709,27.3439998626709,27.3439998626709,2,0.0,0.0,ARLP,2m
2026-03-16 10:14:00-04:00,27.350000381469727,27.350000381469727,27.350000381469727,27.350000381469727,400,0.0,0.0,ARLP,2m
2026-03-16 10:16:00-04:00,27.3799991607666,27.3799991607666,27.3799991607666,27.3799991607666,210,0.0,0.0,ARLP,2m
2026-03-16 10:18:00-04:00,27.3799991607666,27.3799991607666,27.3799991607666,27.3799991607666,101,0.0,0.0,ARLP,2m
2026-03-16 10:20:00-04:00,27.336000442504883,27.344999313354492,27.336000442504883,27.344999313354492,2034,0.0,0.0,ARLP,2m
2026-03-16 10:24:00-04:00,27.34000015258789,27.34000015258789,27.34000015258789,27.34000015258789,1176,0.0,0.0,ARLP,2m
2026-03-16 10:28:00-04:00,27.34000015258789,27.34000015258789,27.34000015258789,27.34000015258789,226,0.0,0.0,ARLP,2m
2026-03-16 10:30:00-04:00,27.348800659179688,27.348800659179688,27.348800659179688,27.348800659179688,2038,0.0,0.0,ARLP,2m
2026-03-16 10:36:00-04:00,27.34000015258789,27.34000015258789,27.314800262451172,27.314800262451172,11937,0.0,0.0,ARLP,2m
2026-03-16 10:40:00-04:00,27.299999237060547,27.299999237060547,27.299999237060547,27.299999237060547,0,0.0,0.0,ARLP,2m
2026-03-16 10:42:00-04:00,27.311599731445312,27.311599731445312,27.311599731445312,27.311599731445312,138,0.0,0.0,ARLP,2m
2026-03-16 10:44:00-04:00,27.32740020751953,27.32740020751953,27.32740020751953,27.32740020751953,800,0.0,0.0,ARLP,2m
2026-03-16 10:46:00-04:00,27.315000534057617,27.315000534057617,27.315000534057617,27.315000534057617,10632,0.0,0.0,ARLP,2m
2026-03-16 10:48:00-04:00,27.315000534057617,27.315000534057617,27.315000534057617,27.315000534057617,953,0.0,0.0,ARLP,2m
2026-03-16 10:56:00-04:00,27.315000534057617,27.315000534057617,27.315000534057617,27.315000534057617,478,0.0,0.0,ARLP,2m
2026-03-16 11:04:00-04:00,27.364099502563477,27.364099502563477,27.305999755859375,27.305999755859375,3415,0.0,0.0,ARLP,2m
2026-03-16 11:08:00-04:00,27.325000762939453,27.325000762939453,27.31999969482422,27.31999969482422,764,0.0,0.0,ARLP,2m
2026-03-16 11:14:00-04:00,27.31999969482422,27.31999969482422,27.31999969482422,27.31999969482422,549,0.0,0.0,ARLP,2m
2026-03-16 11:24:00-04:00,27.459999084472656,27.459999084472656,27.459999084472656,27.459999084472656,379,0.0,0.0,ARLP,2m
2026-03-16 11:32:00-04:00,27.368000030517578,27.368000030517578,27.360000610351562,27.360000610351562,201,0.0,0.0,ARLP,2m
2026-03-16 11:36:00-04:00,27.360000610351562,27.3799991607666,27.360000610351562,27.3799991607666,517,0.0,0.0,ARLP,2m
2026-03-16 11:38:00-04:00,27.3799991607666,27.3799991607666,27.3799991607666,27.3799991607666,13475,0.0,0.0,ARLP,2m
2026-03-16 11:40:00-04:00,27.3799991607666,27.3799991607666,27.3799991607666,27.3799991607666,0,0.0,0.0,ARLP,2m
2026-03-16 11:50:00-04:00,27.29010009765625,27.29010009765625,27.29010009765625,27.29010009765625,135,0.0,0.0,ARLP,2m
2026-03-16 11:54:00-04:00,27.385000228881836,27.385000228881836,27.385000228881836,27.385000228881836,486,0.0,0.0,ARLP,2m
2026-03-16 11:56:00-04:00,27.479900360107422,27.479900360107422,27.459999084472656,27.459999084472656,396,0.0,0.0,ARLP,2m
2026-03-16 11:58:00-04:00,27.31999969482422,27.31999969482422,27.31999969482422,27.31999969482422,236,0.0,0.0,ARLP,2m
2026-03-16 12:00:00-04:00,27.3700008392334,27.440000534057617,27.3700008392334,27.440000534057617,532,0.0,0.0,ARLP,2m
2026-03-16 12:02:00-04:00,27.300100326538086,27.300100326538086,27.300100326538086,27.300100326538086,354,0.0,0.0,ARLP,2m
2026-03-16 12:04:00-04:00,27.31999969482422,27.31999969482422,27.31999969482422,27.31999969482422,320,0.0,0.0,ARLP,2m
2026-03-16 12:08:00-04:00,27.350000381469727,27.350000381469727,27.350000381469727,27.350000381469727,149,0.0,0.0,ARLP,2m
2026-03-16 12:12:00-04:00,27.350000381469727,27.459999084472656,27.350000381469727,27.3799991607666,1382,0.0,0.0,ARLP,2m
2026-03-16 12:20:00-04:00,27.34309959411621,27.34309959411621,27.34309959411621,27.34309959411621,208,0.0,0.0,ARLP,2m
2026-03-16 12:24:00-04:00,27.3700008392334,27.3700008392334,27.3700008392334,27.3700008392334,129,0.0,0.0,ARLP,2m
2026-03-16 12:26:00-04:00,27.450000762939453,27.450000762939453,27.450000762939453,27.450000762939453,132,0.0,0.0,ARLP,2m
2026-03-16 12:30:00-04:00,27.409900665283203,27.409900665283203,27.360000610351562,27.360000610351562,834,0.0,0.0,ARLP,2m
2026-03-16 12:32:00-04:00,27.310100555419922,27.310100555419922,27.310100555419922,27.310100555419922,105,0.0,0.0,ARLP,2m
2026-03-16 12:34:00-04:00,27.360000610351562,27.360000610351562,27.360000610351562,27.360000610351562,527,0.0,0.0,ARLP,2m
2026-03-16 12:36:00-04:00,27.374000549316406,27.374000549316406,27.374000549316406,27.374000549316406,234,0.0,0.0,ARLP,2m
2026-03-16 12:42:00-04:00,27.364999771118164,27.364999771118164,27.364999771118164,27.364999771118164,129,0.0,0.0,ARLP,2m
2026-03-16 12:46:00-04:00,27.364999771118164,27.364999771118164,27.364999771118164,27.364999771118164,327,0.0,0.0,ARLP,2m
2026-03-16 12:54:00-04:00,27.351999282836914,27.351999282836914,27.351999282836914,27.351999282836914,238,0.0,0.0,ARLP,2m
2026-03-16 13:02:00-04:00,27.381900787353516,27.381900787353516,27.381900787353516,27.381900787353516,181,0.0,0.0,ARLP,2m
2026-03-16 13:12:00-04:00,27.3799991607666,27.420000076293945,27.3799991607666,27.389999389648438,1922,0.0,0.0,ARLP,2m
2026-03-16 13:14:00-04:00,27.395000457763672,27.395000457763672,27.395000457763672,27.395000457763672,162,0.0,0.0,ARLP,2m
2026-03-16 13:18:00-04:00,27.350099563598633,27.350099563598633,27.350099563598633,27.350099563598633,5000,0.0,0.0,ARLP,2m
2026-03-16 13:20:00-04:00,27.350000381469727,27.350000381469727,27.350000381469727,27.350000381469727,0,0.0,0.0,ARLP,2m
2026-03-16 13:30:00-04:00,27.440000534057617,27.440000534057617,27.440000534057617,27.440000534057617,365,0.0,0.0,ARLP,2m
2026-03-16 13:34:00-04:00,27.44499969482422,27.44499969482422,27.44499969482422,27.44499969482422,237,0.0,0.0,ARLP,2m
2026-03-16 13:40:00-04:00,27.450000762939453,27.459999084472656,27.420000076293945,27.459999084472656,1755,0.0,0.0,ARLP,2m
2026-03-16 13:50:00-04:00,27.389999389648438,27.389999389648438,27.389999389648438,27.389999389648438,100,0.0,0.0,ARLP,2m
2026-03-16 13:52:00-04:00,27.40999984741211,27.40999984741211,27.40999984741211,27.40999984741211,331,0.0,0.0,ARLP,2m
2026-03-16 13:58:00-04:00,27.389999389648438,27.389999389648438,27.389999389648438,27.389999389648438,217,0.0,0.0,ARLP,2m
2026-03-16 14:10:00-04:00,27.399999618530273,27.399999618530273,27.370100021362305,27.370100021362305,18170,0.0,0.0,ARLP,2m
2026-03-16 14:16:00-04:00,27.399999618530273,27.399999618530273,27.399999618530273,27.399999618530273,0,0.0,0.0,ARLP,2m
2026-03-16 14:22:00-04:00,27.43000030517578,27.43000030517578,27.43000030517578,27.43000030517578,17454,0.0,0.0,ARLP,2m
2026-03-16 14:32:00-04:00,27.440000534057617,27.440000534057617,27.440000534057617,27.440000534057617,0,0.0,0.0,ARLP,2m
2026-03-16 14:34:00-04:00,27.450000762939453,27.450000762939453,27.450000762939453,27.450000762939453,307,0.0,0.0,ARLP,2m
2026-03-16 14:42:00-04:00,27.44499969482422,27.454999923706055,27.440000534057617,27.440000534057617,18367,0.0,0.0,ARLP,2m
2026-03-16 14:44:00-04:00,27.440000534057617,27.450000762939453,27.43000030517578,27.43000030517578,658,0.0,0.0,ARLP,2m
2026-03-16 14:46:00-04:00,27.440000534057617,27.479999542236328,27.440000534057617,27.469999313354492,2338,0.0,0.0,ARLP,2m
2026-03-16 14:48:00-04:00,27.459999084472656,27.459999084472656,27.459999084472656,27.459999084472656,423,0.0,0.0,ARLP,2m
2026-03-16 14:50:00-04:00,27.479999542236328,27.479999542236328,27.479999542236328,27.479999542236328,257,0.0,0.0,ARLP,2m
2026-03-16 15:00:00-04:00,27.479999542236328,27.514999389648438,27.479999542236328,27.514999389648438,544,0.0,0.0,ARLP,2m
2026-03-16 15:02:00-04:00,27.510000228881836,27.510000228881836,27.510000228881836,27.510000228881836,1602,0.0,0.0,ARLP,2m
2026-03-16 15:04:00-04:00,27.5049991607666,27.520000457763672,27.5049991607666,27.520000457763672,1062,0.0,0.0,ARLP,2m
2026-03-16 15:08:00-04:00,27.47010040283203,27.47010040283203,27.47010040283203,27.47010040283203,164,0.0,0.0,ARLP,2m
2026-03-16 15:10:00-04:00,27.520000457763672,27.520000457763672,27.520000457763672,27.520000457763672,354,0.0,0.0,ARLP,2m
2026-03-16 15:14:00-04:00,27.490699768066406,27.490699768066406,27.490699768066406,27.490699768066406,442,0.0,0.0,ARLP,2m
2026-03-16 15:18:00-04:00,27.469999313354492,27.469999313354492,27.424999237060547,27.424999237060547,1883,0.0,0.0,ARLP,2m
2026-03-16 15:22:00-04:00,27.479999542236328,27.530000686645508,27.469999313354492,27.469999313354492,3305,0.0,0.0,ARLP,2m
2026-03-16 15:24:00-04:00,27.489999771118164,27.489999771118164,27.489999771118164,27.489999771118164,100,0.0,0.0,ARLP,2m
2026-03-16 15:26:00-04:00,27.469999313354492,27.469999313354492,27.469999313354492,27.469999313354492,400,0.0,0.0,ARLP,2m
2026-03-16 15:28:00-04:00,27.469999313354492,27.469999313354492,27.411399841308594,27.411399841308594,658,0.0,0.0,ARLP,2m
2026-03-16 15:30:00-04:00,27.469999313354492,27.469999313354492,27.469999313354492,27.469999313354492,458,0.0,0.0,ARLP,2m
2026-03-16 15:32:00-04:00,27.469999313354492,27.469999313354492,27.469999313354492,27.469999313354492,226,0.0,0.0,ARLP,2m
2026-03-16 15:34:00-04:00,27.469999313354492,27.469999313354492,27.411500930786133,27.411500930786133,28106,0.0,0.0,ARLP,2m
2026-03-16 15:36:00-04:00,27.459999084472656,27.459999084472656,27.399999618530273,27.440000534057617,565,0.0,0.0,ARLP,2m
2026-03-16 15:38:00-04:00,27.440000534057617,27.440000534057617,27.399999618530273,27.399999618530273,32195,0.0,0.0,ARLP,2m
2026-03-16 15:40:00-04:00,27.399999618530273,27.420000076293945,27.399999618530273,27.399999618530273,678,0.0,0.0,ARLP,2m
2026-03-16 15:42:00-04:00,27.399999618530273,27.40999984741211,27.395000457763672,27.40999984741211,1587,0.0,0.0,ARLP,2m
2026-03-16 15:44:00-04:00,27.43000030517578,27.43000030517578,27.350000381469727,27.350000381469727,1493,0.0,0.0,ARLP,2m
2026-03-16 15:46:00-04:00,27.360000610351562,27.362499237060547,27.354999542236328,27.362499237060547,1014,0.0,0.0,ARLP,2m
2026-03-16 15:48:00-04:00,27.36750030517578,27.3799991607666,27.354999542236328,27.354999542236328,2322,0.0,0.0,ARLP,2m
2026-03-16 15:50:00-04:00,27.385000228881836,27.385000228881836,27.385000228881836,27.385000228881836,259,0.0,0.0,ARLP,2m
2026-03-16 15:52:00-04:00,27.385000228881836,27.385000228881836,27.385000228881836,27.385000228881836,403,0.0,0.0,ARLP,2m
2026-03-16 15:54:00-04:00,27.3700008392334,27.40999984741211,27.3700008392334,27.40999984741211,2160,0.0,0.0,ARLP,2m
2026-03-16 15:56:00-04:00,27.399999618530273,27.43000030517578,27.399999618530273,27.40999984741211,1742,0.0,0.0,ARLP,2m
2026-03-16 15:58:00-04:00,27.40999984741211,27.450000762939453,27.389999389648438,27.389999389648438,8257,0.0,0.0,ARLP,2m
2026-03-17 09:30:00-04:00,27.540000915527344,27.56999969482422,27.540000915527344,27.56999969482422,2312,0.0,0.0,ARLP,2m
2026-03-17 09:32:00-04:00,27.579999923706055,27.579999923706055,27.579999923706055,27.579999923706055,1923,0.0,0.0,ARLP,2m
2026-03-17 09:34:00-04:00,27.5,27.5,27.5,27.5,392,0.0,0.0,ARLP,2m
2026-03-17 09:36:00-04:00,27.510799407958984,27.510799407958984,27.510799407958984,27.510799407958984,141,0.0,0.0,ARLP,2m
2026-03-17 09:40:00-04:00,27.571500778198242,27.571500778198242,27.571500778198242,27.571500778198242,181,0.0,0.0,ARLP,2m
2026-03-17 09:42:00-04:00,27.469999313354492,27.469999313354492,27.459999084472656,27.459999084472656,1204,0.0,0.0,ARLP,2m
2026-03-17 09:44:00-04:00,27.524999618530273,27.524999618530273,27.524999618530273,27.524999618530273,512,0.0,0.0,ARLP,2m
2026-03-17 09:54:00-04:00,27.510000228881836,27.520000457763672,27.510000228881836,27.510000228881836,350,0.0,0.0,ARLP,2m
2026-03-17 09:56:00-04:00,27.545000076293945,27.545000076293945,27.545000076293945,27.545000076293945,933,0.0,0.0,ARLP,2m
2026-03-17 10:04:00-04:00,27.469999313354492,27.469999313354492,27.469999313354492,27.469999313354492,200,0.0,0.0,ARLP,2m
2026-03-17 10:06:00-04:00,27.434999465942383,27.46929931640625,27.434999465942383,27.46929931640625,816,0.0,0.0,ARLP,2m
2026-03-17 10:08:00-04:00,27.399999618530273,27.399999618530273,27.399999618530273,27.399999618530273,2426,0.0,0.0,ARLP,2m
2026-03-17 10:10:00-04:00,27.415000915527344,27.415000915527344,27.415000915527344,27.415000915527344,213,0.0,0.0,ARLP,2m
2026-03-17 10:12:00-04:00,27.415000915527344,27.415000915527344,27.415000915527344,27.415000915527344,159,0.0,0.0,ARLP,2m
2026-03-17 10:14:00-04:00,27.469900131225586,27.469900131225586,27.46470069885254,27.46470069885254,922,0.0,0.0,ARLP,2m
2026-03-17 10:16:00-04:00,27.469999313354492,27.469999313354492,27.469999313354492,27.469999313354492,1050,0.0,0.0,ARLP,2m
2026-03-17 10:18:00-04:00,27.41010093688965,27.41010093688965,27.41010093688965,27.41010093688965,1190,0.0,0.0,ARLP,2m
2026-03-17 10:20:00-04:00,27.440000534057617,27.450000762939453,27.40999984741211,27.450000762939453,1695,0.0,0.0,ARLP,2m
2026-03-17 10:22:00-04:00,27.40999984741211,27.40999984741211,27.40999984741211,27.40999984741211,4215,0.0,0.0,ARLP,2m
2026-03-17 10:24:00-04:00,27.40999984741211,27.40999984741211,27.40999984741211,27.40999984741211,126,0.0,0.0,ARLP,2m
2026-03-17 10:26:00-04:00,27.40999984741211,27.40999984741211,27.40999984741211,27.40999984741211,415,0.0,0.0,ARLP,2m
2026-03-17 10:28:00-04:00,27.389999389648438,27.389999389648438,27.389999389648438,27.389999389648438,200,0.0,0.0,ARLP,2m
2026-03-17 10:30:00-04:00,27.38010025024414,27.399999618530273,27.3799991607666,27.3799991607666,1288,0.0,0.0,ARLP,2m
2026-03-17 10:36:00-04:00,27.340099334716797,27.340099334716797,27.340099334716797,27.340099334716797,149,0.0,0.0,ARLP,2m
2026-03-17 10:38:00-04:00,27.389999389648438,27.389999389648438,27.389999389648438,27.389999389648438,1092,0.0,0.0,ARLP,2m
2026-03-17 10:40:00-04:00,27.389999389648438,27.389999389648438,27.389999389648438,27.389999389648438,2400,0.0,0.0,ARLP,2m
2026-03-17 10:42:00-04:00,27.3700008392334,27.3700008392334,27.3700008392334,27.3700008392334,0,0.0,0.0,ARLP,2m
2026-03-17 10:48:00-04:00,27.350000381469727,27.350000381469727,27.350000381469727,27.350000381469727,6570,0.0,0.0,ARLP,2m
2026-03-17 10:50:00-04:00,27.34000015258789,27.350000381469727,27.34000015258789,27.350000381469727,159,0.0,0.0,ARLP,2m
2026-03-17 10:54:00-04:00,27.270000457763672,27.364999771118164,27.270000457763672,27.364999771118164,686,0.0,0.0,ARLP,2m
2026-03-17 10:56:00-04:00,27.299999237060547,27.299999237060547,27.299999237060547,27.299999237060547,7729,0.0,0.0,ARLP,2m
2026-03-17 10:58:00-04:00,27.309999465942383,27.346799850463867,27.309999465942383,27.346799850463867,0,0.0,0.0,ARLP,2m
2026-03-17 11:00:00-04:00,27.31999969482422,27.3799991607666,27.31999969482422,27.3799991607666,676,0.0,0.0,ARLP,2m
2026-03-17 11:06:00-04:00,27.329999923706055,27.329999923706055,27.329999923706055,27.329999923706055,522,0.0,0.0,ARLP,2m
2026-03-17 11:10:00-04:00,27.329999923706055,27.329999923706055,27.329999923706055,27.329999923706055,200,0.0,0.0,ARLP,2m
2026-03-17 11:14:00-04:00,27.350000381469727,27.350000381469727,27.320100784301758,27.320100784301758,2906,0.0,0.0,ARLP,2m
2026-03-17 11:16:00-04:00,27.3799991607666,27.3799991607666,27.3799991607666,27.3799991607666,0,0.0,0.0,ARLP,2m
2026-03-17 11:18:00-04:00,27.3799991607666,27.399999618530273,27.3799991607666,27.399999618530273,684,0.0,0.0,ARLP,2m
2026-03-17 11:22:00-04:00,27.395000457763672,27.395000457763672,27.395000457763672,27.395000457763672,115,0.0,0.0,ARLP,2m
2026-03-17 11:24:00-04:00,27.395000457763672,27.42009925842285,27.395000457763672,27.42009925842285,467,0.0,0.0,ARLP,2m
2026-03-17 11:34:00-04:00,27.3971004486084,27.3971004486084,27.3971004486084,27.3971004486084,1001,0.0,0.0,ARLP,2m
2026-03-17 11:36:00-04:00,27.399999618530273,27.40999984741211,27.399999618530273,27.40999984741211,21609,0.0,0.0,ARLP,2m
2026-03-17 11:40:00-04:00,27.39259910583496,27.39259910583496,27.39259910583496,27.39259910583496,0,0.0,0.0,ARLP,2m
2026-03-17 11:42:00-04:00,27.399999618530273,27.420000076293945,27.399999618530273,27.420000076293945,800,0.0,0.0,ARLP,2m
2026-03-17 11:44:00-04:00,27.420000076293945,27.420000076293945,27.420000076293945,27.420000076293945,22290,0.0,0.0,ARLP,2m
2026-03-17 11:46:00-04:00,27.450000762939453,27.450000762939453,27.450000762939453,27.450000762939453,0,0.0,0.0,ARLP,2m
2026-03-17 11:48:00-04:00,27.399999618530273,27.510000228881836,27.399999618530273,27.474000930786133,1750,0.0,0.0,ARLP,2m
2026-03-17 11:58:00-04:00,27.459999084472656,27.538999557495117,27.459999084472656,27.538999557495117,27129,0.0,0.0,ARLP,2m
2026-03-17 12:04:00-04:00,27.459999084472656,27.459999084472656,27.444000244140625,27.444000244140625,0,0.0,0.0,ARLP,2m
2026-03-17 12:10:00-04:00,27.389999389648438,27.389999389648438,27.389999389648438,27.389999389648438,208,0.0,0.0,ARLP,2m
2026-03-17 12:18:00-04:00,27.5,27.527000427246094,27.5,27.527000427246094,303,0.0,0.0,ARLP,2m
2026-03-17 12:22:00-04:00,27.539899826049805,27.539899826049805,27.539899826049805,27.539899826049805,913,0.0,0.0,ARLP,2m
2026-03-17 12:30:00-04:00,27.420000076293945,27.43000030517578,27.420000076293945,27.43000030517578,284,0.0,0.0,ARLP,2m
2026-03-17 12:38:00-04:00,27.420000076293945,27.450000762939453,27.420000076293945,27.450000762939453,1787,0.0,0.0,ARLP,2m
2026-03-17 12:42:00-04:00,27.420000076293945,27.420000076293945,27.420000076293945,27.420000076293945,128,0.0,0.0,ARLP,2m
2026-03-17 12:48:00-04:00,27.450000762939453,27.450000762939453,27.450000762939453,27.450000762939453,1307,0.0,0.0,ARLP,2m
2026-03-17 12:52:00-04:00,27.440000534057617,27.450000762939453,27.440000534057617,27.450000762939453,1251,0.0,0.0,ARLP,2m
2026-03-17 12:54:00-04:00,27.444000244140625,27.444000244140625,27.444000244140625,27.444000244140625,377,0.0,0.0,ARLP,2m
2026-03-17 12:58:00-04:00,27.420000076293945,27.420000076293945,27.420000076293945,27.420000076293945,155,0.0,0.0,ARLP,2m
2026-03-17 13:04:00-04:00,27.3799991607666,27.3799991607666,27.3799991607666,27.3799991607666,34052,0.0,0.0,ARLP,2m
2026-03-17 13:06:00-04:00,27.3799991607666,27.3799991607666,27.3799991607666,27.3799991607666,1130,0.0,0.0,ARLP,2m
2026-03-17 13:08:00-04:00,27.3799991607666,27.3799991607666,27.3799991607666,27.3799991607666,30845,0.0,0.0,ARLP,2m
2026-03-17 13:12:00-04:00,27.3799991607666,27.3799991607666,27.3799991607666,27.3799991607666,0,0.0,0.0,ARLP,2m
2026-03-17 13:16:00-04:00,27.385000228881836,27.385000228881836,27.385000228881836,27.385000228881836,353,0.0,0.0,ARLP,2m
2026-03-17 13:32:00-04:00,27.389999389648438,27.389999389648438,27.389999389648438,27.389999389648438,624,0.0,0.0,ARLP,2m
2026-03-17 13:52:00-04:00,27.37540054321289,27.37540054321289,27.37540054321289,27.37540054321289,401,0.0,0.0,ARLP,2m
2026-03-17 13:56:00-04:00,27.329999923706055,27.329999923706055,27.329999923706055,27.329999923706055,352,0.0,0.0,ARLP,2m
2026-03-17 13:58:00-04:00,27.420000076293945,27.424999237060547,27.420000076293945,27.424999237060547,1758,0.0,0.0,ARLP,2m
2026-03-17 14:02:00-04:00,27.469999313354492,27.469999313354492,27.43000030517578,27.43000030517578,34294,0.0,0.0,ARLP,2m
2026-03-17 14:04:00-04:00,27.469999313354492,27.469999313354492,27.450000762939453,27.469999313354492,409,0.0,0.0,ARLP,2m
2026-03-17 14:06:00-04:00,27.479999542236328,27.5049991607666,27.454999923706055,27.5,6891,0.0,0.0,ARLP,2m
2026-03-17 14:10:00-04:00,27.520000457763672,27.530000686645508,27.5,27.52589988708496,4104,0.0,0.0,ARLP,2m
2026-03-17 14:12:00-04:00,27.524999618530273,27.524999618530273,27.524999618530273,27.524999618530273,293,0.0,0.0,ARLP,2m
2026-03-17 14:14:00-04:00,27.524999618530273,27.524999618530273,27.510000228881836,27.510000228881836,700,0.0,0.0,ARLP,2m
2026-03-17 14:16:00-04:00,27.510000228881836,27.530000686645508,27.510000228881836,27.530000686645508,297,0.0,0.0,ARLP,2m
2026-03-17 14:20:00-04:00,27.5,27.5,27.434999465942383,27.459999084472656,39937,0.0,0.0,ARLP,2m
2026-03-17 14:24:00-04:00,27.5049991607666,27.5049991607666,27.440000534057617,27.440000534057617,0,0.0,0.0,ARLP,2m
2026-03-17 14:26:00-04:00,27.440000534057617,27.440000534057617,27.440000534057617,27.440000534057617,38958,0.0,0.0,ARLP,2m
2026-03-17 14:28:00-04:00,27.440000534057617,27.440000534057617,27.440000534057617,27.440000534057617,0,0.0,0.0,ARLP,2m
2026-03-17 14:30:00-04:00,27.489999771118164,27.489999771118164,27.450000762939453,27.450000762939453,927,0.0,0.0,ARLP,2m
2026-03-17 14:32:00-04:00,27.489999771118164,27.489999771118164,27.489999771118164,27.489999771118164,209,0.0,0.0,ARLP,2m
2026-03-17 14:34:00-04:00,27.549999237060547,27.549999237060547,27.549999237060547,27.549999237060547,732,0.0,0.0,ARLP,2m
2026-03-17 14:36:00-04:00,27.454999923706055,27.459999084472656,27.43000030517578,27.43000030517578,4933,0.0,0.0,ARLP,2m
2026-03-17 14:38:00-04:00,27.45800018310547,27.489999771118164,27.415000915527344,27.457500457763672,4454,0.0,0.0,ARLP,2m
2026-03-17 14:42:00-04:00,27.454999923706055,27.489999771118164,27.454999923706055,27.489999771118164,1541,0.0,0.0,ARLP,2m
2026-03-17 14:46:00-04:00,27.454999923706055,27.454999923706055,27.454999923706055,27.454999923706055,200,0.0,0.0,ARLP,2m
2026-03-17 14:48:00-04:00,27.489999771118164,27.49799919128418,27.440000534057617,27.450000762939453,2132,0.0,0.0,ARLP,2m
2026-03-17 14:50:00-04:00,27.3700008392334,27.3700008392334,27.3700008392334,27.3700008392334,825,0.0,0.0,ARLP,2m
2026-03-17 14:54:00-04:00,27.434999465942383,27.434999465942383,27.434999465942383,27.434999465942383,583,0.0,0.0,ARLP,2m
2026-03-17 14:58:00-04:00,27.434999465942383,27.5,27.434999465942383,27.434999465942383,9210,0.0,0.0,ARLP,2m
2026-03-17 15:00:00-04:00,27.434999465942383,27.450000762939453,27.434999465942383,27.450000762939453,600,0.0,0.0,ARLP,2m
2026-03-17 15:02:00-04:00,27.454999923706055,27.454999923706055,27.454999923706055,27.454999923706055,370,0.0,0.0,ARLP,2m
2026-03-17 15:04:00-04:00,27.454999923706055,27.454999923706055,27.40999984741211,27.40999984741211,1084,0.0,0.0,ARLP,2m
2026-03-17 15:06:00-04:00,27.454999923706055,27.454999923706055,27.40999984741211,27.420000076293945,796,0.0,0.0,ARLP,2m
2026-03-17 15:08:00-04:00,27.420000076293945,27.420000076293945,27.420000076293945,27.420000076293945,350,0.0,0.0,ARLP,2m
2026-03-17 15:10:00-04:00,27.40999984741211,27.40999984741211,27.40999984741211,27.40999984741211,254,0.0,0.0,ARLP,2m
2026-03-17 15:14:00-04:00,27.424999237060547,27.424999237060547,27.399999618530273,27.402599334716797,725,0.0,0.0,ARLP,2m
2026-03-17 15:16:00-04:00,27.424999237060547,27.424999237060547,27.424999237060547,27.424999237060547,47697,0.0,0.0,ARLP,2m
2026-03-17 15:20:00-04:00,27.40999984741211,27.40999984741211,27.40999984741211,27.40999984741211,0,0.0,0.0,ARLP,2m
2026-03-17 15:22:00-04:00,27.3700008392334,27.389999389648438,27.354999542236328,27.389999389648438,1376,0.0,0.0,ARLP,2m
2026-03-17 15:24:00-04:00,27.360000610351562,27.450000762939453,27.360000610351562,27.450000762939453,49036,0.0,0.0,ARLP,2m
2026-03-17 15:26:00-04:00,27.399999618530273,27.399999618530273,27.360000610351562,27.360000610351562,1293,0.0,0.0,ARLP,2m
2026-03-17 15:28:00-04:00,27.399999618530273,27.40999984741211,27.399999618530273,27.40999984741211,3413,0.0,0.0,ARLP,2m
2026-03-17 15:30:00-04:00,27.415000915527344,27.415000915527344,27.415000915527344,27.415000915527344,49750,0.0,0.0,ARLP,2m
2026-03-17 15:32:00-04:00,27.389999389648438,27.389999389648438,27.3799991607666,27.3799991607666,820,0.0,0.0,ARLP,2m
2026-03-17 15:34:00-04:00,27.3700008392334,27.3799991607666,27.325000762939453,27.350000381469727,1953,0.0,0.0,ARLP,2m
2026-03-17 15:36:00-04:00,27.350000381469727,27.350000381469727,27.350000381469727,27.350000381469727,2004,0.0,0.0,ARLP,2m
2026-03-17 15:38:00-04:00,27.354999542236328,27.389999389648438,27.350000381469727,27.389999389648438,330,0.0,0.0,ARLP,2m
2026-03-17 15:40:00-04:00,27.389999389648438,27.389999389648438,27.34000015258789,27.34000015258789,810,0.0,0.0,ARLP,2m
2026-03-17 15:42:00-04:00,27.385000228881836,27.385000228881836,27.385000228881836,27.385000228881836,253,0.0,0.0,ARLP,2m
2026-03-17 15:44:00-04:00,27.433399200439453,27.433399200439453,27.329999923706055,27.3799991607666,52310,0.0,0.0,ARLP,2m
2026-03-17 15:46:00-04:00,27.3799991607666,27.385000228881836,27.34000015258789,27.34000015258789,525,0.0,0.0,ARLP,2m
2026-03-17 15:48:00-04:00,27.330400466918945,27.330400466918945,27.330400466918945,27.330400466918945,782,0.0,0.0,ARLP,2m
2026-03-17 15:50:00-04:00,27.329999923706055,27.395000457763672,27.329999923706055,27.3700008392334,2001,0.0,0.0,ARLP,2m
2026-03-17 15:52:00-04:00,27.399999618530273,27.399999618530273,27.3799991607666,27.3799991607666,299,0.0,0.0,ARLP,2m
2026-03-17 15:54:00-04:00,27.395000457763672,27.399999618530273,27.3799991607666,27.3799991607666,4407,0.0,0.0,ARLP,2m
2026-03-17 15:56:00-04:00,27.3799991607666,27.420000076293945,27.3799991607666,27.40999984741211,4832,0.0,0.0,ARLP,2m
2026-03-17 15:58:00-04:00,27.389999389648438,27.399999618530273,27.28499984741211,27.299999237060547,50213,0.0,0.0,ARLP,2m
2026-03-18 09:30:00-04:00,27.43000030517578,27.43000030517578,27.26110076904297,27.329999923706055,2306,0.0,0.0,ARLP,2m
2026-03-18 09:34:00-04:00,27.35740089416504,27.35740089416504,27.35740089416504,27.35740089416504,0,0.0,0.0,ARLP,2m
2026-03-18 09:38:00-04:00,27.350000381469727,27.350000381469727,27.350000381469727,27.350000381469727,176,0.0,0.0,ARLP,2m
2026-03-18 09:40:00-04:00,27.260000228881836,27.334999084472656,27.25,27.334999084472656,772,0.0,0.0,ARLP,2m
2026-03-18 09:42:00-04:00,27.420000076293945,27.437599182128906,27.34000015258789,27.437599182128906,4569,0.0,0.0,ARLP,2m
2026-03-18 09:48:00-04:00,27.34000015258789,27.34000015258789,27.34000015258789,27.34000015258789,0,0.0,0.0,ARLP,2m
2026-03-18 09:50:00-04:00,27.399999618530273,27.399999618530273,27.260000228881836,27.34000015258789,21566,0.0,0.0,ARLP,2m
2026-03-18 09:52:00-04:00,27.34000015258789,27.34000015258789,27.34000015258789,27.34000015258789,0,0.0,0.0,ARLP,2m
2026-03-18 09:54:00-04:00,27.360000610351562,27.360000610351562,27.34000015258789,27.34000015258789,1665,0.0,0.0,ARLP,2m
2026-03-18 10:00:00-04:00,27.334999084472656,27.389999389648438,27.334999084472656,27.389999389648438,1851,0.0,0.0,ARLP,2m
2026-03-18 10:04:00-04:00,27.334999084472656,27.334999084472656,27.334999084472656,27.334999084472656,0,0.0,0.0,ARLP,2m
2026-03-18 10:06:00-04:00,27.270000457763672,27.270000457763672,27.25,27.25,1853,0.0,0.0,ARLP,2m
2026-03-18 10:08:00-04:00,27.239999771118164,27.239999771118164,27.190000534057617,27.190000534057617,1387,0.0,0.0,ARLP,2m
2026-03-18 10:10:00-04:00,27.21500015258789,27.21500015258789,27.21500015258789,27.21500015258789,450,0.0,0.0,ARLP,2m
2026-03-18 10:12:00-04:00,27.190000534057617,27.209999084472656,27.18000030517578,27.209999084472656,3732,0.0,0.0,ARLP,2m
2026-03-18 10:16:00-04:00,27.25,27.25,27.25,27.25,501,0.0,0.0,ARLP,2m
2026-03-18 10:18:00-04:00,27.2450008392334,27.2450008392334,27.2450008392334,27.2450008392334,0,0.0,0.0,ARLP,2m
2026-03-18 10:20:00-04:00,27.219999313354492,27.265499114990234,27.200000762939453,27.204999923706055,1062,0.0,0.0,ARLP,2m
2026-03-18 10:22:00-04:00,27.149999618530273,27.149999618530273,27.020000457763672,27.059999465942383,5653,0.0,0.0,ARLP,2m
2026-03-18 10:26:00-04:00,27.09000015258789,27.09000015258789,27.09000015258789,27.09000015258789,0,0.0,0.0,ARLP,2m
2026-03-18 10:28:00-04:00,27.050100326538086,27.084999084472656,27.050100326538086,27.084999084472656,5172,0.0,0.0,ARLP,2m
2026-03-18 10:40:00-04:00,27.229999542236328,27.229999542236328,27.229999542236328,27.229999542236328,0,0.0,0.0,ARLP,2m
2026-03-18 10:48:00-04:00,27.229900360107422,27.229900360107422,27.229900360107422,27.229900360107422,316,0.0,0.0,ARLP,2m
2026-03-18 10:52:00-04:00,27.219999313354492,27.219999313354492,27.219999313354492,27.219999313354492,102,0.0,0.0,ARLP,2m
2026-03-18 10:54:00-04:00,27.261499404907227,27.261499404907227,27.261499404907227,27.261499404907227,157,0.0,0.0,ARLP,2m
2026-03-18 10:58:00-04:00,27.2549991607666,27.260000228881836,27.2549991607666,27.260000228881836,1200,0.0,0.0,ARLP,2m
2026-03-18 11:02:00-04:00,27.200000762939453,27.200000762939453,27.200000762939453,27.200000762939453,0,0.0,0.0,ARLP,2m
2026-03-18 11:06:00-04:00,27.260000228881836,27.260000228881836,27.260000228881836,27.260000228881836,317,0.0,0.0,ARLP,2m
2026-03-18 11:08:00-04:00,27.2549991607666,27.270000457763672,27.239999771118164,27.25,1257,0.0,0.0,ARLP,2m
2026-03-18 11:14:00-04:00,27.2549991607666,27.2549991607666,27.2549991607666,27.2549991607666,378,0.0,0.0,ARLP,2m
2026-03-18 11:16:00-04:00,27.31999969482422,27.31999969482422,27.309999465942383,27.309999465942383,1400,0.0,0.0,ARLP,2m
2026-03-18 11:18:00-04:00,27.315000534057617,27.315000534057617,27.315000534057617,27.315000534057617,725,0.0,0.0,ARLP,2m
2026-03-18 11:20:00-04:00,27.315000534057617,27.315000534057617,27.315000534057617,27.315000534057617,400,0.0,0.0,ARLP,2m
2026-03-18 11:24:00-04:00,27.25,27.25,27.25,27.25,0,0.0,0.0,ARLP,2m
2026-03-18 11:28:00-04:00,27.303499221801758,27.303499221801758,27.303499221801758,27.303499221801758,219,0.0,0.0,ARLP,2m
2026-03-18 11:30:00-04:00,27.309999465942383,27.309999465942383,27.309999465942383,27.309999465942383,9772,0.0,0.0,ARLP,2m
2026-03-18 11:34:00-04:00,27.33049964904785,27.33049964904785,27.200000762939453,27.200000762939453,1359,0.0,0.0,ARLP,2m
2026-03-18 11:38:00-04:00,27.299999237060547,27.299999237060547,27.229999542236328,27.239999771118164,503,0.0,0.0,ARLP,2m
2026-03-18 11:40:00-04:00,27.219999313354492,27.219999313354492,27.219999313354492,27.219999313354492,200,0.0,0.0,ARLP,2m
2026-03-18 11:44:00-04:00,27.299999237060547,27.299999237060547,27.299999237060547,27.299999237060547,10627,0.0,0.0,ARLP,2m
2026-03-18 12:00:00-04:00,27.219999313354492,27.290000915527344,27.219999313354492,27.290000915527344,0,0.0,0.0,ARLP,2m
2026-03-18 12:04:00-04:00,27.295000076293945,27.295000076293945,27.200000762939453,27.295000076293945,848,0.0,0.0,ARLP,2m
2026-03-18 12:08:00-04:00,27.25,27.30500030517578,27.25,27.30500030517578,470,0.0,0.0,ARLP,2m
2026-03-18 12:18:00-04:00,27.30500030517578,27.320199966430664,27.239999771118164,27.30500030517578,5851,0.0,0.0,ARLP,2m
2026-03-18 12:22:00-04:00,27.229999542236328,27.229999542236328,27.229999542236328,27.229999542236328,341,0.0,0.0,ARLP,2m
2026-03-18 12:26:00-04:00,27.219999313354492,27.32200050354004,27.219999313354492,27.32200050354004,800,0.0,0.0,ARLP,2m
2026-03-18 12:30:00-04:00,27.230100631713867,27.230100631713867,27.1299991607666,27.1299991607666,22627,0.0,0.0,ARLP,2m
2026-03-18 12:36:00-04:00,27.25,27.264999389648438,27.25,27.264999389648438,15021,0.0,0.0,ARLP,2m
2026-03-18 12:42:00-04:00,27.190000534057617,27.264999389648438,27.190000534057617,27.264999389648438,1998,0.0,0.0,ARLP,2m
2026-03-18 12:46:00-04:00,27.18000030517578,27.18000030517578,27.18000030517578,27.18000030517578,15253,0.0,0.0,ARLP,2m
2026-03-18 12:58:00-04:00,27.280000686645508,27.280000686645508,27.225000381469727,27.225000381469727,1006,0.0,0.0,ARLP,2m
2026-03-18 13:06:00-04:00,27.219999313354492,27.26799964904785,27.219999313354492,27.243999481201172,20704,0.0,0.0,ARLP,2m
2026-03-18 13:14:00-04:00,27.25,27.25,27.25,27.25,836,0.0,0.0,ARLP,2m
2026-03-18 13:20:00-04:00,27.225000381469727,27.260000228881836,27.225000381469727,27.225000381469727,0,0.0,0.0,ARLP,2m
2026-03-18 13:22:00-04:00,27.233999252319336,27.233999252319336,27.233999252319336,27.233999252319336,634,0.0,0.0,ARLP,2m
2026-03-18 13:36:00-04:00,27.23200035095215,27.23200035095215,27.219999313354492,27.225000381469727,617,0.0,0.0,ARLP,2m
2026-03-18 13:46:00-04:00,27.219999313354492,27.259899139404297,27.219999313354492,27.259899139404297,449,0.0,0.0,ARLP,2m
2026-03-18 13:50:00-04:00,27.18000030517578,27.249900817871094,27.18000030517578,27.249900817871094,1028,0.0,0.0,ARLP,2m
2026-03-18 13:56:00-04:00,27.19499969482422,27.19499969482422,27.19499969482422,27.19499969482422,200,0.0,0.0,ARLP,2m
2026-03-18 14:00:00-04:00,27.19499969482422,27.19499969482422,27.19499969482422,27.19499969482422,1278,0.0,0.0,ARLP,2m
2026-03-18 14:02:00-04:00,27.21500015258789,27.21500015258789,27.21500015258789,27.21500015258789,2000,0.0,0.0,ARLP,2m
2026-03-18 14:04:00-04:00,27.25,27.25,27.25,27.25,0,0.0,0.0,ARLP,2m
2026-03-18 14:06:00-04:00,27.246000289916992,27.246000289916992,27.246000289916992,27.246000289916992,6,0.0,0.0,ARLP,2m
2026-03-18 14:10:00-04:00,27.25,27.25,27.25,27.25,100,0.0,0.0,ARLP,2m
2026-03-18 14:14:00-04:00,27.21310043334961,27.21310043334961,27.21310043334961,27.21310043334961,355,0.0,0.0,ARLP,2m
2026-03-18 14:22:00-04:00,27.235000610351562,27.235000610351562,27.235000610351562,27.235000610351562,390,0.0,0.0,ARLP,2m
2026-03-18 14:26:00-04:00,27.209999084472656,27.239999771118164,27.15999984741211,27.15999984741211,2475,0.0,0.0,ARLP,2m
2026-03-18 14:34:00-04:00,27.149999618530273,27.18000030517578,27.149999618530273,27.18000030517578,1385,0.0,0.0,ARLP,2m
2026-03-18 14:36:00-04:00,27.190000534057617,27.200000762939453,27.190000534057617,27.190000534057617,741,0.0,0.0,ARLP,2m
2026-03-18 14:38:00-04:00,27.184999465942383,27.184999465942383,27.184999465942383,27.184999465942383,400,0.0,0.0,ARLP,2m
2026-03-18 14:40:00-04:00,27.184999465942383,27.184999465942383,27.18000030517578,27.18000030517578,200,0.0,0.0,ARLP,2m
2026-03-18 14:42:00-04:00,27.18000030517578,27.18000030517578,27.18000030517578,27.18000030517578,102,0.0,0.0,ARLP,2m
2026-03-18 14:46:00-04:00,27.174999237060547,27.174999237060547,27.174999237060547,27.174999237060547,180,0.0,0.0,ARLP,2m
2026-03-18 14:50:00-04:00,27.18000030517578,27.18000030517578,27.18000030517578,27.18000030517578,130,0.0,0.0,ARLP,2m
2026-03-18 14:52:00-04:00,27.200000762939453,27.225000381469727,27.200000762939453,27.225000381469727,359,0.0,0.0,ARLP,2m
2026-03-18 14:56:00-04:00,27.200000762939453,27.200000762939453,27.200000762939453,27.200000762939453,208,0.0,0.0,ARLP,2m
2026-03-18 15:00:00-04:00,27.25,27.25,27.25,27.25,457,0.0,0.0,ARLP,2m
2026-03-18 15:02:00-04:00,27.290000915527344,27.290000915527344,27.290000915527344,27.290000915527344,230,0.0,0.0,ARLP,2m
2026-03-18 15:06:00-04:00,27.309999465942383,27.309999465942383,27.309999465942383,27.309999465942383,2028,0.0,0.0,ARLP,2m
2026-03-18 15:10:00-04:00,27.360000610351562,27.399999618530273,27.360000610351562,27.399999618530273,2807,0.0,0.0,ARLP,2m
2026-03-18 15:12:00-04:00,27.440000534057617,27.440000534057617,27.360000610351562,27.360000610351562,443,0.0,0.0,ARLP,2m
2026-03-18 15:16:00-04:00,27.315000534057617,27.368499755859375,27.315000534057617,27.368499755859375,31119,0.0,0.0,ARLP,2m
2026-03-18 15:18:00-04:00,27.315000534057617,27.315000534057617,27.315000534057617,27.315000534057617,0,0.0,0.0,ARLP,2m
2026-03-18 15:20:00-04:00,27.399999618530273,27.399999618530273,27.315000534057617,27.315000534057617,1664,0.0,0.0,ARLP,2m
2026-03-18 15:26:00-04:00,27.389999389648438,27.389999389648438,27.389999389648438,27.389999389648438,32756,0.0,0.0,ARLP,2m
2026-03-18 15:28:00-04:00,27.360000610351562,27.360000610351562,27.360000610351562,27.360000610351562,0,0.0,0.0,ARLP,2m
2026-03-18 15:30:00-04:00,27.354999542236328,27.354999542236328,27.288000106811523,27.288000106811523,652,0.0,0.0,ARLP,2m
2026-03-18 15:32:00-04:00,27.34000015258789,27.34000015258789,27.34000015258789,27.34000015258789,540,0.0,0.0,ARLP,2m
2026-03-18 15:34:00-04:00,27.270000457763672,27.270000457763672,27.270000457763672,27.270000457763672,2413,0.0,0.0,ARLP,2m
2026-03-18 15:36:00-04:00,27.281299591064453,27.344999313354492,27.281299591064453,27.344999313354492,553,0.0,0.0,ARLP,2m
2026-03-18 15:42:00-04:00,27.329999923706055,27.329999923706055,27.270099639892578,27.270099639892578,362,0.0,0.0,ARLP,2m
2026-03-18 15:44:00-04:00,27.329999923706055,27.3799991607666,27.329999923706055,27.344999313354492,1558,0.0,0.0,ARLP,2m
2026-03-18 15:46:00-04:00,27.334999084472656,27.334999084472656,27.334999084472656,27.334999084472656,440,0.0,0.0,ARLP,2m
2026-03-18 15:48:00-04:00,27.350000381469727,27.350000381469727,27.329999923706055,27.329999923706055,832,0.0,0.0,ARLP,2m
2026-03-18 15:50:00-04:00,27.354999542236328,27.354999542236328,27.350000381469727,27.350000381469727,407,0.0,0.0,ARLP,2m
2026-03-18 15:52:00-04:00,27.350000381469727,27.350000381469727,27.350000381469727,27.350000381469727,110,0.0,0.0,ARLP,2m
2026-03-18 15:54:00-04:00,27.344999313354492,27.344999313354492,27.344999313354492,27.344999313354492,542,0.0,0.0,ARLP,2m
2026-03-18 15:56:00-04:00,27.3700008392334,27.3799991607666,27.31999969482422,27.360000610351562,2959,0.0,0.0,ARLP,2m
2026-03-18 15:58:00-04:00,27.360000610351562,27.389999389648438,27.350000381469727,27.3700008392334,3898,0.0,0.0,ARLP,2m
2026-03-19 09:30:00-04:00,27.350000381469727,27.350000381469727,27.25,27.25,4753,0.0,0.0,ARLP,2m
2026-03-19 09:34:00-04:00,27.280000686645508,27.280000686645508,27.280000686645508,27.280000686645508,448,0.0,0.0,ARLP,2m
2026-03-19 09:38:00-04:00,27.280000686645508,27.280000686645508,27.280000686645508,27.280000686645508,7648,0.0,0.0,ARLP,2m
2026-03-19 09:40:00-04:00,27.297500610351562,27.297500610351562,27.280000686645508,27.295000076293945,551,0.0,0.0,ARLP,2m
2026-03-19 09:48:00-04:00,27.295000076293945,27.295000076293945,27.295000076293945,27.295000076293945,185,0.0,0.0,ARLP,2m
2026-03-19 09:50:00-04:00,27.310300827026367,27.312000274658203,27.210100173950195,27.312000274658203,634,0.0,0.0,ARLP,2m
2026-03-19 09:52:00-04:00,27.375,27.375,27.375,27.375,3851,0.0,0.0,ARLP,2m
2026-03-19 09:54:00-04:00,27.439899444580078,27.439899444580078,27.401500701904297,27.401500701904297,1021,0.0,0.0,ARLP,2m
2026-03-19 09:56:00-04:00,27.415000915527344,27.510000228881836,27.415000915527344,27.510000228881836,1711,0.0,0.0,ARLP,2m
2026-03-19 09:58:00-04:00,27.564899444580078,27.610000610351562,27.564899444580078,27.610000610351562,2219,0.0,0.0,ARLP,2m
2026-03-19 10:00:00-04:00,27.579999923706055,27.579999923706055,27.579999923706055,27.579999923706055,409,0.0,0.0,ARLP,2m
2026-03-19 10:02:00-04:00,27.555099487304688,27.555099487304688,27.55500030517578,27.55500030517578,332,0.0,0.0,ARLP,2m
2026-03-19 10:06:00-04:00,27.610000610351562,27.610000610351562,27.594200134277344,27.600000381469727,1210,0.0,0.0,ARLP,2m
2026-03-19 10:08:00-04:00,27.639999389648438,27.65999984741211,27.635000228881836,27.65999984741211,3581,0.0,0.0,ARLP,2m
2026-03-19 10:10:00-04:00,27.665000915527344,27.75,27.665000915527344,27.75,9696,0.0,0.0,ARLP,2m
2026-03-19 10:12:00-04:00,27.725000381469727,27.79800033569336,27.725000381469727,27.79800033569336,1389,0.0,0.0,ARLP,2m
2026-03-19 10:14:00-04:00,27.649999618530273,27.649999618530273,27.649999618530273,27.649999618530273,118,0.0,0.0,ARLP,2m
2026-03-19 10:16:00-04:00,27.725000381469727,27.725000381469727,27.725000381469727,27.725000381469727,990,0.0,0.0,ARLP,2m
2026-03-19 10:18:00-04:00,27.709999084472656,27.770000457763672,27.700000762939453,27.770000457763672,14975,0.0,0.0,ARLP,2m
2026-03-19 10:20:00-04:00,27.770000457763672,27.780000686645508,27.770000457763672,27.780000686645508,1354,0.0,0.0,ARLP,2m
2026-03-19 10:22:00-04:00,27.844999313354492,27.844999313354492,27.809999465942383,27.809999465942383,659,0.0,0.0,ARLP,2m
2026-03-19 10:24:00-04:00,27.760000228881836,27.760000228881836,27.760000228881836,27.760000228881836,18200,0.0,0.0,ARLP,2m
2026-03-19 10:28:00-04:00,27.780000686645508,27.780000686645508,27.780000686645508,27.780000686645508,0,0.0,0.0,ARLP,2m
2026-03-19 10:30:00-04:00,27.790000915527344,27.8700008392334,27.790000915527344,27.844999313354492,5383,0.0,0.0,ARLP,2m
2026-03-19 10:32:00-04:00,27.875,27.899999618530273,27.875,27.899999618530273,2710,0.0,0.0,ARLP,2m
2026-03-19 10:34:00-04:00,27.90999984741211,27.940000534057617,27.899999618530273,27.899999618530273,28515,0.0,0.0,ARLP,2m
2026-03-19 10:36:00-04:00,27.899999618530273,27.93000030517578,27.88159942626953,27.90999984741211,10612,0.0,0.0,ARLP,2m
2026-03-19 10:38:00-04:00,27.8799991607666,27.8799991607666,27.8799991607666,27.8799991607666,2494,0.0,0.0,ARLP,2m
2026-03-19 10:40:00-04:00,27.950000762939453,28.0,27.950000762939453,28.0,10839,0.0,0.0,ARLP,2m
2026-03-19 10:42:00-04:00,27.993999481201172,28.18000030517578,27.993999481201172,28.170000076293945,10127,0.0,0.0,ARLP,2m
2026-03-19 10:44:00-04:00,28.170000076293945,28.309999465942383,28.049999237060547,28.309999465942383,4633,0.0,0.0,ARLP,2m
2026-03-19 10:46:00-04:00,28.290000915527344,28.309999465942383,28.290000915527344,28.309999465942383,480,0.0,0.0,ARLP,2m
2026-03-19 10:48:00-04:00,28.290000915527344,28.290000915527344,28.123699188232422,28.180099487304688,76308,0.0,0.0,ARLP,2m
2026-03-19 10:50:00-04:00,28.219999313354492,28.270000457763672,28.219999313354492,28.239999771118164,1177,0.0,0.0,ARLP,2m
2026-03-19 10:52:00-04:00,28.229999542236328,28.24880027770996,28.200000762939453,28.200000762939453,3005,0.0,0.0,ARLP,2m
2026-03-19 10:54:00-04:00,28.200000762939453,28.299999237060547,28.200000762939453,28.239999771118164,6322,0.0,0.0,ARLP,2m
2026-03-19 10:56:00-04:00,28.219999313354492,28.229999542236328,28.184999465942383,28.229999542236328,76153,0.0,0.0,ARLP,2m
2026-03-19 10:58:00-04:00,28.25,28.299999237060547,28.219999313354492,28.25749969482422,5998,0.0,0.0,ARLP,2m
2026-03-19 11:00:00-04:00,28.260000228881836,28.315000534057617,28.260000228881836,28.290000915527344,7112,0.0,0.0,ARLP,2m
2026-03-19 11:02:00-04:00,28.2549991607666,28.270000457763672,28.2549991607666,28.270000457763672,618,0.0,0.0,ARLP,2m
2026-03-19 11:04:00-04:00,28.2549991607666,28.2549991607666,28.25,28.25,1883,0.0,0.0,ARLP,2m
2026-03-19 11:06:00-04:00,28.25,28.27050018310547,28.25,28.27050018310547,1120,0.0,0.0,ARLP,2m
2026-03-19 11:08:00-04:00,28.25,28.25,28.226999282836914,28.226999282836914,331,0.0,0.0,ARLP,2m
2026-03-19 11:10:00-04:00,28.219999313354492,28.219999313354492,28.155000686645508,28.209999084472656,1790,0.0,0.0,ARLP,2m
2026-03-19 11:12:00-04:00,28.219900131225586,28.34000015258789,28.155000686645508,28.260000228881836,11853,0.0,0.0,ARLP,2m
2026-03-19 11:14:00-04:00,28.2549991607666,28.329999923706055,28.2549991607666,28.329999923706055,716,0.0,0.0,ARLP,2m
2026-03-19 11:16:00-04:00,28.350000381469727,28.3700008392334,28.239999771118164,28.239999771118164,84877,0.0,0.0,ARLP,2m
2026-03-19 11:18:00-04:00,28.239999771118164,28.25,28.239999771118164,28.239999771118164,835,0.0,0.0,ARLP,2m
2026-03-19 11:20:00-04:00,28.239999771118164,28.290000915527344,28.239999771118164,28.290000915527344,12111,0.0,0.0,ARLP,2m
2026-03-19 11:22:00-04:00,28.30500030517578,28.34000015258789,28.229999542236328,28.34000015258789,100,0.0,0.0,ARLP,2m
2026-03-19 11:24:00-04:00,28.329999923706055,28.440000534057617,28.329999923706055,28.3700008392334,17752,0.0,0.0,ARLP,2m
2026-03-19 11:26:00-04:00,28.34000015258789,28.489900588989258,28.334999084472656,28.450000762939453,7433,0.0,0.0,ARLP,2m
2026-03-19 11:28:00-04:00,28.43000030517578,28.469999313354492,28.405000686645508,28.440000534057617,4009,0.0,0.0,ARLP,2m
2026-03-19 11:30:00-04:00,28.459999084472656,28.459999084472656,28.451499938964844,28.454999923706055,1964,0.0,0.0,ARLP,2m
2026-03-19 11:32:00-04:00,28.454999923706055,28.474000930786133,28.395000457763672,28.474000930786133,1081,0.0,0.0,ARLP,2m
2026-03-19 11:36:00-04:00,28.389999389648438,28.469999313354492,28.389999389648438,28.440000534057617,8158,0.0,0.0,ARLP,2m
2026-03-19 11:38:00-04:00,28.399999618530273,28.450000762939453,28.399999618530273,28.434999465942383,2260,0.0,0.0,ARLP,2m
2026-03-19 11:40:00-04:00,28.400400161743164,28.400400161743164,28.389999389648438,28.389999389648438,1330,0.0,0.0,ARLP,2m
2026-03-19 11:42:00-04:00,28.450000762939453,28.549999237060547,28.434999465942383,28.540000915527344,10147,0.0,0.0,ARLP,2m
2026-03-19 11:44:00-04:00,28.510000228881836,28.649999618530273,28.510000228881836,28.649999618530273,117930,0.0,0.0,ARLP,2m
2026-03-19 11:46:00-04:00,28.670000076293945,28.799999237060547,28.670000076293945,28.799999237060547,5831,0.0,0.0,ARLP,2m
2026-03-19 11:48:00-04:00,28.770000457763672,28.795000076293945,28.7450008392334,28.795000076293945,5340,0.0,0.0,ARLP,2m
2026-03-19 11:50:00-04:00,28.729999542236328,28.729999542236328,28.574899673461914,28.670000076293945,127447,0.0,0.0,ARLP,2m
2026-03-19 11:52:00-04:00,28.65999984741211,28.65999984741211,28.65999984741211,28.65999984741211,979,0.0,0.0,ARLP,2m
2026-03-19 11:54:00-04:00,28.700000762939453,28.729999542236328,28.700000762939453,28.700000762939453,756,0.0,0.0,ARLP,2m
2026-03-19 11:56:00-04:00,28.700000762939453,28.75,28.690000534057617,28.719999313354492,7196,0.0,0.0,ARLP,2m
2026-03-19 11:58:00-04:00,28.700000762939453,28.75,28.700000762939453,28.700000762939453,2695,0.0,0.0,ARLP,2m
2026-03-19 12:00:00-04:00,28.75,28.780000686645508,28.75,28.780000686645508,1187,0.0,0.0,ARLP,2m
2026-03-19 12:02:00-04:00,28.75,28.75,28.75,28.75,123698,0.0,0.0,ARLP,2m
2026-03-19 12:06:00-04:00,28.790000915527344,28.799999237060547,28.75,28.780000686645508,160,0.0,0.0,ARLP,2m
2026-03-19 12:08:00-04:00,28.74049949645996,28.74049949645996,28.735000610351562,28.735000610351562,1166,0.0,0.0,ARLP,2m
2026-03-19 12:10:00-04:00,28.72800064086914,28.770000457763672,28.72800064086914,28.770000457763672,274,0.0,0.0,ARLP,2m
2026-03-19 12:12:00-04:00,28.770099639892578,28.81999969482422,28.700000762939453,28.700000762939453,144340,0.0,0.0,ARLP,2m
2026-03-19 12:14:00-04:00,28.725000381469727,28.725000381469727,28.725000381469727,28.725000381469727,137,0.0,0.0,ARLP,2m
2026-03-19 12:16:00-04:00,28.726900100708008,28.760000228881836,28.725000381469727,28.760000228881836,5852,0.0,0.0,ARLP,2m
2026-03-19 12:18:00-04:00,28.809999465942383,28.84000015258789,28.809999465942383,28.809999465942383,1407,0.0,0.0,ARLP,2m
2026-03-19 12:20:00-04:00,28.809999465942383,28.8799991607666,28.809999465942383,28.860000610351562,3172,0.0,0.0,ARLP,2m
2026-03-19 12:22:00-04:00,28.852500915527344,28.854999542236328,28.84000015258789,28.84000015258789,2062,0.0,0.0,ARLP,2m
2026-03-19 12:24:00-04:00,28.81999969482422,28.886999130249023,28.815000534057617,28.854999542236328,4982,0.0,0.0,ARLP,2m
2026-03-19 12:26:00-04:00,28.899999618530273,28.899999618530273,28.860000610351562,28.860000610351562,809,0.0,0.0,ARLP,2m
2026-03-19 12:28:00-04:00,28.829999923706055,28.834999084472656,28.809999465942383,28.81999969482422,2145,0.0,0.0,ARLP,2m
2026-03-19 12:30:00-04:00,28.849899291992188,28.850000381469727,28.844999313354492,28.844999313354492,1553,0.0,0.0,ARLP,2m
2026-03-19 12:32:00-04:00,28.800100326538086,28.88990020751953,28.800100326538086,28.850000381469727,945,0.0,0.0,ARLP,2m
2026-03-19 12:34:00-04:00,28.850000381469727,28.889999389648438,28.850000381469727,28.889999389648438,482,0.0,0.0,ARLP,2m
2026-03-19 12:36:00-04:00,28.860000610351562,28.889999389648438,28.860000610351562,28.8700008392334,1626,0.0,0.0,ARLP,2m
2026-03-19 12:40:00-04:00,28.899999618530273,28.940000534057617,28.899999618530273,28.940000534057617,2905,0.0,0.0,ARLP,2m
2026-03-19 12:42:00-04:00,28.949899673461914,28.950000762939453,28.91230010986328,28.924999237060547,173118,0.0,0.0,ARLP,2m
2026-03-19 12:44:00-04:00,28.900100708007812,28.924999237060547,28.900100708007812,28.915000915527344,290,0.0,0.0,ARLP,2m
2026-03-19 12:46:00-04:00,28.889999389648438,28.899999618530273,28.834999084472656,28.851600646972656,2039,0.0,0.0,ARLP,2m
2026-03-19 12:48:00-04:00,28.834999084472656,28.8700008392334,28.809999465942383,28.8700008392334,2812,0.0,0.0,ARLP,2m
2026-03-19 12:50:00-04:00,28.8700008392334,28.8700008392334,28.79010009765625,28.800100326538086,905,0.0,0.0,ARLP,2m
2026-03-19 12:52:00-04:00,28.84000015258789,28.8439998626709,28.84000015258789,28.8439998626709,367,0.0,0.0,ARLP,2m
2026-03-19 12:54:00-04:00,28.809999465942383,28.809999465942383,28.790000915527344,28.799999237060547,1112,0.0,0.0,ARLP,2m
2026-03-19 12:56:00-04:00,28.809999465942383,28.809999465942383,28.790000915527344,28.790000915527344,1035,0.0,0.0,ARLP,2m
2026-03-19 12:58:00-04:00,28.790000915527344,28.790000915527344,28.790000915527344,28.790000915527344,111,0.0,0.0,ARLP,2m
2026-03-19 13:00:00-04:00,28.75,28.770000457763672,28.690000534057617,28.709999084472656,1426,0.0,0.0,ARLP,2m
2026-03-19 13:04:00-04:00,28.760000228881836,28.760000228881836,28.760000228881836,28.760000228881836,400,0.0,0.0,ARLP,2m
2026-03-19 13:06:00-04:00,28.760000228881836,28.829999923706055,28.760000228881836,28.829999923706055,1708,0.0,0.0,ARLP,2m
2026-03-19 13:08:00-04:00,28.829999923706055,28.829999923706055,28.684999465942383,28.684999465942383,1850,0.0,0.0,ARLP,2m
2026-03-19 13:10:00-04:00,28.7810001373291,28.878000259399414,28.7810001373291,28.844999313354492,1971,0.0,0.0,ARLP,2m
2026-03-19 13:12:00-04:00,28.81399917602539,28.81399917602539,28.806400299072266,28.806400299072266,180690,0.0,0.0,ARLP,2m
2026-03-19 13:14:00-04:00,28.780000686645508,28.78499984741211,28.71500015258789,28.749900817871094,1183,0.0,0.0,ARLP,2m
2026-03-19 13:16:00-04:00,28.71500015258789,28.71500015258789,28.71500015258789,28.71500015258789,1088,0.0,0.0,ARLP,2m
2026-03-19 13:18:00-04:00,28.722000122070312,28.722000122070312,28.722000122070312,28.722000122070312,141,0.0,0.0,ARLP,2m
2026-03-19 13:20:00-04:00,28.715099334716797,28.715099334716797,28.71500015258789,28.71500015258789,377,0.0,0.0,ARLP,2m
2026-03-19 13:22:00-04:00,28.75,28.815000534057617,28.75,28.815000534057617,641,0.0,0.0,ARLP,2m
2026-03-19 13:24:00-04:00,28.790000915527344,28.790000915527344,28.790000915527344,28.790000915527344,353,0.0,0.0,ARLP,2m
2026-03-19 13:26:00-04:00,28.849899291992188,28.849899291992188,28.849899291992188,28.849899291992188,317,0.0,0.0,ARLP,2m
2026-03-19 13:28:00-04:00,28.78499984741211,28.78499984741211,28.78499984741211,28.78499984741211,356,0.0,0.0,ARLP,2m
2026-03-19 13:32:00-04:00,28.809999465942383,28.809999465942383,28.809999465942383,28.809999465942383,328,0.0,0.0,ARLP,2m
2026-03-19 13:34:00-04:00,28.809999465942383,28.809999465942383,28.809999465942383,28.809999465942383,726,0.0,0.0,ARLP,2m
2026-03-19 13:36:00-04:00,28.770000457763672,28.770000457763672,28.770000457763672,28.770000457763672,273,0.0,0.0,ARLP,2m
2026-03-19 13:38:00-04:00,28.7450008392334,28.760000228881836,28.7450008392334,28.760000228881836,728,0.0,0.0,ARLP,2m
2026-03-19 13:42:00-04:00,28.770000457763672,28.77669906616211,28.770000457763672,28.77669906616211,487,0.0,0.0,ARLP,2m
2026-03-19 13:44:00-04:00,28.766000747680664,28.766000747680664,28.766000747680664,28.766000747680664,155,0.0,0.0,ARLP,2m
2026-03-19 13:46:00-04:00,28.729999542236328,28.780000686645508,28.729999542236328,28.729999542236328,191264,0.0,0.0,ARLP,2m
2026-03-19 13:48:00-04:00,28.75,28.780000686645508,28.709999084472656,28.780000686645508,167,0.0,0.0,ARLP,2m
2026-03-19 13:52:00-04:00,28.75,28.7549991607666,28.75,28.7549991607666,684,0.0,0.0,ARLP,2m
2026-03-19 13:56:00-04:00,28.7450008392334,28.7450008392334,28.6658992767334,28.709999084472656,5797,0.0,0.0,ARLP,2m
2026-03-19 14:00:00-04:00,28.709999084472656,28.709999084472656,28.709999084472656,28.709999084472656,376,0.0,0.0,ARLP,2m
2026-03-19 14:02:00-04:00,28.715099334716797,28.715099334716797,28.715099334716797,28.715099334716797,2945,0.0,0.0,ARLP,2m
2026-03-19 14:04:00-04:00,28.719999313354492,28.719999313354492,28.71500015258789,28.71500015258789,0,0.0,0.0,ARLP,2m
2026-03-19 14:06:00-04:00,28.715099334716797,28.715099334716797,28.600000381469727,28.600000381469727,7038,0.0,0.0,ARLP,2m
2026-03-19 14:08:00-04:00,28.673999786376953,28.700000762939453,28.550100326538086,28.550100326538086,1500,0.0,0.0,ARLP,2m
2026-03-19 14:10:00-04:00,28.645000457763672,28.729999542236328,28.645000457763672,28.729999542236328,864,0.0,0.0,ARLP,2m
2026-03-19 14:12:00-04:00,28.649999618530273,28.649999618530273,28.649999618530273,28.649999618530273,1040,0.0,0.0,ARLP,2m
2026-03-19 14:18:00-04:00,28.579999923706055,28.579999923706055,28.579999923706055,28.579999923706055,590,0.0,0.0,ARLP,2m
2026-03-19 14:20:00-04:00,28.649999618530273,28.649999618530273,28.649999618530273,28.649999618530273,292,0.0,0.0,ARLP,2m
2026-03-19 14:28:00-04:00,28.639999389648438,28.699899673461914,28.639999389648438,28.699899673461914,3416,0.0,0.0,ARLP,2m
2026-03-19 14:30:00-04:00,28.6299991607666,28.6299991607666,28.600000381469727,28.600000381469727,201543,0.0,0.0,ARLP,2m
2026-03-19 14:32:00-04:00,28.64419937133789,28.64419937133789,28.64419937133789,28.64419937133789,0,0.0,0.0,ARLP,2m
2026-03-19 14:34:00-04:00,28.635000228881836,28.635000228881836,28.635000228881836,28.635000228881836,153,0.0,0.0,ARLP,2m
2026-03-19 14:38:00-04:00,28.6200008392334,28.665000915527344,28.6200008392334,28.665000915527344,1230,0.0,0.0,ARLP,2m
2026-03-19 14:44:00-04:00,28.700000762939453,28.735000610351562,28.690000534057617,28.699499130249023,2768,0.0,0.0,ARLP,2m
2026-03-19 14:48:00-04:00,28.690000534057617,28.690000534057617,28.690000534057617,28.690000534057617,1332,0.0,0.0,ARLP,2m
2026-03-19 14:50:00-04:00,28.709999084472656,28.739999771118164,28.709999084472656,28.725000381469727,1154,0.0,0.0,ARLP,2m
2026-03-19 14:52:00-04:00,28.715999603271484,28.75,28.715999603271484,28.739999771118164,206201,0.0,0.0,ARLP,2m
2026-03-19 14:54:00-04:00,28.770000457763672,28.770000457763672,28.770000457763672,28.770000457763672,1000,0.0,0.0,ARLP,2m
2026-03-19 14:56:00-04:00,28.739999771118164,28.739999771118164,28.68000030517578,28.68000030517578,133,0.0,0.0,ARLP,2m
2026-03-19 14:58:00-04:00,28.65999984741211,28.65999984741211,28.65999984741211,28.65999984741211,206560,0.0,0.0,ARLP,2m
2026-03-19 15:00:00-04:00,28.719999313354492,28.719999313354492,28.600099563598633,28.600099563598633,227,0.0,0.0,ARLP,2m
2026-03-19 15:02:00-04:00,28.809900283813477,28.809900283813477,28.809900283813477,28.809900283813477,572,0.0,0.0,ARLP,2m
2026-03-19 15:04:00-04:00,28.725000381469727,28.725000381469727,28.725000381469727,28.725000381469727,1002,0.0,0.0,ARLP,2m
2026-03-19 15:06:00-04:00,28.809999465942383,28.850000381469727,28.774999618530273,28.780000686645508,5795,0.0,0.0,ARLP,2m
2026-03-19 15:08:00-04:00,28.790000915527344,28.799999237060547,28.719999313354492,28.72010040283203,220971,0.0,0.0,ARLP,2m
2026-03-19 15:10:00-04:00,28.69499969482422,28.69499969482422,28.69499969482422,28.69499969482422,0,0.0,0.0,ARLP,2m
2026-03-19 15:12:00-04:00,28.69499969482422,28.69499969482422,28.639999389648438,28.69499969482422,885,0.0,0.0,ARLP,2m
2026-03-19 15:14:00-04:00,28.69499969482422,28.69499969482422,28.559999465942383,28.579999923706055,6580,0.0,0.0,ARLP,2m
2026-03-19 15:16:00-04:00,28.559999465942383,28.59000015258789,28.559999465942383,28.57939910888672,218688,0.0,0.0,ARLP,2m
2026-03-19 15:18:00-04:00,28.59000015258789,28.625,28.56999969482422,28.6200008392334,2193,0.0,0.0,ARLP,2m
2026-03-19 15:20:00-04:00,28.56999969482422,28.614999771118164,28.56999969482422,28.610000610351562,1157,0.0,0.0,ARLP,2m
2026-03-19 15:22:00-04:00,28.610000610351562,28.614999771118164,28.56999969482422,28.614999771118164,221899,0.0,0.0,ARLP,2m
2026-03-19 15:26:00-04:00,28.559999465942383,28.559999465942383,28.559999465942383,28.559999465942383,620,0.0,0.0,ARLP,2m
2026-03-19 15:28:00-04:00,28.540000915527344,28.540000915527344,28.540000915527344,28.540000915527344,223832,0.0,0.0,ARLP,2m
2026-03-19 15:30:00-04:00,28.575000762939453,28.583999633789062,28.575000762939453,28.583999633789062,0,0.0,0.0,ARLP,2m
2026-03-19 15:32:00-04:00,28.579999923706055,28.579999923706055,28.579999923706055,28.579999923706055,129,0.0,0.0,ARLP,2m
2026-03-19 15:34:00-04:00,28.579999923706055,28.579999923706055,28.579999923706055,28.579999923706055,200,0.0,0.0,ARLP,2m
2026-03-19 15:36:00-04:00,28.579999923706055,28.614999771118164,28.579999923706055,28.59000015258789,4248,0.0,0.0,ARLP,2m
2026-03-19 15:38:00-04:00,28.59000015258789,28.59000015258789,28.579999923706055,28.579999923706055,1195,0.0,0.0,ARLP,2m
2026-03-19 15:40:00-04:00,28.530000686645508,28.579999923706055,28.530000686645508,28.540000915527344,4897,0.0,0.0,ARLP,2m
2026-03-19 15:42:00-04:00,28.540000915527344,28.56999969482422,28.489999771118164,28.5049991607666,5594,0.0,0.0,ARLP,2m
2026-03-19 15:44:00-04:00,28.549999237060547,28.600000381469727,28.549999237060547,28.579999923706055,1339,0.0,0.0,ARLP,2m
2026-03-19 15:46:00-04:00,28.579999923706055,28.59000015258789,28.578399658203125,28.578399658203125,1425,0.0,0.0,ARLP,2m
2026-03-19 15:48:00-04:00,28.56999969482422,28.574399948120117,28.565000534057617,28.565000534057617,1421,0.0,0.0,ARLP,2m
2026-03-19 15:50:00-04:00,28.549999237060547,28.575000762939453,28.520000457763672,28.549999237060547,4351,0.0,0.0,ARLP,2m
2026-03-19 15:52:00-04:00,28.549999237060547,28.579999923706055,28.510000228881836,28.51759910583496,15378,0.0,0.0,ARLP,2m
2026-03-19 15:54:00-04:00,28.510000228881836,28.520000457763672,28.4950008392334,28.4950008392334,4871,0.0,0.0,ARLP,2m
2026-03-19 15:56:00-04:00,28.481000900268555,28.489900588989258,28.450000762939453,28.450000762939453,3895,0.0,0.0,ARLP,2m
2026-03-19 15:58:00-04:00,28.489900588989258,28.489999771118164,28.420000076293945,28.420499801635742,3325,0.0,0.0,ARLP,2m
2026-03-20 09:30:00-04:00,28.509899139404297,28.509899139404297,28.32360076904297,28.32360076904297,2517,0.0,0.0,ARLP,2m
2026-03-20 09:32:00-04:00,28.3700008392334,28.3700008392334,28.3700008392334,28.3700008392334,543,0.0,0.0,ARLP,2m
2026-03-20 09:34:00-04:00,28.385000228881836,28.385000228881836,28.385000228881836,28.385000228881836,129,0.0,0.0,ARLP,2m
2026-03-20 09:36:00-04:00,28.385000228881836,28.454999923706055,28.385000228881836,28.385000228881836,1501,0.0,0.0,ARLP,2m
2026-03-20 09:38:00-04:00,28.320100784301758,28.440000534057617,28.320100784301758,28.405000686645508,2289,0.0,0.0,ARLP,2m
2026-03-20 09:40:00-04:00,28.320100784301758,28.360000610351562,28.320100784301758,28.360000610351562,479,0.0,0.0,ARLP,2m
2026-03-20 09:44:00-04:00,28.389999389648438,28.479999542236328,28.3799991607666,28.3799991607666,8076,0.0,0.0,ARLP,2m
2026-03-20 09:46:00-04:00,28.420000076293945,28.420000076293945,28.420000076293945,28.420000076293945,312,0.0,0.0,ARLP,2m
2026-03-20 09:48:00-04:00,28.350000381469727,28.459999084472656,28.350000381469727,28.406700134277344,2347,0.0,0.0,ARLP,2m
2026-03-20 09:50:00-04:00,28.402599334716797,28.424999237060547,28.402599334716797,28.424999237060547,1006,0.0,0.0,ARLP,2m
2026-03-20 09:52:00-04:00,28.43000030517578,28.479999542236328,28.43000030517578,28.43000030517578,952,0.0,0.0,ARLP,2m
2026-03-20 09:54:00-04:00,28.47800064086914,28.549999237060547,28.47800064086914,28.540000915527344,13418,0.0,0.0,ARLP,2m
2026-03-20 09:56:00-04:00,28.559999465942383,28.649999618530273,28.559900283813477,28.639999389648438,2365,0.0,0.0,ARLP,2m
2026-03-20 09:58:00-04:00,28.600000381469727,28.600000381469727,28.600000381469727,28.600000381469727,1428,0.0,0.0,ARLP,2m
2026-03-20 10:00:00-04:00,28.520000457763672,28.520000457763672,28.520000457763672,28.520000457763672,515,0.0,0.0,ARLP,2m
2026-03-20 10:02:00-04:00,28.53499984741211,28.559999465942383,28.520000457763672,28.530000686645508,4494,0.0,0.0,ARLP,2m
2026-03-20 10:04:00-04:00,28.549999237060547,28.6200008392334,28.549999237060547,28.6200008392334,1986,0.0,0.0,ARLP,2m
2026-03-20 10:06:00-04:00,28.645000457763672,28.645000457763672,28.600000381469727,28.600000381469727,740,0.0,0.0,ARLP,2m
2026-03-20 10:08:00-04:00,28.584999084472656,28.59000015258789,28.540700912475586,28.540700912475586,5070,0.0,0.0,ARLP,2m
2026-03-20 10:10:00-04:00,28.530000686645508,28.530000686645508,28.530000686645508,28.530000686645508,248,0.0,0.0,ARLP,2m
2026-03-20 10:12:00-04:00,28.530000686645508,28.559999465942383,28.530000686645508,28.559999465942383,1745,0.0,0.0,ARLP,2m
2026-03-20 10:14:00-04:00,28.530000686645508,28.530000686645508,28.459999084472656,28.459999084472656,2393,0.0,0.0,ARLP,2m
2026-03-20 10:18:00-04:00,28.38010025024414,28.469999313354492,28.38010025024414,28.469999313354492,732,0.0,0.0,ARLP,2m
2026-03-20 10:20:00-04:00,28.46500015258789,28.46500015258789,28.44499969482422,28.44499969482422,550,0.0,0.0,ARLP,2m
2026-03-20 10:22:00-04:00,28.434999465942383,28.440000534057617,28.431699752807617,28.440000534057617,953,0.0,0.0,ARLP,2m
2026-03-20 10:26:00-04:00,28.434999465942383,28.434999465942383,28.43000030517578,28.43000030517578,7406,0.0,0.0,ARLP,2m
2026-03-20 10:28:00-04:00,28.434999465942383,28.450000762939453,28.40999984741211,28.450000762939453,1330,0.0,0.0,ARLP,2m
2026-03-20 10:30:00-04:00,28.454999923706055,28.53499984741211,28.454999923706055,28.459999084472656,2513,0.0,0.0,ARLP,2m
2026-03-20 10:32:00-04:00,28.440000534057617,28.440000534057617,28.440000534057617,28.440000534057617,611,0.0,0.0,ARLP,2m
2026-03-20 10:34:00-04:00,28.440000534057617,28.44499969482422,28.440000534057617,28.44499969482422,1527,0.0,0.0,ARLP,2m
2026-03-20 10:36:00-04:00,28.464000701904297,28.464000701904297,28.44499969482422,28.44499969482422,1276,0.0,0.0,ARLP,2m
2026-03-20 10:38:00-04:00,28.44499969482422,28.44499969482422,28.44499969482422,28.44499969482422,1029,0.0,0.0,ARLP,2m
2026-03-20 10:40:00-04:00,28.489999771118164,28.489999771118164,28.44499969482422,28.44499969482422,519,0.0,0.0,ARLP,2m
2026-03-20 10:42:00-04:00,28.44499969482422,28.44499969482422,28.44499969482422,28.44499969482422,318,0.0,0.0,ARLP,2m
2026-03-20 10:44:00-04:00,28.44499969482422,28.489999771118164,28.44499969482422,28.44499969482422,649,0.0,0.0,ARLP,2m
2026-03-20 10:46:00-04:00,28.44499969482422,28.489999771118164,28.44499969482422,28.489999771118164,1463,0.0,0.0,ARLP,2m
2026-03-20 10:48:00-04:00,28.469999313354492,28.479999542236328,28.469999313354492,28.475000381469727,10167,0.0,0.0,ARLP,2m
2026-03-20 10:52:00-04:00,28.440000534057617,28.44070053100586,28.424999237060547,28.43000030517578,0,0.0,0.0,ARLP,2m
2026-03-20 10:54:00-04:00,28.43000030517578,28.43000030517578,28.36009979248047,28.389999389648438,4418,0.0,0.0,ARLP,2m
2026-03-20 10:58:00-04:00,28.415000915527344,28.429800033569336,28.415000915527344,28.429800033569336,400,0.0,0.0,ARLP,2m
2026-03-20 11:00:00-04:00,28.415000915527344,28.415000915527344,28.415000915527344,28.415000915527344,651,0.0,0.0,ARLP,2m
2026-03-20 11:02:00-04:00,28.415000915527344,28.415000915527344,28.415000915527344,28.415000915527344,973,0.0,0.0,ARLP,2m
2026-03-20 11:04:00-04:00,28.385000228881836,28.459999084472656,28.385000228881836,28.459999084472656,1574,0.0,0.0,ARLP,2m
2026-03-20 11:06:00-04:00,28.389999389648438,28.40999984741211,28.389999389648438,28.399999618530273,704,0.0,0.0,ARLP,2m
2026-03-20 11:08:00-04:00,28.399999618530273,28.43000030517578,28.399999618530273,28.420000076293945,921,0.0,0.0,ARLP,2m
2026-03-20 11:10:00-04:00,28.415000915527344,28.415000915527344,28.415000915527344,28.415000915527344,833,0.0,0.0,ARLP,2m
2026-03-20 11:12:00-04:00,28.389999389648438,28.450000762939453,28.389999389648438,28.450000762939453,2610,0.0,0.0,ARLP,2m
2026-03-20 11:16:00-04:00,28.43000030517578,28.469999313354492,28.420000076293945,28.469999313354492,2926,0.0,0.0,ARLP,2m
2026-03-20 11:18:00-04:00,28.450000762939453,28.475200653076172,28.450000762939453,28.475200653076172,1254,0.0,0.0,ARLP,2m
2026-03-20 11:20:00-04:00,28.469999313354492,28.469999313354492,28.420000076293945,28.44499969482422,3200,0.0,0.0,ARLP,2m
2026-03-20 11:22:00-04:00,28.44499969482422,28.44499969482422,28.44499969482422,28.44499969482422,1162,0.0,0.0,ARLP,2m
2026-03-20 11:24:00-04:00,28.44499969482422,28.44499969482422,28.420000076293945,28.440000534057617,867,0.0,0.0,ARLP,2m
2026-03-20 11:26:00-04:00,28.434999465942383,28.450000762939453,28.420000076293945,28.450000762939453,1055,0.0,0.0,ARLP,2m
2026-03-20 11:28:00-04:00,28.434999465942383,28.434999465942383,28.434999465942383,28.434999465942383,109,0.0,0.0,ARLP,2m
2026-03-20 11:30:00-04:00,28.434999465942383,28.459999084472656,28.434999465942383,28.459999084472656,1119,0.0,0.0,ARLP,2m
2026-03-20 11:34:00-04:00,28.450000762939453,28.479999542236328,28.450000762939453,28.459999084472656,2886,0.0,0.0,ARLP,2m
2026-03-20 11:36:00-04:00,28.459999084472656,28.46500015258789,28.459999084472656,28.459999084472656,974,0.0,0.0,ARLP,2m
2026-03-20 11:38:00-04:00,28.46500015258789,28.46500015258789,28.3700008392334,28.395000457763672,8132,0.0,0.0,ARLP,2m
2026-03-20 11:40:00-04:00,28.395000457763672,28.395000457763672,28.395000457763672,28.395000457763672,415,0.0,0.0,ARLP,2m
2026-03-20 11:42:00-04:00,28.3799991607666,28.3799991607666,28.34000015258789,28.344999313354492,4704,0.0,0.0,ARLP,2m
2026-03-20 11:44:00-04:00,28.329999923706055,28.329999923706055,28.270000457763672,28.270000457763672,2563,0.0,0.0,ARLP,2m
2026-03-20 11:46:00-04:00,28.260000228881836,28.260000228881836,28.260000228881836,28.260000228881836,307,0.0,0.0,ARLP,2m
2026-03-20 11:48:00-04:00,28.295000076293945,28.295000076293945,28.295000076293945,28.295000076293945,2492,0.0,0.0,ARLP,2m
2026-03-20 11:50:00-04:00,28.299999237060547,28.299999237060547,28.299999237060547,28.299999237060547,743,0.0,0.0,ARLP,2m
2026-03-20 11:52:00-04:00,28.31999969482422,28.3799991607666,28.31999969482422,28.3799991607666,883,0.0,0.0,ARLP,2m
2026-03-20 11:54:00-04:00,28.36709976196289,28.36709976196289,28.36709976196289,28.36709976196289,522,0.0,0.0,ARLP,2m
2026-03-20 11:56:00-04:00,28.3700008392334,28.3700008392334,28.3700008392334,28.3700008392334,211,0.0,0.0,ARLP,2m
2026-03-20 11:58:00-04:00,28.344999313354492,28.344999313354492,28.344999313354492,28.344999313354492,2628,0.0,0.0,ARLP,2m
2026-03-20 12:02:00-04:00,28.344999313354492,28.344999313354492,28.344999313354492,28.344999313354492,3159,0.0,0.0,ARLP,2m
2026-03-20 12:04:00-04:00,28.31999969482422,28.31999969482422,28.309999465942383,28.309999465942383,1424,0.0,0.0,ARLP,2m
2026-03-20 12:06:00-04:00,28.315000534057617,28.315000534057617,28.315000534057617,28.315000534057617,257,0.0,0.0,ARLP,2m
2026-03-20 12:08:00-04:00,28.270099639892578,28.270099639892578,28.260099411010742,28.260099411010742,809,0.0,0.0,ARLP,2m
2026-03-20 12:12:00-04:00,28.28820037841797,28.28820037841797,28.28820037841797,28.28820037841797,452,0.0,0.0,ARLP,2m
2026-03-20 12:18:00-04:00,28.290000915527344,28.299999237060547,28.290000915527344,28.299999237060547,766,0.0,0.0,ARLP,2m
2026-03-20 12:20:00-04:00,28.309999465942383,28.309999465942383,28.309999465942383,28.309999465942383,216,0.0,0.0,ARLP,2m
2026-03-20 12:22:00-04:00,28.322500228881836,28.322500228881836,28.315000534057617,28.315000534057617,719,0.0,0.0,ARLP,2m
2026-03-20 12:24:00-04:00,28.299999237060547,28.315000534057617,28.299999237060547,28.299999237060547,6218,0.0,0.0,ARLP,2m
2026-03-20 12:26:00-04:00,28.299999237060547,28.299999237060547,28.28499984741211,28.28499984741211,1727,0.0,0.0,ARLP,2m
2026-03-20 12:30:00-04:00,28.298799514770508,28.298799514770508,28.270000457763672,28.280000686645508,1554,0.0,0.0,ARLP,2m
2026-03-20 12:36:00-04:00,28.274999618530273,28.274999618530273,28.274999618530273,28.274999618530273,1034,0.0,0.0,ARLP,2m
2026-03-20 12:38:00-04:00,28.260000228881836,28.260000228881836,28.25,28.25,5219,0.0,0.0,ARLP,2m
2026-03-20 12:40:00-04:00,28.2549991607666,28.2549991607666,28.239999771118164,28.239999771118164,8567,0.0,0.0,ARLP,2m
2026-03-20 12:42:00-04:00,28.239999771118164,28.239999771118164,28.239999771118164,28.239999771118164,833,0.0,0.0,ARLP,2m
2026-03-20 12:44:00-04:00,28.229999542236328,28.229999542236328,28.229999542236328,28.229999542236328,341,0.0,0.0,ARLP,2m
2026-03-20 12:46:00-04:00,28.229999542236328,28.229999542236328,28.229999542236328,28.229999542236328,824,0.0,0.0,ARLP,2m
2026-03-20 12:48:00-04:00,28.219999313354492,28.230899810791016,28.200000762939453,28.209999084472656,3429,0.0,0.0,ARLP,2m
2026-03-20 12:50:00-04:00,28.209999084472656,28.219999313354492,28.209999084472656,28.219999313354492,662,0.0,0.0,ARLP,2m
2026-03-20 12:54:00-04:00,28.235000610351562,28.235000610351562,28.235000610351562,28.235000610351562,265,0.0,0.0,ARLP,2m
2026-03-20 12:56:00-04:00,28.235000610351562,28.235000610351562,28.235000610351562,28.235000610351562,828,0.0,0.0,ARLP,2m
2026-03-20 13:00:00-04:00,28.25,28.25,28.2450008392334,28.2450008392334,946,0.0,0.0,ARLP,2m
2026-03-20 13:04:00-04:00,28.2450008392334,28.2450008392334,28.2450008392334,28.2450008392334,233,0.0,0.0,ARLP,2m
2026-03-20 13:06:00-04:00,28.229999542236328,28.239999771118164,28.225000381469727,28.239999771118164,2446,0.0,0.0,ARLP,2m
2026-03-20 13:10:00-04:00,28.239999771118164,28.239999771118164,28.239999771118164,28.239999771118164,301,0.0,0.0,ARLP,2m
2026-03-20 13:14:00-04:00,28.219999313354492,28.219999313354492,28.200000762939453,28.200000762939453,787,0.0,0.0,ARLP,2m
2026-03-20 13:16:00-04:00,28.200000762939453,28.200000762939453,28.200000762939453,28.200000762939453,484,0.0,0.0,ARLP,2m
2026-03-20 13:18:00-04:00,28.219999313354492,28.219999313354492,28.219999313354492,28.219999313354492,188,0.0,0.0,ARLP,2m
2026-03-20 13:20:00-04:00,28.209999084472656,28.209999084472656,28.209999084472656,28.209999084472656,1324,0.0,0.0,ARLP,2m
2026-03-20 13:22:00-04:00,28.209999084472656,28.209999084472656,28.104999542236328,28.114999771118164,6269,0.0,0.0,ARLP,2m
2026-03-20 13:24:00-04:00,28.135000228881836,28.170000076293945,28.110000610351562,28.110000610351562,15942,0.0,0.0,ARLP,2m
2026-03-20 13:26:00-04:00,28.139999389648438,28.139999389648438,28.020000457763672,28.030000686645508,4905,0.0,0.0,ARLP,2m
2026-03-20 13:28:00-04:00,27.959999084472656,27.979999542236328,27.959999084472656,27.979999542236328,1918,0.0,0.0,ARLP,2m
2026-03-20 13:30:00-04:00,27.959999084472656,28.0049991607666,27.940000534057617,28.0049991607666,4116,0.0,0.0,ARLP,2m
2026-03-20 13:32:00-04:00,27.969999313354492,28.0,27.950000762939453,27.9950008392334,12692,0.0,0.0,ARLP,2m
2026-03-20 13:34:00-04:00,27.979999542236328,27.979999542236328,27.959999084472656,27.959999084472656,2882,0.0,0.0,ARLP,2m
2026-03-20 13:40:00-04:00,27.96500015258789,27.969999313354492,27.959999084472656,27.969999313354492,2288,0.0,0.0,ARLP,2m
2026-03-20 13:42:00-04:00,28.0049991607666,28.0049991607666,28.0049991607666,28.0049991607666,518,0.0,0.0,ARLP,2m
2026-03-20 13:46:00-04:00,27.969999313354492,27.969999313354492,27.969999313354492,27.969999313354492,571,0.0,0.0,ARLP,2m
2026-03-20 13:50:00-04:00,27.969999313354492,27.969999313354492,27.950000762939453,27.950000762939453,2033,0.0,0.0,ARLP,2m
2026-03-20 13:52:00-04:00,27.954999923706055,27.954999923706055,27.954999923706055,27.954999923706055,867,0.0,0.0,ARLP,2m
2026-03-20 13:54:00-04:00,27.959999084472656,27.959999084472656,27.950000762939453,27.950000762939453,1567,0.0,0.0,ARLP,2m
2026-03-20 13:56:00-04:00,27.950000762939453,27.950000762939453,27.950000762939453,27.950000762939453,507,0.0,0.0,ARLP,2m
2026-03-20 13:58:00-04:00,27.959999084472656,27.959999084472656,27.950000762939453,27.959999084472656,2368,0.0,0.0,ARLP,2m
2026-03-20 14:00:00-04:00,27.969999313354492,27.969999313354492,27.969999313354492,27.969999313354492,2100,0.0,0.0,ARLP,2m
2026-03-20 14:04:00-04:00,27.969999313354492,27.969999313354492,27.969999313354492,27.969999313354492,667,0.0,0.0,ARLP,2m
2026-03-20 14:06:00-04:00,27.979000091552734,27.979000091552734,27.940000534057617,27.940000534057617,644,0.0,0.0,ARLP,2m
2026-03-20 14:08:00-04:00,27.940000534057617,27.940000534057617,27.940000534057617,27.940000534057617,1481,0.0,0.0,ARLP,2m
2026-03-20 14:10:00-04:00,27.949899673461914,27.949899673461914,27.90999984741211,27.90999984741211,1155,0.0,0.0,ARLP,2m
2026-03-20 14:12:00-04:00,27.885000228881836,27.885000228881836,27.885000228881836,27.885000228881836,107,0.0,0.0,ARLP,2m
2026-03-20 14:14:00-04:00,27.885000228881836,27.885000228881836,27.885000228881836,27.885000228881836,207,0.0,0.0,ARLP,2m
2026-03-20 14:16:00-04:00,27.885000228881836,27.885000228881836,27.885000228881836,27.885000228881836,485,0.0,0.0,ARLP,2m
2026-03-20 14:20:00-04:00,27.850000381469727,27.86009979248047,27.760099411010742,27.799999237060547,9494,0.0,0.0,ARLP,2m
2026-03-20 14:24:00-04:00,27.799999237060547,27.799999237060547,27.799999237060547,27.799999237060547,296,0.0,0.0,ARLP,2m
2026-03-20 14:26:00-04:00,27.795900344848633,27.795900344848633,27.795000076293945,27.795000076293945,840,0.0,0.0,ARLP,2m
2026-03-20 14:28:00-04:00,27.815000534057617,27.815000534057617,27.815000534057617,27.815000534057617,1241,0.0,0.0,ARLP,2m
2026-03-20 14:30:00-04:00,27.829999923706055,27.829999923706055,27.829999923706055,27.829999923706055,408,0.0,0.0,ARLP,2m
2026-03-20 14:32:00-04:00,27.8700008392334,27.8700008392334,27.8700008392334,27.8700008392334,1338,0.0,0.0,ARLP,2m
2026-03-20 14:34:00-04:00,27.850000381469727,27.850000381469727,27.834999084472656,27.834999084472656,1519,0.0,0.0,ARLP,2m
2026-03-20 14:36:00-04:00,27.860000610351562,27.860000610351562,27.85379981994629,27.85379981994629,888,0.0,0.0,ARLP,2m
2026-03-20 14:40:00-04:00,27.834999084472656,27.834999084472656,27.834999084472656,27.834999084472656,515,0.0,0.0,ARLP,2m
2026-03-20 14:42:00-04:00,27.84000015258789,27.84000015258789,27.834999084472656,27.834999084472656,2135,0.0,0.0,ARLP,2m
2026-03-20 14:46:00-04:00,27.8700008392334,27.8700008392334,27.8700008392334,27.8700008392334,1710,0.0,0.0,ARLP,2m
2026-03-20 14:48:00-04:00,27.895000457763672,27.895000457763672,27.895000457763672,27.895000457763672,480,0.0,0.0,ARLP,2m
2026-03-20 14:50:00-04:00,27.8799991607666,27.90999984741211,27.8799991607666,27.90999984741211,3182,0.0,0.0,ARLP,2m
2026-03-20 14:52:00-04:00,27.940000534057617,27.940000534057617,27.940000534057617,27.940000534057617,852,0.0,0.0,ARLP,2m
2026-03-20 14:54:00-04:00,27.911399841308594,27.959299087524414,27.911399841308594,27.959299087524414,1155,0.0,0.0,ARLP,2m
2026-03-20 14:58:00-04:00,27.92799949645996,27.92799949645996,27.92799949645996,27.92799949645996,1177,0.0,0.0,ARLP,2m
2026-03-20 15:00:00-04:00,27.94499969482422,27.94499969482422,27.8799991607666,27.895000457763672,7178,0.0,0.0,ARLP,2m
2026-03-20 15:02:00-04:00,27.8799991607666,27.8799991607666,27.8799991607666,27.8799991607666,863,0.0,0.0,ARLP,2m
2026-03-20 15:04:00-04:00,27.850000381469727,27.850000381469727,27.84000015258789,27.84000015258789,747,0.0,0.0,ARLP,2m
2026-03-20 15:06:00-04:00,27.829999923706055,27.8700008392334,27.829999923706055,27.8700008392334,6288,0.0,0.0,ARLP,2m
2026-03-20 15:08:00-04:00,27.899999618530273,27.969999313354492,27.899999618530273,27.94499969482422,7998,0.0,0.0,ARLP,2m
2026-03-20 15:12:00-04:00,27.94499969482422,27.94499969482422,27.94499969482422,27.94499969482422,701,0.0,0.0,ARLP,2m
2026-03-20 15:14:00-04:00,27.92009925842285,27.969999313354492,27.92009925842285,27.969999313354492,921,0.0,0.0,ARLP,2m
2026-03-20 15:16:00-04:00,27.969999313354492,27.969999313354492,27.969999313354492,27.969999313354492,400,0.0,0.0,ARLP,2m
2026-03-20 15:18:00-04:00,27.975000381469727,27.975000381469727,27.975000381469727,27.975000381469727,1381,0.0,0.0,ARLP,2m
2026-03-20 15:22:00-04:00,27.975000381469727,27.975000381469727,27.950000762939453,27.950000762939453,1759,0.0,0.0,ARLP,2m
2026-03-20 15:24:00-04:00,27.930099487304688,27.930099487304688,27.90999984741211,27.90999984741211,2999,0.0,0.0,ARLP,2m
2026-03-20 15:28:00-04:00,27.914199829101562,27.914199829101562,27.914199829101562,27.914199829101562,457,0.0,0.0,ARLP,2m
2026-03-20 15:30:00-04:00,27.90999984741211,27.90999984741211,27.899999618530273,27.899999618530273,2240,0.0,0.0,ARLP,2m
2026-03-20 15:32:00-04:00,27.899999618530273,27.899999618530273,27.899999618530273,27.899999618530273,340,0.0,0.0,ARLP,2m
2026-03-20 15:34:00-04:00,27.895000457763672,27.909799575805664,27.8799991607666,27.899999618530273,3253,0.0,0.0,ARLP,2m
2026-03-20 15:36:00-04:00,27.8700008392334,27.8700008392334,27.864999771118164,27.864999771118164,1107,0.0,0.0,ARLP,2m
2026-03-20 15:38:00-04:00,27.860000610351562,27.860000610351562,27.860000610351562,27.860000610351562,1270,0.0,0.0,ARLP,2m
2026-03-20 15:40:00-04:00,27.8799991607666,27.889999389648438,27.8799991607666,27.885000228881836,3269,0.0,0.0,ARLP,2m
2026-03-20 15:42:00-04:00,27.885000228881836,27.885000228881836,27.885000228881836,27.885000228881836,1549,0.0,0.0,ARLP,2m
2026-03-20 15:44:00-04:00,27.90999984741211,27.920000076293945,27.889999389648438,27.889999389648438,3553,0.0,0.0,ARLP,2m
2026-03-20 15:46:00-04:00,27.871999740600586,27.889999389648438,27.86199951171875,27.86199951171875,5688,0.0,0.0,ARLP,2m
2026-03-20 15:48:00-04:00,27.86400032043457,27.8799991607666,27.850000381469727,27.850000381469727,2931,0.0,0.0,ARLP,2m
2026-03-20 15:50:00-04:00,27.844999313354492,27.888999938964844,27.844999313354492,27.888999938964844,4232,0.0,0.0,ARLP,2m
2026-03-20 15:52:00-04:00,27.8700008392334,27.8700008392334,27.8700008392334,27.8700008392334,2139,0.0,0.0,ARLP,2m
2026-03-20 15:54:00-04:00,27.860000610351562,27.8700008392334,27.829999923706055,27.84000015258789,6843,0.0,0.0,ARLP,2m
2026-03-20 15:56:00-04:00,27.857999801635742,27.8700008392334,27.844999313354492,27.860000610351562,3921,0.0,0.0,ARLP,2m
2026-03-20 15:58:00-04:00,27.860000610351562,27.940000534057617,27.850000381469727,27.940000534057617,26543,0.0,0.0,ARLP,2m
2026-03-23 09:30:00-04:00,27.665000915527344,27.729999542236328,27.665000915527344,27.729999542236328,8990,0.0,0.0,ARLP,2m
2026-03-23 09:32:00-04:00,27.7549991607666,27.7549991607666,27.7450008392334,27.7450008392334,376,0.0,0.0,ARLP,2m
2026-03-23 09:36:00-04:00,27.75,27.834999084472656,27.75,27.75,7138,0.0,0.0,ARLP,2m
2026-03-23 09:38:00-04:00,27.8700008392334,27.875,27.75,27.75,819,0.0,0.0,ARLP,2m
2026-03-23 09:40:00-04:00,27.834999084472656,27.834999084472656,27.684999465942383,27.684999465942383,6482,0.0,0.0,ARLP,2m
2026-03-23 09:42:00-04:00,27.6200008392334,27.80739974975586,27.6200008392334,27.670000076293945,3160,0.0,0.0,ARLP,2m
2026-03-23 09:44:00-04:00,27.649999618530273,27.65999984741211,27.600000381469727,27.6200008392334,3244,0.0,0.0,ARLP,2m
2026-03-23 09:46:00-04:00,27.530000686645508,27.590099334716797,27.350000381469727,27.40999984741211,11642,0.0,0.0,ARLP,2m
2026-03-23 09:48:00-04:00,27.3799991607666,27.5,27.3799991607666,27.5,4248,0.0,0.0,ARLP,2m
2026-03-23 09:50:00-04:00,27.5,27.674999237060547,27.5,27.657499313354492,2666,0.0,0.0,ARLP,2m
2026-03-23 09:52:00-04:00,27.690000534057617,27.690000534057617,27.520000457763672,27.635000228881836,12975,0.0,0.0,ARLP,2m
2026-03-23 09:54:00-04:00,27.635000228881836,27.635000228881836,27.59000015258789,27.59000015258789,0,0.0,0.0,ARLP,2m
2026-03-23 09:56:00-04:00,27.600000381469727,27.739999771118164,27.600000381469727,27.610000610351562,4137,0.0,0.0,ARLP,2m
2026-03-23 09:58:00-04:00,27.764999389648438,27.764999389648438,27.764999389648438,27.764999389648438,2541,0.0,0.0,ARLP,2m
2026-03-23 10:04:00-04:00,27.700000762939453,27.700000762939453,27.56999969482422,27.56999969482422,3725,0.0,0.0,ARLP,2m
2026-03-23 10:06:00-04:00,27.540000915527344,27.540000915527344,27.440000534057617,27.459999084472656,2709,0.0,0.0,ARLP,2m
2026-03-23 10:10:00-04:00,27.40999984741211,27.450000762939453,27.399999618530273,27.399999618530273,4187,0.0,0.0,ARLP,2m
2026-03-23 10:12:00-04:00,27.405000686645508,27.405000686645508,27.399999618530273,27.399999618530273,2401,0.0,0.0,ARLP,2m
2026-03-23 10:14:00-04:00,27.350000381469727,27.389999389648438,27.350000381469727,27.350000381469727,1006,0.0,0.0,ARLP,2m
2026-03-23 10:16:00-04:00,27.3700008392334,27.3700008392334,27.350000381469727,27.350000381469727,1213,0.0,0.0,ARLP,2m
2026-03-23 10:18:00-04:00,27.354999542236328,27.389999389648438,27.354999542236328,27.389999389648438,4912,0.0,0.0,ARLP,2m
2026-03-23 10:20:00-04:00,27.329999923706055,27.40999984741211,27.299999237060547,27.40999984741211,8219,0.0,0.0,ARLP,2m
2026-03-23 10:22:00-04:00,27.364999771118164,27.5,27.364999771118164,27.440000534057617,8142,0.0,0.0,ARLP,2m
2026-03-23 10:24:00-04:00,27.469900131225586,27.469900131225586,27.43000030517578,27.44499969482422,2978,0.0,0.0,ARLP,2m
2026-03-23 10:26:00-04:00,27.458599090576172,27.514999389648438,27.440000534057617,27.514999389648438,4080,0.0,0.0,ARLP,2m
2026-03-23 10:28:00-04:00,27.514999389648438,27.514999389648438,27.454999923706055,27.499900817871094,1617,0.0,0.0,ARLP,2m
2026-03-23 10:30:00-04:00,27.454999923706055,27.559999465942383,27.454999923706055,27.530399322509766,2770,0.0,0.0,ARLP,2m
2026-03-23 10:32:00-04:00,27.520000457763672,27.530000686645508,27.520000457763672,27.530000686645508,1787,0.0,0.0,ARLP,2m
2026-03-23 10:34:00-04:00,27.520000457763672,27.690000534057617,27.520000457763672,27.690000534057617,9667,0.0,0.0,ARLP,2m
2026-03-23 10:36:00-04:00,27.700000762939453,27.700000762939453,27.700000762939453,27.700000762939453,914,0.0,0.0,ARLP,2m
2026-03-23 10:40:00-04:00,27.704999923706055,27.75,27.65999984741211,27.75,6572,0.0,0.0,ARLP,2m
2026-03-23 10:42:00-04:00,27.78499984741211,27.87969970703125,27.78499984741211,27.87969970703125,350,0.0,0.0,ARLP,2m
2026-03-23 10:44:00-04:00,27.809999465942383,27.86989974975586,27.809999465942383,27.825000762939453,1951,0.0,0.0,ARLP,2m
2026-03-23 10:46:00-04:00,27.829999923706055,27.829999923706055,27.799999237060547,27.799999237060547,4052,0.0,0.0,ARLP,2m
2026-03-23 10:48:00-04:00,27.795000076293945,27.795000076293945,27.795000076293945,27.795000076293945,423,0.0,0.0,ARLP,2m
2026-03-23 10:50:00-04:00,27.81999969482422,27.81999969482422,27.75,27.764999389648438,5915,0.0,0.0,ARLP,2m
2026-03-23 10:52:00-04:00,27.796600341796875,27.796600341796875,27.796600341796875,27.796600341796875,704,0.0,0.0,ARLP,2m
2026-03-23 10:54:00-04:00,27.828399658203125,27.850000381469727,27.809999465942383,27.850000381469727,1647,0.0,0.0,ARLP,2m
2026-03-23 11:00:00-04:00,27.8700008392334,27.8700008392334,27.860000610351562,27.8700008392334,851,0.0,0.0,ARLP,2m
2026-03-23 11:02:00-04:00,27.90999984741211,27.90999984741211,27.875,27.875,835,0.0,0.0,ARLP,2m
2026-03-23 11:04:00-04:00,27.875,27.90999984741211,27.875,27.90999984741211,602,0.0,0.0,ARLP,2m
2026-03-23 11:06:00-04:00,27.8700008392334,27.920000076293945,27.8700008392334,27.920000076293945,311,0.0,0.0,ARLP,2m
2026-03-23 11:08:00-04:00,27.90999984741211,27.90999984741211,27.864999771118164,27.889999389648438,624,0.0,0.0,ARLP,2m
2026-03-23 11:10:00-04:00,27.889999389648438,27.889999389648438,27.889999389648438,27.889999389648438,210,0.0,0.0,ARLP,2m
2026-03-23 11:12:00-04:00,27.864999771118164,27.864999771118164,27.864999771118164,27.864999771118164,396,0.0,0.0,ARLP,2m
2026-03-23 11:14:00-04:00,27.864999771118164,27.864999771118164,27.80500030517578,27.83989906311035,2233,0.0,0.0,ARLP,2m
2026-03-23 11:18:00-04:00,27.809999465942383,27.809999465942383,27.809999465942383,27.809999465942383,637,0.0,0.0,ARLP,2m
2026-03-23 11:22:00-04:00,27.799999237060547,27.799999237060547,27.799999237060547,27.799999237060547,155,0.0,0.0,ARLP,2m
2026-03-23 11:26:00-04:00,27.790000915527344,27.799999237060547,27.790000915527344,27.799999237060547,441,0.0,0.0,ARLP,2m
2026-03-23 11:28:00-04:00,27.799999237060547,27.799999237060547,27.760000228881836,27.770000457763672,1675,0.0,0.0,ARLP,2m
2026-03-23 11:30:00-04:00,27.770000457763672,27.770000457763672,27.770000457763672,27.770000457763672,1256,0.0,0.0,ARLP,2m
2026-03-23 11:32:00-04:00,27.790000915527344,27.790000915527344,27.790000915527344,27.790000915527344,1212,0.0,0.0,ARLP,2m
2026-03-23 11:34:00-04:00,27.75,27.75,27.75,27.75,735,0.0,0.0,ARLP,2m
2026-03-23 11:36:00-04:00,27.78499984741211,27.78499984741211,27.7549991607666,27.7549991607666,1530,0.0,0.0,ARLP,2m
2026-03-23 11:38:00-04:00,27.734800338745117,27.734800338745117,27.701000213623047,27.701000213623047,3247,0.0,0.0,ARLP,2m
2026-03-23 11:40:00-04:00,27.71500015258789,27.71500015258789,27.71500015258789,27.71500015258789,797,0.0,0.0,ARLP,2m
2026-03-23 11:44:00-04:00,27.770000457763672,27.770000457763672,27.770000457763672,27.770000457763672,103,0.0,0.0,ARLP,2m
2026-03-23 11:46:00-04:00,27.770000457763672,27.770000457763672,27.770000457763672,27.770000457763672,432,0.0,0.0,ARLP,2m
2026-03-23 11:48:00-04:00,27.770000457763672,27.770000457763672,27.760000228881836,27.760000228881836,1157,0.0,0.0,ARLP,2m
2026-03-23 11:50:00-04:00,27.780000686645508,27.799999237060547,27.780000686645508,27.799999237060547,5773,0.0,0.0,ARLP,2m
2026-03-23 11:52:00-04:00,27.760000228881836,27.780000686645508,27.760000228881836,27.780000686645508,995,0.0,0.0,ARLP,2m
2026-03-23 11:56:00-04:00,27.780000686645508,27.780000686645508,27.780000686645508,27.780000686645508,1217,0.0,0.0,ARLP,2m
2026-03-23 11:58:00-04:00,27.82990074157715,27.82990074157715,27.790000915527344,27.790000915527344,2962,0.0,0.0,ARLP,2m
2026-03-23 12:04:00-04:00,27.899999618530273,27.899999618530273,27.899999618530273,27.899999618530273,150,0.0,0.0,ARLP,2m
2026-03-23 12:06:00-04:00,27.899999618530273,27.899999618530273,27.899999618530273,27.899999618530273,206,0.0,0.0,ARLP,2m
2026-03-23 12:08:00-04:00,27.899999618530273,27.899999618530273,27.864999771118164,27.864999771118164,2410,0.0,0.0,ARLP,2m
2026-03-23 12:10:00-04:00,27.887399673461914,27.93000030517578,27.887399673461914,27.90999984741211,2386,0.0,0.0,ARLP,2m
2026-03-23 12:12:00-04:00,27.940000534057617,27.950000762939453,27.920000076293945,27.950000762939453,304,0.0,0.0,ARLP,2m
2026-03-23 12:14:00-04:00,27.950000762939453,27.950000762939453,27.920000076293945,27.93000030517578,1700,0.0,0.0,ARLP,2m
2026-03-23 12:16:00-04:00,27.940000534057617,27.940000534057617,27.940000534057617,27.940000534057617,344,0.0,0.0,ARLP,2m
2026-03-23 12:18:00-04:00,27.940000534057617,27.950000762939453,27.90999984741211,27.90999984741211,689,0.0,0.0,ARLP,2m
2026-03-23 12:20:00-04:00,27.920000076293945,27.93000030517578,27.920000076293945,27.93000030517578,1270,0.0,0.0,ARLP,2m
2026-03-23 12:24:00-04:00,27.889999389648438,27.899999618530273,27.885000228881836,27.885000228881836,1488,0.0,0.0,ARLP,2m
2026-03-23 12:28:00-04:00,27.875,27.875,27.860000610351562,27.866199493408203,2380,0.0,0.0,ARLP,2m
2026-03-23 12:32:00-04:00,27.895099639892578,27.895099639892578,27.895099639892578,27.895099639892578,459,0.0,0.0,ARLP,2m
2026-03-23 12:40:00-04:00,27.93000030517578,27.93000030517578,27.920000076293945,27.920000076293945,1123,0.0,0.0,ARLP,2m
2026-03-23 12:42:00-04:00,27.959999084472656,28.040000915527344,27.959999084472656,28.040000915527344,1459,0.0,0.0,ARLP,2m
2026-03-23 12:44:00-04:00,28.0,28.0,27.989999771118164,27.989999771118164,1710,0.0,0.0,ARLP,2m
2026-03-23 12:46:00-04:00,27.989999771118164,27.989999771118164,27.989900588989258,27.989900588989258,909,0.0,0.0,ARLP,2m
2026-03-23 12:48:00-04:00,27.989999771118164,27.989999771118164,27.969999313354492,27.969999313354492,1340,0.0,0.0,ARLP,2m
2026-03-23 12:52:00-04:00,27.968900680541992,27.989999771118164,27.957399368286133,27.989999771118164,2016,0.0,0.0,ARLP,2m
2026-03-23 12:56:00-04:00,28.020000457763672,28.030000686645508,28.020000457763672,28.030000686645508,691,0.0,0.0,ARLP,2m
2026-03-23 12:58:00-04:00,28.010000228881836,28.020000457763672,28.010000228881836,28.020000457763672,1057,0.0,0.0,ARLP,2m
2026-03-23 13:02:00-04:00,28.049999237060547,28.049999237060547,28.010000228881836,28.024999618530273,2931,0.0,0.0,ARLP,2m
2026-03-23 13:04:00-04:00,28.030000686645508,28.030000686645508,28.030000686645508,28.030000686645508,200,0.0,0.0,ARLP,2m
2026-03-23 13:06:00-04:00,28.040000915527344,28.049999237060547,28.040000915527344,28.049999237060547,11034,0.0,0.0,ARLP,2m
2026-03-23 13:08:00-04:00,28.040000915527344,28.100000381469727,28.040000915527344,28.100000381469727,2051,0.0,0.0,ARLP,2m
2026-03-23 13:10:00-04:00,28.100000381469727,28.110000610351562,28.100000381469727,28.110000610351562,171,0.0,0.0,ARLP,2m
2026-03-23 13:12:00-04:00,28.100000381469727,28.100000381469727,28.100000381469727,28.100000381469727,124,0.0,0.0,ARLP,2m
2026-03-23 13:14:00-04:00,28.110000610351562,28.110000610351562,28.110000610351562,28.110000610351562,151,0.0,0.0,ARLP,2m
2026-03-23 13:16:00-04:00,28.05500030517578,28.05500030517578,28.0,28.0,11693,0.0,0.0,ARLP,2m
2026-03-23 13:26:00-04:00,28.042299270629883,28.042299270629883,28.040000915527344,28.040000915527344,656,0.0,0.0,ARLP,2m
2026-03-23 13:28:00-04:00,28.06999969482422,28.06999969482422,28.030000686645508,28.030000686645508,125,0.0,0.0,ARLP,2m
2026-03-23 13:30:00-04:00,28.049999237060547,28.049999237060547,28.049999237060547,28.049999237060547,208,0.0,0.0,ARLP,2m
2026-03-23 13:32:00-04:00,28.059999465942383,28.09000015258789,28.059999465942383,28.09000015258789,628,0.0,0.0,ARLP,2m
2026-03-23 13:34:00-04:00,28.1200008392334,28.1200008392334,28.1200008392334,28.1200008392334,100,0.0,0.0,ARLP,2m
2026-03-23 13:36:00-04:00,28.1299991607666,28.1299991607666,28.1299991607666,28.1299991607666,1205,0.0,0.0,ARLP,2m
2026-03-23 13:38:00-04:00,28.139999389648438,28.139999389648438,28.139999389648438,28.139999389648438,160,0.0,0.0,ARLP,2m
2026-03-23 13:40:00-04:00,28.139999389648438,28.139999389648438,28.139999389648438,28.139999389648438,239,0.0,0.0,ARLP,2m
2026-03-23 13:42:00-04:00,28.125,28.149999618530273,28.125,28.14900016784668,1185,0.0,0.0,ARLP,2m
2026-03-23 13:44:00-04:00,28.1200008392334,28.149999618530273,28.100000381469727,28.100000381469727,2018,0.0,0.0,ARLP,2m
2026-03-23 13:46:00-04:00,28.09000015258789,28.09000015258789,28.09000015258789,28.09000015258789,2111,0.0,0.0,ARLP,2m
2026-03-23 13:56:00-04:00,28.100000381469727,28.100000381469727,28.100000381469727,28.100000381469727,1112,0.0,0.0,ARLP,2m
2026-03-23 14:00:00-04:00,28.110000610351562,28.110000610351562,28.110000610351562,28.110000610351562,361,0.0,0.0,ARLP,2m
2026-03-23 14:02:00-04:00,28.1200008392334,28.1200008392334,28.1200008392334,28.1200008392334,106,0.0,0.0,ARLP,2m
2026-03-23 14:04:00-04:00,28.139999389648438,28.149999618530273,28.139999389648438,28.149999618530273,270,0.0,0.0,ARLP,2m
2026-03-23 14:06:00-04:00,28.149999618530273,28.149999618530273,28.104999542236328,28.104999542236328,213,0.0,0.0,ARLP,2m
2026-03-23 14:08:00-04:00,28.149999618530273,28.149999618530273,28.100000381469727,28.139999389648438,799,0.0,0.0,ARLP,2m
2026-03-23 14:10:00-04:00,28.049999237060547,28.049999237060547,28.049999237060547,28.049999237060547,597,0.0,0.0,ARLP,2m
2026-03-23 14:12:00-04:00,28.139999389648438,28.139999389648438,28.139999389648438,28.139999389648438,106,0.0,0.0,ARLP,2m
2026-03-23 14:14:00-04:00,28.139999389648438,28.139999389648438,28.1299991607666,28.1299991607666,403,0.0,0.0,ARLP,2m
2026-03-23 14:16:00-04:00,28.1200008392334,28.1200008392334,28.049999237060547,28.059999465942383,1832,0.0,0.0,ARLP,2m
2026-03-23 14:18:00-04:00,28.06999969482422,28.100000381469727,28.06999969482422,28.100000381469727,2854,0.0,0.0,ARLP,2m
2026-03-23 14:22:00-04:00,28.100000381469727,28.100000381469727,28.100000381469727,28.100000381469727,1024,0.0,0.0,ARLP,2m
2026-03-23 14:24:00-04:00,28.059999465942383,28.059999465942383,28.059999465942383,28.059999465942383,1048,0.0,0.0,ARLP,2m
2026-03-23 14:30:00-04:00,28.065000534057617,28.09000015258789,28.065000534057617,28.09000015258789,2251,0.0,0.0,ARLP,2m
2026-03-23 14:32:00-04:00,28.06999969482422,28.104999542236328,28.06999969482422,28.09000015258789,730,0.0,0.0,ARLP,2m
2026-03-23 14:34:00-04:00,28.104999542236328,28.104999542236328,28.0,28.03499984741211,12865,0.0,0.0,ARLP,2m
2026-03-23 14:36:00-04:00,28.079999923706055,28.079999923706055,28.079999923706055,28.079999923706055,480,0.0,0.0,ARLP,2m
2026-03-23 14:38:00-04:00,28.09000015258789,28.114999771118164,28.09000015258789,28.114999771118164,2269,0.0,0.0,ARLP,2m
2026-03-23 14:48:00-04:00,28.104999542236328,28.104999542236328,28.104999542236328,28.104999542236328,220,0.0,0.0,ARLP,2m
2026-03-23 14:50:00-04:00,28.104999542236328,28.104999542236328,28.104999542236328,28.104999542236328,1406,0.0,0.0,ARLP,2m
2026-03-23 14:52:00-04:00,28.030000686645508,28.030000686645508,28.030000686645508,28.030000686645508,1205,0.0,0.0,ARLP,2m
2026-03-23 14:54:00-04:00,28.014999389648438,28.014999389648438,28.014999389648438,28.014999389648438,1679,0.0,0.0,ARLP,2m
2026-03-23 15:00:00-04:00,28.049999237060547,28.049999237060547,28.040000915527344,28.049999237060547,2962,0.0,0.0,ARLP,2m
2026-03-23 15:02:00-04:00,28.059999465942383,28.06999969482422,28.059999465942383,28.06999969482422,300,0.0,0.0,ARLP,2m
2026-03-23 15:04:00-04:00,28.059999465942383,28.06999969482422,28.059999465942383,28.06999969482422,1594,0.0,0.0,ARLP,2m
2026-03-23 15:06:00-04:00,28.09000015258789,28.09000015258789,28.049999237060547,28.049999237060547,790,0.0,0.0,ARLP,2m
2026-03-23 15:08:00-04:00,28.049999237060547,28.049999237060547,28.010000228881836,28.010000228881836,2544,0.0,0.0,ARLP,2m
2026-03-23 15:10:00-04:00,28.0,28.0,28.0,28.0,632,0.0,0.0,ARLP,2m
2026-03-23 15:12:00-04:00,27.989999771118164,28.0,27.989999771118164,28.0,4907,0.0,0.0,ARLP,2m
2026-03-23 15:14:00-04:00,27.989999771118164,27.989999771118164,27.989999771118164,27.989999771118164,671,0.0,0.0,ARLP,2m
2026-03-23 15:20:00-04:00,27.989999771118164,27.989999771118164,27.975000381469727,27.975000381469727,1049,0.0,0.0,ARLP,2m
2026-03-23 15:24:00-04:00,28.0,28.0,27.989999771118164,28.0,210,0.0,0.0,ARLP,2m
2026-03-23 15:26:00-04:00,27.989999771118164,28.0,27.959999084472656,27.989999771118164,8683,0.0,0.0,ARLP,2m
2026-03-23 15:28:00-04:00,27.999900817871094,27.999900817871094,27.999900817871094,27.999900817871094,1185,0.0,0.0,ARLP,2m
2026-03-23 15:30:00-04:00,27.979999542236328,27.979999542236328,27.979999542236328,27.979999542236328,239,0.0,0.0,ARLP,2m
2026-03-23 15:32:00-04:00,27.989999771118164,27.989999771118164,27.989999771118164,27.989999771118164,101,0.0,0.0,ARLP,2m
2026-03-23 15:34:00-04:00,27.989999771118164,27.989999771118164,27.989999771118164,27.989999771118164,689,0.0,0.0,ARLP,2m
2026-03-23 15:36:00-04:00,27.989999771118164,27.989999771118164,27.985000610351562,27.989999771118164,3565,0.0,0.0,ARLP,2m
2026-03-23 15:38:00-04:00,27.989999771118164,28.0,27.989999771118164,28.0,439,0.0,0.0,ARLP,2m
2026-03-23 15:40:00-04:00,28.0,28.0,28.0,28.0,1658,0.0,0.0,ARLP,2m
2026-03-23 15:42:00-04:00,28.0,28.010000228881836,28.0,28.010000228881836,2063,0.0,0.0,ARLP,2m
2026-03-23 15:44:00-04:00,28.010000228881836,28.059999465942383,28.010000228881836,28.059999465942383,2921,0.0,0.0,ARLP,2m
2026-03-23 15:46:00-04:00,28.059999465942383,28.09000015258789,28.059999465942383,28.06999969482422,4059,0.0,0.0,ARLP,2m
2026-03-23 15:48:00-04:00,28.06999969482422,28.06999969482422,28.020000457763672,28.020000457763672,2392,0.0,0.0,ARLP,2m
2026-03-23 15:50:00-04:00,27.989999771118164,28.010000228881836,27.950000762939453,27.950000762939453,6454,0.0,0.0,ARLP,2m
2026-03-23 15:52:00-04:00,27.969900131225586,27.969900131225586,27.969900131225586,27.969900131225586,286,0.0,0.0,ARLP,2m
2026-03-23 15:54:00-04:00,27.93000030517578,27.934999465942383,27.90999984741211,27.915000915527344,7479,0.0,0.0,ARLP,2m
2026-03-23 15:56:00-04:00,27.915000915527344,27.940000534057617,27.915000915527344,27.940000534057617,1796,0.0,0.0,ARLP,2m
2026-03-23 15:58:00-04:00,27.959999084472656,28.010000228881836,27.959999084472656,27.979999542236328,11554,0.0,0.0,ARLP,2m
2026-03-24 09:30:00-04:00,27.920000076293945,27.989999771118164,27.740100860595703,27.740100860595703,4049,0.0,0.0,ARLP,2m
2026-03-24 09:32:00-04:00,27.94499969482422,28.09000015258789,27.94499969482422,28.09000015258789,8769,0.0,0.0,ARLP,2m
2026-03-24 09:36:00-04:00,28.145000457763672,28.145000457763672,28.145000457763672,28.145000457763672,3075,0.0,0.0,ARLP,2m
2026-03-24 09:38:00-04:00,28.139999389648438,28.200000762939453,28.139999389648438,28.200000762939453,2318,0.0,0.0,ARLP,2m
2026-03-24 09:40:00-04:00,28.25,28.274999618530273,28.209999084472656,28.235000610351562,2013,0.0,0.0,ARLP,2m
2026-03-24 09:42:00-04:00,28.299999237060547,28.469999313354492,28.260000228881836,28.469999313354492,2862,0.0,0.0,ARLP,2m
2026-03-24 09:44:00-04:00,28.3799991607666,28.3799991607666,28.360000610351562,28.360000610351562,4713,0.0,0.0,ARLP,2m
2026-03-24 09:46:00-04:00,28.28499984741211,28.350000381469727,28.28499984741211,28.350000381469727,2620,0.0,0.0,ARLP,2m
2026-03-24 09:48:00-04:00,28.40999984741211,28.540000915527344,28.40999984741211,28.520000457763672,3039,0.0,0.0,ARLP,2m
2026-03-24 09:50:00-04:00,28.514999389648438,28.514999389648438,28.5,28.5,454,0.0,0.0,ARLP,2m
2026-03-24 09:52:00-04:00,28.549999237060547,28.561800003051758,28.524999618530273,28.561800003051758,5429,0.0,0.0,ARLP,2m
2026-03-24 09:54:00-04:00,28.559999465942383,28.559999465942383,28.549999237060547,28.549999237060547,1248,0.0,0.0,ARLP,2m
2026-03-24 09:56:00-04:00,28.600000381469727,28.649999618530273,28.600000381469727,28.639999389648438,13227,0.0,0.0,ARLP,2m
2026-03-24 09:58:00-04:00,28.610000610351562,28.610000610351562,28.549999237060547,28.59000015258789,6099,0.0,0.0,ARLP,2m
2026-03-24 10:00:00-04:00,28.610000610351562,28.610000610351562,28.55500030517578,28.610000610351562,7379,0.0,0.0,ARLP,2m
2026-03-24 10:02:00-04:00,28.635000228881836,28.65999984741211,28.635000228881836,28.65999984741211,1529,0.0,0.0,ARLP,2m
2026-03-24 10:04:00-04:00,28.6299991607666,28.639999389648438,28.6299991607666,28.6299991607666,2278,0.0,0.0,ARLP,2m
2026-03-24 10:06:00-04:00,28.65999984741211,28.68000030517578,28.65999984741211,28.68000030517578,5807,0.0,0.0,ARLP,2m
2026-03-24 10:08:00-04:00,28.670000076293945,28.75,28.670000076293945,28.75,2471,0.0,0.0,ARLP,2m
2026-03-24 10:10:00-04:00,28.719999313354492,28.719999313354492,28.655000686645508,28.672500610351562,6735,0.0,0.0,ARLP,2m
2026-03-24 10:12:00-04:00,28.614999771118164,28.65999984741211,28.614999771118164,28.65999984741211,385,0.0,0.0,ARLP,2m
2026-03-24 10:14:00-04:00,28.690000534057617,28.690000534057617,28.635000228881836,28.649999618530273,4800,0.0,0.0,ARLP,2m
2026-03-24 10:16:00-04:00,28.670000076293945,28.670000076293945,28.670000076293945,28.670000076293945,2391,0.0,0.0,ARLP,2m
2026-03-24 10:20:00-04:00,28.729999542236328,28.729999542236328,28.68000030517578,28.68000030517578,860,0.0,0.0,ARLP,2m
2026-03-24 10:22:00-04:00,28.68000030517578,28.68000030517578,28.68000030517578,28.68000030517578,2359,0.0,0.0,ARLP,2m
2026-03-24 10:24:00-04:00,28.70989990234375,28.729999542236328,28.70989990234375,28.71500015258789,4660,0.0,0.0,ARLP,2m
2026-03-24 10:26:00-04:00,28.700000762939453,28.799999237060547,28.700000762939453,28.799999237060547,4987,0.0,0.0,ARLP,2m
2026-03-24 10:28:00-04:00,28.789899826049805,28.81999969482422,28.789899826049805,28.81999969482422,5331,0.0,0.0,ARLP,2m
2026-03-24 10:32:00-04:00,28.799999237060547,28.799999237060547,28.799999237060547,28.799999237060547,1910,0.0,0.0,ARLP,2m
2026-03-24 10:34:00-04:00,28.799999237060547,28.799999237060547,28.799999237060547,28.799999237060547,607,0.0,0.0,ARLP,2m
2026-03-24 10:36:00-04:00,28.809999465942383,28.81999969482422,28.809999465942383,28.81999969482422,1308,0.0,0.0,ARLP,2m
2026-03-24 10:38:00-04:00,28.829999923706055,28.829999923706055,28.78499984741211,28.78499984741211,1189,0.0,0.0,ARLP,2m
2026-03-24 10:40:00-04:00,28.799999237060547,28.850000381469727,28.799999237060547,28.81999969482422,6053,0.0,0.0,ARLP,2m
2026-03-24 10:42:00-04:00,28.8799991607666,28.8799991607666,28.8700008392334,28.8700008392334,1073,0.0,0.0,ARLP,2m
2026-03-24 10:44:00-04:00,28.84000015258789,28.84000015258789,28.84000015258789,28.84000015258789,355,0.0,0.0,ARLP,2m
2026-03-24 10:46:00-04:00,28.860000610351562,28.860000610351562,28.860000610351562,28.860000610351562,485,0.0,0.0,ARLP,2m
2026-03-24 10:48:00-04:00,28.829999923706055,28.8799991607666,28.829999923706055,28.834999084472656,8154,0.0,0.0,ARLP,2m
2026-03-24 10:50:00-04:00,28.81999969482422,28.889999389648438,28.81999969482422,28.860000610351562,8202,0.0,0.0,ARLP,2m
2026-03-24 10:52:00-04:00,28.899999618530273,28.899999618530273,28.8700008392334,28.8700008392334,2449,0.0,0.0,ARLP,2m
2026-03-24 10:54:00-04:00,28.829999923706055,28.84000015258789,28.815000534057617,28.815000534057617,3322,0.0,0.0,ARLP,2m
2026-03-24 10:56:00-04:00,28.799999237060547,28.799999237060547,28.719999313354492,28.739999771118164,5142,0.0,0.0,ARLP,2m
2026-03-24 10:58:00-04:00,28.739999771118164,28.739999771118164,28.739999771118164,28.739999771118164,401,0.0,0.0,ARLP,2m
2026-03-24 11:00:00-04:00,28.729999542236328,28.729999542236328,28.584999084472656,28.584999084472656,6551,0.0,0.0,ARLP,2m
2026-03-24 11:02:00-04:00,28.579999923706055,28.600000381469727,28.55500030517578,28.600000381469727,2690,0.0,0.0,ARLP,2m
2026-03-24 11:04:00-04:00,28.60099983215332,28.60099983215332,28.60099983215332,28.60099983215332,492,0.0,0.0,ARLP,2m
2026-03-24 11:06:00-04:00,28.670000076293945,28.77989959716797,28.670000076293945,28.725000381469727,1099,0.0,0.0,ARLP,2m
2026-03-24 11:08:00-04:00,28.729999542236328,28.730100631713867,28.68000030517578,28.729999542236328,5214,0.0,0.0,ARLP,2m
2026-03-24 11:10:00-04:00,28.729999542236328,28.75,28.729999542236328,28.75,1247,0.0,0.0,ARLP,2m
2026-03-24 11:12:00-04:00,28.770000457763672,28.770000457763672,28.770000457763672,28.770000457763672,405,0.0,0.0,ARLP,2m
2026-03-24 11:14:00-04:00,28.75,28.75,28.75,28.75,555,0.0,0.0,ARLP,2m
2026-03-24 11:16:00-04:00,28.75,28.75,28.75,28.75,801,0.0,0.0,ARLP,2m
2026-03-24 11:18:00-04:00,28.780000686645508,28.780000686645508,28.780000686645508,28.780000686645508,2054,0.0,0.0,ARLP,2m
2026-03-24 11:22:00-04:00,28.770000457763672,28.770000457763672,28.770000457763672,28.770000457763672,2196,0.0,0.0,ARLP,2m
2026-03-24 11:24:00-04:00,28.770000457763672,28.799999237060547,28.739999771118164,28.780000686645508,15701,0.0,0.0,ARLP,2m
2026-03-24 11:26:00-04:00,28.770000457763672,28.770000457763672,28.68000030517578,28.7549991607666,10867,0.0,0.0,ARLP,2m
2026-03-24 11:28:00-04:00,28.709999084472656,28.709999084472656,28.709999084472656,28.709999084472656,724,0.0,0.0,ARLP,2m
2026-03-24 11:30:00-04:00,28.763999938964844,28.763999938964844,28.763999938964844,28.763999938964844,103,0.0,0.0,ARLP,2m
2026-03-24 11:34:00-04:00,28.77739906311035,28.780000686645508,28.77739906311035,28.780000686645508,680,0.0,0.0,ARLP,2m
2026-03-24 11:36:00-04:00,28.78849983215332,28.78849983215332,28.78849983215332,28.78849983215332,350,0.0,0.0,ARLP,2m
2026-03-24 11:38:00-04:00,28.7549991607666,28.7549991607666,28.7549991607666,28.7549991607666,478,0.0,0.0,ARLP,2m
2026-03-24 11:42:00-04:00,28.764999389648438,28.764999389648438,28.764999389648438,28.764999389648438,400,0.0,0.0,ARLP,2m
2026-03-24 11:44:00-04:00,28.764999389648438,28.764999389648438,28.764999389648438,28.764999389648438,806,0.0,0.0,ARLP,2m
2026-03-24 11:46:00-04:00,28.764999389648438,28.764999389648438,28.764999389648438,28.764999389648438,871,0.0,0.0,ARLP,2m
2026-03-24 11:50:00-04:00,28.739999771118164,28.739999771118164,28.739999771118164,28.739999771118164,956,0.0,0.0,ARLP,2m
2026-03-24 11:52:00-04:00,28.729999542236328,28.75,28.729999542236328,28.75,1523,0.0,0.0,ARLP,2m
2026-03-24 11:58:00-04:00,28.719999313354492,28.747499465942383,28.719999313354492,28.747499465942383,281,0.0,0.0,ARLP,2m
2026-03-24 12:02:00-04:00,28.72010040283203,28.7549991607666,28.72010040283203,28.75,893,0.0,0.0,ARLP,2m
2026-03-24 12:06:00-04:00,28.76059913635254,28.799999237060547,28.76059913635254,28.799999237060547,4789,0.0,0.0,ARLP,2m
2026-03-24 12:08:00-04:00,28.8164005279541,28.8164005279541,28.8164005279541,28.8164005279541,0,0.0,0.0,ARLP,2m
2026-03-24 12:14:00-04:00,28.88960075378418,28.88960075378418,28.84000015258789,28.850000381469727,1368,0.0,0.0,ARLP,2m
2026-03-24 12:18:00-04:00,28.84000015258789,28.84000015258789,28.84000015258789,28.84000015258789,881,0.0,0.0,ARLP,2m
2026-03-24 12:20:00-04:00,28.84000015258789,28.84000015258789,28.829999923706055,28.829999923706055,362,0.0,0.0,ARLP,2m
2026-03-24 12:22:00-04:00,28.854999542236328,28.854999542236328,28.854999542236328,28.854999542236328,1224,0.0,0.0,ARLP,2m
2026-03-24 12:26:00-04:00,28.829999923706055,28.829999923706055,28.829999923706055,28.829999923706055,308,0.0,0.0,ARLP,2m
2026-03-24 12:30:00-04:00,28.829999923706055,28.829999923706055,28.829999923706055,28.829999923706055,1136,0.0,0.0,ARLP,2m
2026-03-24 12:36:00-04:00,28.829999923706055,28.84000015258789,28.829999923706055,28.84000015258789,449,0.0,0.0,ARLP,2m
2026-03-24 12:40:00-04:00,28.829999923706055,28.829999923706055,28.829999923706055,28.829999923706055,3704,0.0,0.0,ARLP,2m
2026-03-24 12:42:00-04:00,28.829999923706055,28.829999923706055,28.829999923706055,28.829999923706055,1210,0.0,0.0,ARLP,2m
2026-03-24 12:44:00-04:00,28.825000762939453,28.825000762939453,28.825000762939453,28.825000762939453,0,0.0,0.0,ARLP,2m
2026-03-24 12:48:00-04:00,28.81999969482422,28.81999969482422,28.81999969482422,28.81999969482422,400,0.0,0.0,ARLP,2m
2026-03-24 12:50:00-04:00,28.799999237060547,28.799999237060547,28.799999237060547,28.799999237060547,11,0.0,0.0,ARLP,2m
2026-03-24 12:52:00-04:00,28.843900680541992,28.843900680541992,28.825000762939453,28.825000762939453,819,0.0,0.0,ARLP,2m
2026-03-24 12:56:00-04:00,28.815000534057617,28.815000534057617,28.799999237060547,28.799999237060547,1192,0.0,0.0,ARLP,2m
2026-03-24 13:00:00-04:00,28.809999465942383,28.809999465942383,28.809999465942383,28.809999465942383,333,0.0,0.0,ARLP,2m
2026-03-24 13:02:00-04:00,28.799999237060547,28.799999237060547,28.780000686645508,28.790000915527344,3549,0.0,0.0,ARLP,2m
2026-03-24 13:04:00-04:00,28.719999313354492,28.719999313354492,28.719999313354492,28.719999313354492,321,0.0,0.0,ARLP,2m
2026-03-24 13:08:00-04:00,28.719999313354492,28.719999313354492,28.709999084472656,28.709999084472656,380,0.0,0.0,ARLP,2m
2026-03-24 13:10:00-04:00,28.684999465942383,28.684999465942383,28.684999465942383,28.684999465942383,2729,0.0,0.0,ARLP,2m
2026-03-24 13:16:00-04:00,28.68000030517578,28.709999084472656,28.670000076293945,28.670000076293945,1996,0.0,0.0,ARLP,2m
2026-03-24 13:18:00-04:00,28.739999771118164,28.739999771118164,28.739999771118164,28.739999771118164,210,0.0,0.0,ARLP,2m
2026-03-24 13:20:00-04:00,28.775100708007812,28.775100708007812,28.775100708007812,28.775100708007812,205,0.0,0.0,ARLP,2m
2026-03-24 13:22:00-04:00,28.739999771118164,28.739999771118164,28.739999771118164,28.739999771118164,376,0.0,0.0,ARLP,2m
2026-03-24 13:24:00-04:00,28.765600204467773,28.765600204467773,28.765600204467773,28.765600204467773,220,0.0,0.0,ARLP,2m
2026-03-24 13:26:00-04:00,28.7450008392334,28.765300750732422,28.7450008392334,28.765300750732422,483,0.0,0.0,ARLP,2m
2026-03-24 13:28:00-04:00,28.7450008392334,28.75,28.719999313354492,28.7450008392334,926,0.0,0.0,ARLP,2m
2026-03-24 13:30:00-04:00,28.7450008392334,28.790000915527344,28.7450008392334,28.790000915527344,4087,0.0,0.0,ARLP,2m
2026-03-24 13:36:00-04:00,28.790000915527344,28.790000915527344,28.729999542236328,28.729999542236328,1773,0.0,0.0,ARLP,2m
2026-03-24 13:42:00-04:00,28.7450008392334,28.7450008392334,28.7450008392334,28.7450008392334,200,0.0,0.0,ARLP,2m
2026-03-24 13:44:00-04:00,28.761600494384766,28.761600494384766,28.71500015258789,28.729999542236328,1859,0.0,0.0,ARLP,2m
2026-03-24 13:46:00-04:00,28.71500015258789,28.71500015258789,28.71500015258789,28.71500015258789,993,0.0,0.0,ARLP,2m
2026-03-24 13:52:00-04:00,28.709999084472656,28.739999771118164,28.709999084472656,28.709999084472656,942,0.0,0.0,ARLP,2m
2026-03-24 13:56:00-04:00,28.69499969482422,28.69499969482422,28.69499969482422,28.69499969482422,266,0.0,0.0,ARLP,2m
2026-03-24 14:02:00-04:00,28.718700408935547,28.718700408935547,28.718700408935547,28.718700408935547,230,0.0,0.0,ARLP,2m
2026-03-24 14:04:00-04:00,28.69700050354004,28.69700050354004,28.69700050354004,28.69700050354004,802,0.0,0.0,ARLP,2m
2026-03-24 14:06:00-04:00,28.670000076293945,28.670000076293945,28.670000076293945,28.670000076293945,542,0.0,0.0,ARLP,2m
2026-03-24 14:08:00-04:00,28.6200008392334,28.625,28.6200008392334,28.625,600,0.0,0.0,ARLP,2m
2026-03-24 14:10:00-04:00,28.6299991607666,28.6299991607666,28.621999740600586,28.621999740600586,771,0.0,0.0,ARLP,2m
2026-03-24 14:12:00-04:00,28.6200008392334,28.6200008392334,28.6200008392334,28.6200008392334,1080,0.0,0.0,ARLP,2m
2026-03-24 14:14:00-04:00,28.6299991607666,28.6299991607666,28.6299991607666,28.6299991607666,479,0.0,0.0,ARLP,2m
2026-03-24 14:16:00-04:00,28.649999618530273,28.649999618530273,28.649999618530273,28.649999618530273,446,0.0,0.0,ARLP,2m
2026-03-24 14:18:00-04:00,28.674999237060547,28.700000762939453,28.674999237060547,28.68000030517578,3704,0.0,0.0,ARLP,2m
2026-03-24 14:20:00-04:00,28.670000076293945,28.670000076293945,28.670000076293945,28.670000076293945,276,0.0,0.0,ARLP,2m
2026-03-24 14:22:00-04:00,28.6643009185791,28.6643009185791,28.650100708007812,28.650100708007812,1741,0.0,0.0,ARLP,2m
2026-03-24 14:34:00-04:00,28.65999984741211,28.65999984741211,28.639999389648438,28.639999389648438,1083,0.0,0.0,ARLP,2m
2026-03-24 14:40:00-04:00,28.639999389648438,28.645000457763672,28.639999389648438,28.645000457763672,1185,0.0,0.0,ARLP,2m
2026-03-24 14:48:00-04:00,28.579999923706055,28.579999923706055,28.579999923706055,28.579999923706055,200,0.0,0.0,ARLP,2m
2026-03-24 14:50:00-04:00,28.584999084472656,28.584999084472656,28.584999084472656,28.584999084472656,248,0.0,0.0,ARLP,2m
2026-03-24 14:54:00-04:00,28.604999542236328,28.604999542236328,28.579999923706055,28.584999084472656,945,0.0,0.0,ARLP,2m
2026-03-24 14:56:00-04:00,28.559999465942383,28.579999923706055,28.559999465942383,28.579999923706055,310,0.0,0.0,ARLP,2m
2026-03-24 14:58:00-04:00,28.559999465942383,28.579999923706055,28.559999465942383,28.579999923706055,627,0.0,0.0,ARLP,2m
2026-03-24 15:00:00-04:00,28.565000534057617,28.565000534057617,28.565000534057617,28.565000534057617,160,0.0,0.0,ARLP,2m
2026-03-24 15:02:00-04:00,28.565000534057617,28.565000534057617,28.565000534057617,28.565000534057617,543,0.0,0.0,ARLP,2m
2026-03-24 15:04:00-04:00,28.559999465942383,28.559999465942383,28.520000457763672,28.540000915527344,5052,0.0,0.0,ARLP,2m
2026-03-24 15:06:00-04:00,28.520000457763672,28.520000457763672,28.520000457763672,28.520000457763672,300,0.0,0.0,ARLP,2m
2026-03-24 15:08:00-04:00,28.520000457763672,28.520000457763672,28.479999542236328,28.479999542236328,4518,0.0,0.0,ARLP,2m
2026-03-24 15:10:00-04:00,28.489999771118164,28.549999237060547,28.485000610351562,28.549999237060547,2549,0.0,0.0,ARLP,2m
2026-03-24 15:12:00-04:00,28.540000915527344,28.540000915527344,28.520000457763672,28.520000457763672,2194,0.0,0.0,ARLP,2m
2026-03-24 15:14:00-04:00,28.520000457763672,28.53499984741211,28.520000457763672,28.53499984741211,1427,0.0,0.0,ARLP,2m
2026-03-24 15:16:00-04:00,28.53499984741211,28.559999465942383,28.53499984741211,28.559999465942383,1265,0.0,0.0,ARLP,2m
2026-03-24 15:18:00-04:00,28.549999237060547,28.65999984741211,28.549999237060547,28.65999984741211,5798,0.0,0.0,ARLP,2m
2026-03-24 15:20:00-04:00,28.649999618530273,28.66990089416504,28.6299991607666,28.6299991607666,6280,0.0,0.0,ARLP,2m
2026-03-24 15:22:00-04:00,28.639999389648438,28.649999618530273,28.639999389648438,28.649999618530273,501,0.0,0.0,ARLP,2m
2026-03-24 15:24:00-04:00,28.670000076293945,28.68000030517578,28.59000015258789,28.594999313354492,13578,0.0,0.0,ARLP,2m
2026-03-24 15:26:00-04:00,28.594999313354492,28.594999313354492,28.56999969482422,28.59000015258789,946,0.0,0.0,ARLP,2m
2026-03-24 15:28:00-04:00,28.59000015258789,28.600000381469727,28.581600189208984,28.594999313354492,1861,0.0,0.0,ARLP,2m
2026-03-24 15:30:00-04:00,28.594999313354492,28.610000610351562,28.594999313354492,28.600000381469727,2449,0.0,0.0,ARLP,2m
2026-03-24 15:32:00-04:00,28.610000610351562,28.610000610351562,28.600200653076172,28.610000610351562,4674,0.0,0.0,ARLP,2m
2026-03-24 15:34:00-04:00,28.614999771118164,28.6200008392334,28.610000610351562,28.610000610351562,8456,0.0,0.0,ARLP,2m
2026-03-24 15:36:00-04:00,28.610000610351562,28.610000610351562,28.610000610351562,28.610000610351562,1026,0.0,0.0,ARLP,2m
2026-03-24 15:38:00-04:00,28.610000610351562,28.610000610351562,28.610000610351562,28.610000610351562,1883,0.0,0.0,ARLP,2m
2026-03-24 15:40:00-04:00,28.614999771118164,28.700000762939453,28.614999771118164,28.655000686645508,32954,0.0,0.0,ARLP,2m
2026-03-24 15:42:00-04:00,28.670000076293945,28.684999465942383,28.65999984741211,28.674999237060547,6146,0.0,0.0,ARLP,2m
2026-03-24 15:44:00-04:00,28.68000030517578,28.68000030517578,28.639999389648438,28.645000457763672,17911,0.0,0.0,ARLP,2m
2026-03-24 15:46:00-04:00,28.645000457763672,28.645000457763672,28.6299991607666,28.637500762939453,7564,0.0,0.0,ARLP,2m
2026-03-24 15:48:00-04:00,28.645000457763672,28.649999618530273,28.639999389648438,28.649999618530273,3407,0.0,0.0,ARLP,2m
2026-03-24 15:50:00-04:00,28.670000076293945,28.674999237060547,28.650100708007812,28.65999984741211,11371,0.0,0.0,ARLP,2m
2026-03-24 15:52:00-04:00,28.670000076293945,28.670000076293945,28.649999618530273,28.649999618530273,5243,0.0,0.0,ARLP,2m
2026-03-24 15:54:00-04:00,28.6200008392334,28.649999618530273,28.6200008392334,28.641300201416016,12057,0.0,0.0,ARLP,2m
2026-03-24 15:56:00-04:00,28.65999984741211,28.700000762939453,28.6299991607666,28.700000762939453,13438,0.0,0.0,ARLP,2m
2026-03-24 15:58:00-04:00,28.700000762939453,28.739999771118164,28.6200008392334,28.709999084472656,38851,0.0,0.0,ARLP,2m
2026-03-25 09:30:00-04:00,28.649999618530273,28.649999618530273,28.584999084472656,28.584999084472656,2424,0.0,0.0,ARLP,2m
2026-03-25 09:34:00-04:00,28.510000228881836,28.600000381469727,28.424999237060547,28.59000015258789,7764,0.0,0.0,ARLP,2m
2026-03-25 09:36:00-04:00,28.6299991607666,28.6299991607666,28.6299991607666,28.6299991607666,502,0.0,0.0,ARLP,2m
2026-03-25 09:38:00-04:00,28.560100555419922,28.560100555419922,28.560100555419922,28.560100555419922,853,0.0,0.0,ARLP,2m
2026-03-25 09:40:00-04:00,28.559999465942383,28.559999465942383,28.559999465942383,28.559999465942383,268,0.0,0.0,ARLP,2m
2026-03-25 09:42:00-04:00,28.549999237060547,28.688600540161133,28.549999237060547,28.688600540161133,589,0.0,0.0,ARLP,2m
2026-03-25 09:44:00-04:00,28.68000030517578,28.690000534057617,28.68000030517578,28.68000030517578,6464,0.0,0.0,ARLP,2m
2026-03-25 09:46:00-04:00,28.6299991607666,28.6299991607666,28.6299991607666,28.6299991607666,362,0.0,0.0,ARLP,2m
2026-03-25 09:50:00-04:00,28.689899444580078,28.689899444580078,28.56999969482422,28.637100219726562,717,0.0,0.0,ARLP,2m
2026-03-25 09:52:00-04:00,28.68000030517578,28.684999465942383,28.68000030517578,28.68000030517578,2553,0.0,0.0,ARLP,2m
2026-03-25 09:56:00-04:00,28.700000762939453,28.700000762939453,28.700000762939453,28.700000762939453,1932,0.0,0.0,ARLP,2m
2026-03-25 09:58:00-04:00,28.709999084472656,28.799999237060547,28.709999084472656,28.799999237060547,3572,0.0,0.0,ARLP,2m
2026-03-25 10:00:00-04:00,28.799999237060547,28.89349937438965,28.799999237060547,28.89349937438965,2865,0.0,0.0,ARLP,2m
2026-03-25 10:02:00-04:00,28.875,28.875,28.875,28.875,573,0.0,0.0,ARLP,2m
2026-03-25 10:04:00-04:00,28.809999465942383,28.809999465942383,28.809999465942383,28.809999465942383,685,0.0,0.0,ARLP,2m
2026-03-25 10:08:00-04:00,28.760000228881836,28.760000228881836,28.760000228881836,28.760000228881836,511,0.0,0.0,ARLP,2m
2026-03-25 10:10:00-04:00,28.760000228881836,28.760000228881836,28.760000228881836,28.760000228881836,120,0.0,0.0,ARLP,2m
2026-03-25 10:14:00-04:00,28.760000228881836,28.8075008392334,28.760000228881836,28.8075008392334,1102,0.0,0.0,ARLP,2m
2026-03-25 10:18:00-04:00,28.770000457763672,28.770000457763672,28.739999771118164,28.739999771118164,598,0.0,0.0,ARLP,2m
2026-03-25 10:22:00-04:00,28.7450008392334,28.7450008392334,28.7450008392334,28.7450008392334,192,0.0,0.0,ARLP,2m
2026-03-25 10:24:00-04:00,28.75,28.798200607299805,28.75,28.798200607299805,1102,0.0,0.0,ARLP,2m
2026-03-25 10:26:00-04:00,28.67009925842285,28.67009925842285,28.67009925842285,28.67009925842285,1739,0.0,0.0,ARLP,2m
2026-03-25 10:28:00-04:00,28.719999313354492,28.719999313354492,28.719999313354492,28.719999313354492,333,0.0,0.0,ARLP,2m
2026-03-25 10:32:00-04:00,28.678699493408203,28.679899215698242,28.660200119018555,28.660200119018555,7191,0.0,0.0,ARLP,2m
2026-03-25 10:40:00-04:00,28.690000534057617,28.690000534057617,28.690000534057617,28.690000534057617,458,0.0,0.0,ARLP,2m
2026-03-25 10:52:00-04:00,28.739999771118164,28.739999771118164,28.580299377441406,28.580299377441406,791,0.0,0.0,ARLP,2m
2026-03-25 10:56:00-04:00,28.600000381469727,28.600000381469727,28.600000381469727,28.600000381469727,230,0.0,0.0,ARLP,2m
2026-03-25 11:04:00-04:00,28.6299991607666,28.6299991607666,28.6299991607666,28.6299991607666,1639,0.0,0.0,ARLP,2m
2026-03-25 11:16:00-04:00,28.520000457763672,28.520000457763672,28.450000762939453,28.450000762939453,16186,0.0,0.0,ARLP,2m
2026-03-25 11:28:00-04:00,28.520000457763672,28.520000457763672,28.520000457763672,28.520000457763672,1594,0.0,0.0,ARLP,2m
2026-03-25 11:30:00-04:00,28.5,28.503700256347656,28.479999542236328,28.489999771118164,13557,0.0,0.0,ARLP,2m
2026-03-25 11:44:00-04:00,28.450000762939453,28.450000762939453,28.450000762939453,28.450000762939453,227,0.0,0.0,ARLP,2m
2026-03-25 11:50:00-04:00,28.469999313354492,28.479999542236328,28.459999084472656,28.479999542236328,899,0.0,0.0,ARLP,2m
2026-03-25 11:52:00-04:00,28.459999084472656,28.459999084472656,28.459999084472656,28.459999084472656,780,0.0,0.0,ARLP,2m
2026-03-25 11:58:00-04:00,28.450000762939453,28.450000762939453,28.450000762939453,28.450000762939453,1273,0.0,0.0,ARLP,2m
2026-03-25 12:00:00-04:00,28.440000534057617,28.440000534057617,28.43000030517578,28.43000030517578,1201,0.0,0.0,ARLP,2m
2026-03-25 12:02:00-04:00,28.424999237060547,28.424999237060547,28.424999237060547,28.424999237060547,538,0.0,0.0,ARLP,2m
2026-03-25 12:04:00-04:00,28.417299270629883,28.449899673461914,28.40999984741211,28.415000915527344,2871,0.0,0.0,ARLP,2m
2026-03-25 12:08:00-04:00,28.389999389648438,28.389999389648438,28.3799991607666,28.3799991607666,1449,0.0,0.0,ARLP,2m
2026-03-25 12:10:00-04:00,28.3700008392334,28.3700008392334,28.3700008392334,28.3700008392334,334,0.0,0.0,ARLP,2m
2026-03-25 12:12:00-04:00,28.360000610351562,28.360000610351562,28.34000015258789,28.34000015258789,1861,0.0,0.0,ARLP,2m
2026-03-25 12:14:00-04:00,28.25,28.40999984741211,28.25,28.40999984741211,927,0.0,0.0,ARLP,2m
2026-03-25 12:18:00-04:00,28.250099182128906,28.250099182128906,28.250099182128906,28.250099182128906,1089,0.0,0.0,ARLP,2m
2026-03-25 12:24:00-04:00,28.299999237060547,28.299999237060547,28.299999237060547,28.299999237060547,239,0.0,0.0,ARLP,2m
2026-03-25 12:26:00-04:00,28.309999465942383,28.309999465942383,28.309999465942383,28.309999465942383,200,0.0,0.0,ARLP,2m
2026-03-25 12:28:00-04:00,28.299999237060547,28.299999237060547,28.299999237060547,28.299999237060547,516,0.0,0.0,ARLP,2m
2026-03-25 12:30:00-04:00,28.347700119018555,28.350000381469727,28.309999465942383,28.350000381469727,1060,0.0,0.0,ARLP,2m
2026-03-25 12:32:00-04:00,28.309999465942383,28.309999465942383,28.299999237060547,28.299999237060547,751,0.0,0.0,ARLP,2m
2026-03-25 12:36:00-04:00,28.299999237060547,28.299999237060547,28.290000915527344,28.290000915527344,334,0.0,0.0,ARLP,2m
2026-03-25 12:40:00-04:00,28.299999237060547,28.309999465942383,28.280000686645508,28.309999465942383,549,0.0,0.0,ARLP,2m
2026-03-25 12:42:00-04:00,28.290599822998047,28.31999969482422,28.290599822998047,28.31999969482422,1239,0.0,0.0,ARLP,2m
2026-03-25 12:48:00-04:00,28.349700927734375,28.349700927734375,28.349700927734375,28.349700927734375,176,0.0,0.0,ARLP,2m
2026-03-25 12:50:00-04:00,28.299999237060547,28.299999237060547,28.295000076293945,28.295000076293945,11200,0.0,0.0,ARLP,2m
2026-03-25 12:52:00-04:00,28.260000228881836,28.260000228881836,28.260000228881836,28.260000228881836,0,0.0,0.0,ARLP,2m
2026-03-25 12:54:00-04:00,28.299999237060547,28.299999237060547,28.299999237060547,28.299999237060547,293,0.0,0.0,ARLP,2m
2026-03-25 12:56:00-04:00,28.325000762939453,28.325000762939453,28.260900497436523,28.260900497436523,963,0.0,0.0,ARLP,2m
2026-03-25 12:58:00-04:00,28.28499984741211,28.28499984741211,28.28499984741211,28.28499984741211,318,0.0,0.0,ARLP,2m
2026-03-25 13:00:00-04:00,28.280000686645508,28.280000686645508,28.280000686645508,28.280000686645508,509,0.0,0.0,ARLP,2m
2026-03-25 13:04:00-04:00,28.270000457763672,28.270000457763672,28.270000457763672,28.270000457763672,1513,0.0,0.0,ARLP,2m
2026-03-25 13:08:00-04:00,28.240100860595703,28.240100860595703,28.240100860595703,28.240100860595703,888,0.0,0.0,ARLP,2m
2026-03-25 13:10:00-04:00,28.274999618530273,28.274999618530273,28.25,28.274999618530273,2538,0.0,0.0,ARLP,2m
2026-03-25 13:12:00-04:00,28.290000915527344,28.290000915527344,28.290000915527344,28.290000915527344,685,0.0,0.0,ARLP,2m
2026-03-25 13:16:00-04:00,28.329999923706055,28.329999923706055,28.309999465942383,28.329999923706055,1553,0.0,0.0,ARLP,2m
2026-03-25 13:22:00-04:00,28.340099334716797,28.40999984741211,28.340099334716797,28.40999984741211,933,0.0,0.0,ARLP,2m
2026-03-25 13:24:00-04:00,28.40999984741211,28.40999984741211,28.40999984741211,28.40999984741211,768,0.0,0.0,ARLP,2m
2026-03-25 13:30:00-04:00,28.43000030517578,28.43000030517578,28.43000030517578,28.43000030517578,995,0.0,0.0,ARLP,2m
2026-03-25 13:34:00-04:00,28.469999313354492,28.520000457763672,28.469999313354492,28.520000457763672,780,0.0,0.0,ARLP,2m
2026-03-25 13:40:00-04:00,28.469999313354492,28.469999313354492,28.469999313354492,28.469999313354492,353,0.0,0.0,ARLP,2m
2026-03-25 13:44:00-04:00,28.514999389648438,28.514999389648438,28.514999389648438,28.514999389648438,642,0.0,0.0,ARLP,2m
2026-03-25 13:48:00-04:00,28.540000915527344,28.540000915527344,28.540000915527344,28.540000915527344,301,0.0,0.0,ARLP,2m
2026-03-25 13:52:00-04:00,28.520000457763672,28.520000457763672,28.520000457763672,28.520000457763672,749,0.0,0.0,ARLP,2m
2026-03-25 13:54:00-04:00,28.489999771118164,28.510000228881836,28.489999771118164,28.510000228881836,412,0.0,0.0,ARLP,2m
2026-03-25 13:58:00-04:00,28.5,28.5,28.5,28.5,576,0.0,0.0,ARLP,2m
2026-03-25 14:02:00-04:00,28.50510025024414,28.50510025024414,28.50510025024414,28.50510025024414,810,0.0,0.0,ARLP,2m
2026-03-25 14:06:00-04:00,28.5049991607666,28.5049991607666,28.5049991607666,28.5049991607666,315,0.0,0.0,ARLP,2m
2026-03-25 14:08:00-04:00,28.5,28.5,28.5,28.5,245,0.0,0.0,ARLP,2m
2026-03-25 14:10:00-04:00,28.530000686645508,28.530000686645508,28.530000686645508,28.530000686645508,672,0.0,0.0,ARLP,2m
2026-03-25 14:14:00-04:00,28.540000915527344,28.540000915527344,28.540000915527344,28.540000915527344,409,0.0,0.0,ARLP,2m
2026-03-25 14:16:00-04:00,28.55500030517578,28.56999969482422,28.545000076293945,28.545000076293945,1851,0.0,0.0,ARLP,2m
2026-03-25 14:18:00-04:00,28.579999923706055,28.579999923706055,28.579999923706055,28.579999923706055,638,0.0,0.0,ARLP,2m
2026-03-25 14:20:00-04:00,28.59000015258789,28.59000015258789,28.565000534057617,28.565000534057617,912,0.0,0.0,ARLP,2m
2026-03-25 14:22:00-04:00,28.565000534057617,28.565000534057617,28.565000534057617,28.565000534057617,958,0.0,0.0,ARLP,2m
2026-03-25 14:36:00-04:00,28.549999237060547,28.549999237060547,28.549999237060547,28.549999237060547,1449,0.0,0.0,ARLP,2m
2026-03-25 14:38:00-04:00,28.579999923706055,28.579999923706055,28.579999923706055,28.579999923706055,7083,0.0,0.0,ARLP,2m
2026-03-25 14:40:00-04:00,28.59000015258789,28.59000015258789,28.59000015258789,28.59000015258789,414,0.0,0.0,ARLP,2m
2026-03-25 14:46:00-04:00,28.600000381469727,28.639999389648438,28.600000381469727,28.639999389648438,2848,0.0,0.0,ARLP,2m
2026-03-25 14:52:00-04:00,28.639999389648438,28.639999389648438,28.639999389648438,28.639999389648438,215,0.0,0.0,ARLP,2m
2026-03-25 14:54:00-04:00,28.6200008392334,28.6200008392334,28.600000381469727,28.600000381469727,9736,0.0,0.0,ARLP,2m
2026-03-25 14:56:00-04:00,28.579999923706055,28.579999923706055,28.579999923706055,28.579999923706055,1241,0.0,0.0,ARLP,2m
2026-03-25 15:04:00-04:00,28.6299991607666,28.6299991607666,28.604999542236328,28.604999542236328,585,0.0,0.0,ARLP,2m
2026-03-25 15:06:00-04:00,28.604999542236328,28.604999542236328,28.604999542236328,28.604999542236328,579,0.0,0.0,ARLP,2m
2026-03-25 15:10:00-04:00,28.575000762939453,28.575000762939453,28.575000762939453,28.575000762939453,1329,0.0,0.0,ARLP,2m
2026-03-25 15:12:00-04:00,28.59000015258789,28.59000015258789,28.577699661254883,28.577699661254883,674,0.0,0.0,ARLP,2m
2026-03-25 15:14:00-04:00,28.59000015258789,28.59000015258789,28.59000015258789,28.59000015258789,782,0.0,0.0,ARLP,2m
2026-03-25 15:16:00-04:00,28.600000381469727,28.610000610351562,28.600000381469727,28.610000610351562,1078,0.0,0.0,ARLP,2m
2026-03-25 15:18:00-04:00,28.6200008392334,28.6200008392334,28.6200008392334,28.6200008392334,930,0.0,0.0,ARLP,2m
2026-03-25 15:20:00-04:00,28.6200008392334,28.6299991607666,28.610000610351562,28.6299991607666,1435,0.0,0.0,ARLP,2m
2026-03-25 15:22:00-04:00,28.6200008392334,28.6299991607666,28.6200008392334,28.6299991607666,2189,0.0,0.0,ARLP,2m
2026-03-25 15:24:00-04:00,28.6299991607666,28.6299991607666,28.6299991607666,28.6299991607666,433,0.0,0.0,ARLP,2m
2026-03-25 15:26:00-04:00,28.6299991607666,28.6299991607666,28.6299991607666,28.6299991607666,1517,0.0,0.0,ARLP,2m
2026-03-25 15:28:00-04:00,28.610000610351562,28.610000610351562,28.610000610351562,28.610000610351562,190,0.0,0.0,ARLP,2m
2026-03-25 15:30:00-04:00,28.594999313354492,28.594999313354492,28.594999313354492,28.594999313354492,1449,0.0,0.0,ARLP,2m
2026-03-25 15:36:00-04:00,28.56999969482422,28.56999969482422,28.56999969482422,28.56999969482422,1388,0.0,0.0,ARLP,2m
2026-03-25 15:38:00-04:00,28.56999969482422,28.579999923706055,28.56999969482422,28.579999923706055,2063,0.0,0.0,ARLP,2m
2026-03-25 15:44:00-04:00,28.588899612426758,28.588899612426758,28.58009910583496,28.58009910583496,465,0.0,0.0,ARLP,2m
2026-03-25 15:46:00-04:00,28.6299991607666,28.6299991607666,28.600000381469727,28.600000381469727,1582,0.0,0.0,ARLP,2m
2026-03-25 15:48:00-04:00,28.589500427246094,28.610000610351562,28.589500427246094,28.59000015258789,1924,0.0,0.0,ARLP,2m
2026-03-25 15:50:00-04:00,28.579999923706055,28.579999923706055,28.579999923706055,28.579999923706055,246,0.0,0.0,ARLP,2m
2026-03-25 15:52:00-04:00,28.600000381469727,28.600000381469727,28.579999923706055,28.579999923706055,1536,0.0,0.0,ARLP,2m
2026-03-25 15:54:00-04:00,28.59000015258789,28.625,28.59000015258789,28.614999771118164,6046,0.0,0.0,ARLP,2m
2026-03-25 15:56:00-04:00,28.606800079345703,28.6200008392334,28.59000015258789,28.59000015258789,12289,0.0,0.0,ARLP,2m
2026-03-25 15:58:00-04:00,28.6200008392334,28.6299991607666,28.59000015258789,28.6200008392334,2737,0.0,0.0,ARLP,2m
2026-03-26 09:30:00-04:00,28.469999313354492,28.700000762939453,28.469999313354492,28.700000762939453,6565,0.0,0.0,ARLP,2m
2026-03-26 09:32:00-04:00,28.635000228881836,28.635000228881836,28.635000228881836,28.635000228881836,122,0.0,0.0,ARLP,2m
2026-03-26 09:34:00-04:00,28.59000015258789,28.59000015258789,28.59000015258789,28.59000015258789,1473,0.0,0.0,ARLP,2m
2026-03-26 09:44:00-04:00,28.639999389648438,28.639999389648438,28.639999389648438,28.639999389648438,116,0.0,0.0,ARLP,2m
2026-03-26 09:46:00-04:00,28.649999618530273,28.649999618530273,28.51689910888672,28.51689910888672,566,0.0,0.0,ARLP,2m
2026-03-26 09:48:00-04:00,28.655000686645508,28.655000686645508,28.655000686645508,28.655000686645508,2064,0.0,0.0,ARLP,2m
2026-03-26 09:50:00-04:00,28.655000686645508,28.655000686645508,28.51919937133789,28.655000686645508,883,0.0,0.0,ARLP,2m
2026-03-26 09:54:00-04:00,28.790000915527344,28.790000915527344,28.739999771118164,28.739999771118164,558,0.0,0.0,ARLP,2m
2026-03-26 09:56:00-04:00,28.84000015258789,28.84000015258789,28.84000015258789,28.84000015258789,102,0.0,0.0,ARLP,2m
2026-03-26 09:58:00-04:00,28.7549991607666,28.84000015258789,28.7549991607666,28.84000015258789,562,0.0,0.0,ARLP,2m
2026-03-26 10:00:00-04:00,28.850000381469727,28.899999618530273,28.780000686645508,28.780000686645508,3071,0.0,0.0,ARLP,2m
2026-03-26 10:12:00-04:00,28.899999618530273,28.969999313354492,28.899999618530273,28.969999313354492,1407,0.0,0.0,ARLP,2m
2026-03-26 10:14:00-04:00,28.940000534057617,28.969999313354492,28.940000534057617,28.969999313354492,1249,0.0,0.0,ARLP,2m
2026-03-26 10:18:00-04:00,28.979999542236328,28.989999771118164,28.8700008392334,28.8700008392334,3251,0.0,0.0,ARLP,2m
2026-03-26 10:22:00-04:00,28.850000381469727,28.885000228881836,28.850000381469727,28.885000228881836,2613,0.0,0.0,ARLP,2m
2026-03-26 10:24:00-04:00,28.875,28.875,28.875,28.875,953,0.0,0.0,ARLP,2m
2026-03-26 10:26:00-04:00,28.8799991607666,28.8799991607666,28.8799991607666,28.8799991607666,1006,0.0,0.0,ARLP,2m
2026-03-26 10:28:00-04:00,28.899999618530273,28.899999618530273,28.899999618530273,28.899999618530273,573,0.0,0.0,ARLP,2m
2026-03-26 10:32:00-04:00,28.934999465942383,28.934999465942383,28.934999465942383,28.934999465942383,407,0.0,0.0,ARLP,2m
2026-03-26 10:38:00-04:00,28.8799991607666,28.8799991607666,28.8799991607666,28.8799991607666,1267,0.0,0.0,ARLP,2m
2026-03-26 10:42:00-04:00,28.860000610351562,28.860000610351562,28.860000610351562,28.860000610351562,983,0.0,0.0,ARLP,2m
2026-03-26 10:54:00-04:00,28.825000762939453,28.825000762939453,28.81999969482422,28.81999969482422,1777,0.0,0.0,ARLP,2m
2026-03-26 10:56:00-04:00,28.850000381469727,28.885000228881836,28.850000381469727,28.885000228881836,339,0.0,0.0,ARLP,2m
2026-03-26 11:08:00-04:00,28.905000686645508,28.905000686645508,28.905000686645508,28.905000686645508,644,0.0,0.0,ARLP,2m
2026-03-26 11:10:00-04:00,28.940000534057617,28.950000762939453,28.940000534057617,28.950000762939453,214,0.0,0.0,ARLP,2m
2026-03-26 11:16:00-04:00,28.920000076293945,28.920000076293945,28.920000076293945,28.920000076293945,1900,0.0,0.0,ARLP,2m
2026-03-26 11:18:00-04:00,28.950000762939453,28.950000762939453,28.93000030517578,28.93000030517578,1071,0.0,0.0,ARLP,2m
2026-03-26 11:20:00-04:00,28.959999084472656,28.959999084472656,28.959999084472656,28.959999084472656,218,0.0,0.0,ARLP,2m
2026-03-26 11:24:00-04:00,28.959999084472656,28.959999084472656,28.90999984741211,28.940000534057617,8925,0.0,0.0,ARLP,2m
2026-03-26 11:26:00-04:00,28.950000762939453,28.950000762939453,28.950000762939453,28.950000762939453,785,0.0,0.0,ARLP,2m
2026-03-26 11:34:00-04:00,28.989999771118164,29.040000915527344,28.969999313354492,29.020000457763672,22350,0.0,0.0,ARLP,2m
2026-03-26 11:36:00-04:00,29.000099182128906,29.020000457763672,29.000099182128906,29.020000457763672,1467,0.0,0.0,ARLP,2m
2026-03-26 11:38:00-04:00,29.010000228881836,29.010000228881836,29.010000228881836,29.010000228881836,1351,0.0,0.0,ARLP,2m
2026-03-26 11:42:00-04:00,29.030000686645508,29.030000686645508,29.030000686645508,29.030000686645508,533,0.0,0.0,ARLP,2m
2026-03-26 11:44:00-04:00,29.024999618530273,29.024999618530273,28.979999542236328,28.979999542236328,3216,0.0,0.0,ARLP,2m
2026-03-26 11:48:00-04:00,29.0,29.0,28.969999313354492,28.969999313354492,1789,0.0,0.0,ARLP,2m
2026-03-26 11:50:00-04:00,28.989900588989258,28.989900588989258,28.959999084472656,28.969999313354492,702,0.0,0.0,ARLP,2m
2026-03-26 11:52:00-04:00,28.950000762939453,28.965099334716797,28.950000762939453,28.96500015258789,2975,0.0,0.0,ARLP,2m
2026-03-26 12:02:00-04:00,28.969999313354492,28.969999313354492,28.969999313354492,28.969999313354492,324,0.0,0.0,ARLP,2m
2026-03-26 12:04:00-04:00,28.969999313354492,28.969999313354492,28.96929931640625,28.969999313354492,695,0.0,0.0,ARLP,2m
2026-03-26 12:14:00-04:00,28.969999313354492,28.969999313354492,28.969999313354492,28.969999313354492,312,0.0,0.0,ARLP,2m
2026-03-26 12:16:00-04:00,28.969999313354492,28.969999313354492,28.969999313354492,28.969999313354492,1036,0.0,0.0,ARLP,2m
2026-03-26 12:20:00-04:00,28.950000762939453,28.969999313354492,28.950000762939453,28.969999313354492,1606,0.0,0.0,ARLP,2m
2026-03-26 12:22:00-04:00,28.940000534057617,28.940000534057617,28.91119956970215,28.91119956970215,1005,0.0,0.0,ARLP,2m
2026-03-26 12:24:00-04:00,28.940000534057617,28.940000534057617,28.940000534057617,28.940000534057617,115,0.0,0.0,ARLP,2m
2026-03-26 12:26:00-04:00,28.90999984741211,28.90999984741211,28.889999389648438,28.889999389648438,4787,0.0,0.0,ARLP,2m
2026-03-26 12:28:00-04:00,28.920000076293945,28.920000076293945,28.920000076293945,28.920000076293945,0,0.0,0.0,ARLP,2m
2026-03-26 12:30:00-04:00,28.8799991607666,28.8799991607666,28.8799991607666,28.8799991607666,1279,0.0,0.0,ARLP,2m
2026-03-26 12:32:00-04:00,28.8799991607666,28.8799991607666,28.8799991607666,28.8799991607666,136,0.0,0.0,ARLP,2m
2026-03-26 12:34:00-04:00,28.90999984741211,28.90999984741211,28.90999984741211,28.90999984741211,2943,0.0,0.0,ARLP,2m
2026-03-26 12:48:00-04:00,28.915000915527344,28.915000915527344,28.915000915527344,28.915000915527344,327,0.0,0.0,ARLP,2m
2026-03-26 12:52:00-04:00,28.915000915527344,28.940000534057617,28.915000915527344,28.940000534057617,3178,0.0,0.0,ARLP,2m
2026-03-26 12:58:00-04:00,28.979999542236328,28.979999542236328,28.950000762939453,28.950000762939453,480,0.0,0.0,ARLP,2m
2026-03-26 13:00:00-04:00,28.950000762939453,28.950000762939453,28.950000762939453,28.950000762939453,719,0.0,0.0,ARLP,2m
2026-03-26 13:06:00-04:00,28.93000030517578,28.93000030517578,28.93000030517578,28.93000030517578,663,0.0,0.0,ARLP,2m
2026-03-26 13:10:00-04:00,28.91990089416504,28.91990089416504,28.91990089416504,28.91990089416504,200,0.0,0.0,ARLP,2m
2026-03-26 13:12:00-04:00,28.899999618530273,28.899999618530273,28.8700008392334,28.8700008392334,307,0.0,0.0,ARLP,2m
2026-03-26 13:14:00-04:00,28.899999618530273,28.899999618530273,28.899999618530273,28.899999618530273,979,0.0,0.0,ARLP,2m
2026-03-26 13:16:00-04:00,28.895000457763672,28.895000457763672,28.895000457763672,28.895000457763672,268,0.0,0.0,ARLP,2m
2026-03-26 13:18:00-04:00,28.895000457763672,28.895000457763672,28.895000457763672,28.895000457763672,277,0.0,0.0,ARLP,2m
2026-03-26 13:20:00-04:00,28.895000457763672,28.895000457763672,28.895000457763672,28.895000457763672,441,0.0,0.0,ARLP,2m
2026-03-26 13:22:00-04:00,28.889999389648438,28.889999389648438,28.889999389648438,28.889999389648438,945,0.0,0.0,ARLP,2m
2026-03-26 13:24:00-04:00,28.850000381469727,28.850000381469727,28.850000381469727,28.850000381469727,4227,0.0,0.0,ARLP,2m
2026-03-26 13:30:00-04:00,28.83009910583496,28.8700008392334,28.83009910583496,28.8700008392334,4172,0.0,0.0,ARLP,2m
2026-03-26 13:36:00-04:00,28.83009910583496,28.83009910583496,28.83009910583496,28.83009910583496,2700,0.0,0.0,ARLP,2m
2026-03-26 13:38:00-04:00,28.829999923706055,28.829999923706055,28.829999923706055,28.829999923706055,1011,0.0,0.0,ARLP,2m
2026-03-26 13:42:00-04:00,28.829999923706055,28.829999923706055,28.799999237060547,28.799999237060547,1258,0.0,0.0,ARLP,2m
2026-03-26 13:48:00-04:00,28.854999542236328,28.854999542236328,28.829999923706055,28.84000015258789,591,0.0,0.0,ARLP,2m
2026-03-26 13:50:00-04:00,28.854999542236328,28.854999542236328,28.854999542236328,28.854999542236328,1798,0.0,0.0,ARLP,2m
2026-03-26 13:54:00-04:00,28.799999237060547,28.799999237060547,28.799999237060547,28.799999237060547,241,0.0,0.0,ARLP,2m
2026-03-26 13:56:00-04:00,28.815000534057617,28.815000534057617,28.815000534057617,28.815000534057617,396,0.0,0.0,ARLP,2m
2026-03-26 13:58:00-04:00,28.797300338745117,28.797300338745117,28.797300338745117,28.797300338745117,174,0.0,0.0,ARLP,2m
2026-03-26 14:00:00-04:00,28.799999237060547,28.815000534057617,28.780000686645508,28.815000534057617,535,0.0,0.0,ARLP,2m
2026-03-26 14:02:00-04:00,28.815000534057617,28.815000534057617,28.815000534057617,28.815000534057617,306,0.0,0.0,ARLP,2m
2026-03-26 14:04:00-04:00,28.815000534057617,28.815000534057617,28.815000534057617,28.815000534057617,1460,0.0,0.0,ARLP,2m
2026-03-26 14:10:00-04:00,28.81999969482422,28.81999969482422,28.81999969482422,28.81999969482422,927,0.0,0.0,ARLP,2m
2026-03-26 14:24:00-04:00,28.825000762939453,28.825000762939453,28.799999237060547,28.809999465942383,4511,0.0,0.0,ARLP,2m
2026-03-26 14:28:00-04:00,28.829999923706055,28.829999923706055,28.809999465942383,28.82040023803711,2726,0.0,0.0,ARLP,2m
2026-03-26 14:30:00-04:00,28.860000610351562,28.860000610351562,28.860000610351562,28.860000610351562,1363,0.0,0.0,ARLP,2m
2026-03-26 14:34:00-04:00,28.81999969482422,28.81999969482422,28.81999969482422,28.81999969482422,275,0.0,0.0,ARLP,2m
2026-03-26 14:40:00-04:00,28.8700008392334,28.8700008392334,28.850000381469727,28.85890007019043,2070,0.0,0.0,ARLP,2m
2026-03-26 14:48:00-04:00,28.850000381469727,28.850000381469727,28.850000381469727,28.850000381469727,1221,0.0,0.0,ARLP,2m
2026-03-26 14:52:00-04:00,28.829999923706055,28.829999923706055,28.829999923706055,28.829999923706055,2201,0.0,0.0,ARLP,2m
2026-03-26 14:54:00-04:00,28.81999969482422,28.829999923706055,28.809999465942383,28.829999923706055,3833,0.0,0.0,ARLP,2m
2026-03-26 14:56:00-04:00,28.854999542236328,28.854999542236328,28.854999542236328,28.854999542236328,374,0.0,0.0,ARLP,2m
2026-03-26 15:04:00-04:00,28.854999542236328,28.854999542236328,28.854999542236328,28.854999542236328,585,0.0,0.0,ARLP,2m
2026-03-26 15:06:00-04:00,28.829999923706055,28.829999923706055,28.829999923706055,28.829999923706055,636,0.0,0.0,ARLP,2m
2026-03-26 15:10:00-04:00,28.81999969482422,28.81999969482422,28.799999237060547,28.799999237060547,3449,0.0,0.0,ARLP,2m
2026-03-26 15:12:00-04:00,28.815000534057617,28.815000534057617,28.815000534057617,28.815000534057617,944,0.0,0.0,ARLP,2m
2026-03-26 15:18:00-04:00,28.815000534057617,28.815000534057617,28.815000534057617,28.815000534057617,647,0.0,0.0,ARLP,2m
2026-03-26 15:24:00-04:00,28.799999237060547,28.799999237060547,28.799999237060547,28.799999237060547,862,0.0,0.0,ARLP,2m
2026-03-26 15:26:00-04:00,28.780000686645508,28.780000686645508,28.780000686645508,28.780000686645508,1110,0.0,0.0,ARLP,2m
2026-03-26 15:28:00-04:00,28.770000457763672,28.770000457763672,28.770000457763672,28.770000457763672,903,0.0,0.0,ARLP,2m
2026-03-26 15:30:00-04:00,28.770000457763672,28.770000457763672,28.75,28.75,2124,0.0,0.0,ARLP,2m
2026-03-26 15:32:00-04:00,28.780000686645508,28.780000686645508,28.760000228881836,28.760000228881836,1643,0.0,0.0,ARLP,2m
2026-03-26 15:34:00-04:00,28.770000457763672,28.799999237060547,28.770000457763672,28.799999237060547,1930,0.0,0.0,ARLP,2m
2026-03-26 15:36:00-04:00,28.790000915527344,28.790000915527344,28.790000915527344,28.790000915527344,1635,0.0,0.0,ARLP,2m
2026-03-26 15:38:00-04:00,28.81999969482422,28.829999923706055,28.80500030517578,28.829999923706055,2298,0.0,0.0,ARLP,2m
2026-03-26 15:40:00-04:00,28.790000915527344,28.83679962158203,28.770000457763672,28.829999923706055,13904,0.0,0.0,ARLP,2m
2026-03-26 15:42:00-04:00,28.815000534057617,28.829999923706055,28.815000534057617,28.829999923706055,3303,0.0,0.0,ARLP,2m
2026-03-26 15:44:00-04:00,28.829999923706055,28.829999923706055,28.81999969482422,28.825000762939453,2099,0.0,0.0,ARLP,2m
2026-03-26 15:46:00-04:00,28.825000762939453,28.825000762939453,28.790000915527344,28.799999237060547,8980,0.0,0.0,ARLP,2m
2026-03-26 15:48:00-04:00,28.825000762939453,28.825000762939453,28.825000762939453,28.825000762939453,531,0.0,0.0,ARLP,2m
2026-03-26 15:50:00-04:00,28.809999465942383,28.81999969482422,28.799999237060547,28.815000534057617,5851,0.0,0.0,ARLP,2m
2026-03-26 15:52:00-04:00,28.805500030517578,28.805500030517578,28.799999237060547,28.799999237060547,915,0.0,0.0,ARLP,2m
2026-03-26 15:54:00-04:00,28.80500030517578,28.825000762939453,28.80500030517578,28.809999465942383,2805,0.0,0.0,ARLP,2m
2026-03-26 15:56:00-04:00,28.81999969482422,28.829999923706055,28.809999465942383,28.820100784301758,3155,0.0,0.0,ARLP,2m
2026-03-26 15:58:00-04:00,28.850000381469727,28.8799991607666,28.850000381469727,28.8799991607666,5662,0.0,0.0,ARLP,2m
2026-03-27 09:30:00-04:00,28.84000015258789,28.979999542236328,28.84000015258789,28.950000762939453,12260,0.0,0.0,ARLP,2m
2026-03-27 09:32:00-04:00,28.889999389648438,28.979999542236328,28.889999389648438,28.979999542236328,1392,0.0,0.0,ARLP,2m
2026-03-27 09:36:00-04:00,28.94499969482422,28.94499969482422,28.940000534057617,28.940000534057617,477,0.0,0.0,ARLP,2m
2026-03-27 09:38:00-04:00,28.9867000579834,29.149999618530273,28.9867000579834,29.149999618530273,9135,0.0,0.0,ARLP,2m
2026-03-27 09:40:00-04:00,29.149900436401367,29.15999984741211,29.039499282836914,29.039499282836914,3301,0.0,0.0,ARLP,2m
2026-03-27 09:42:00-04:00,29.09000015258789,29.09000015258789,29.024999618530273,29.024999618530273,2917,0.0,0.0,ARLP,2m
2026-03-27 09:44:00-04:00,29.06999969482422,29.1200008392334,29.06999969482422,29.1200008392334,1710,0.0,0.0,ARLP,2m
2026-03-27 09:46:00-04:00,29.06999969482422,29.06999969482422,29.06999969482422,29.06999969482422,1023,0.0,0.0,ARLP,2m
2026-03-27 09:48:00-04:00,29.08099937438965,29.15999984741211,29.08099937438965,29.100000381469727,1527,0.0,0.0,ARLP,2m
2026-03-27 09:50:00-04:00,29.149999618530273,29.149999618530273,29.094999313354492,29.094999313354492,2008,0.0,0.0,ARLP,2m
2026-03-27 09:52:00-04:00,29.149999618530273,29.18000030517578,29.149999618530273,29.16990089416504,4523,0.0,0.0,ARLP,2m
2026-03-27 09:54:00-04:00,29.100000381469727,29.149999618530273,29.010000228881836,29.149999618530273,1842,0.0,0.0,ARLP,2m
2026-03-27 09:56:00-04:00,29.094999313354492,29.18000030517578,29.094999313354492,29.094999313354492,2484,0.0,0.0,ARLP,2m
2026-03-27 09:58:00-04:00,29.094999313354492,29.170000076293945,29.094999313354492,29.15999984741211,2958,0.0,0.0,ARLP,2m
2026-03-27 10:00:00-04:00,29.094999313354492,29.094999313354492,29.094999313354492,29.094999313354492,697,0.0,0.0,ARLP,2m
2026-03-27 10:02:00-04:00,29.18000030517578,29.18000030517578,29.18000030517578,29.18000030517578,666,0.0,0.0,ARLP,2m
2026-03-27 10:04:00-04:00,29.149999618530273,29.229999542236328,29.149999618530273,29.229999542236328,6144,0.0,0.0,ARLP,2m
2026-03-27 10:06:00-04:00,29.229999542236328,29.239999771118164,29.161699295043945,29.161699295043945,2197,0.0,0.0,ARLP,2m
2026-03-27 10:08:00-04:00,29.204999923706055,29.239999771118164,29.204999923706055,29.239999771118164,2034,0.0,0.0,ARLP,2m
2026-03-27 10:10:00-04:00,29.204999923706055,29.239999771118164,29.204999923706055,29.204999923706055,3030,0.0,0.0,ARLP,2m
2026-03-27 10:12:00-04:00,29.204999923706055,29.204999923706055,29.204999923706055,29.204999923706055,1029,0.0,0.0,ARLP,2m
2026-03-27 10:14:00-04:00,29.239900588989258,29.239999771118164,29.239900588989258,29.239999771118164,714,0.0,0.0,ARLP,2m
2026-03-27 10:16:00-04:00,29.218700408935547,29.299999237060547,29.218700408935547,29.299999237060547,17232,0.0,0.0,ARLP,2m
2026-03-27 10:18:00-04:00,29.235000610351562,29.290000915527344,29.235000610351562,29.280000686645508,1833,0.0,0.0,ARLP,2m
2026-03-27 10:20:00-04:00,29.235000610351562,29.235000610351562,29.235000610351562,29.235000610351562,200,0.0,0.0,ARLP,2m
2026-03-27 10:22:00-04:00,29.23509979248047,29.399999618530273,29.23509979248047,29.354999542236328,4704,0.0,0.0,ARLP,2m
2026-03-27 10:24:00-04:00,29.36199951171875,29.399999618530273,29.354999542236328,29.389999389648438,1619,0.0,0.0,ARLP,2m
2026-03-27 10:26:00-04:00,29.350000381469727,29.350000381469727,29.350000381469727,29.350000381469727,512,0.0,0.0,ARLP,2m
2026-03-27 10:28:00-04:00,29.309999465942383,29.309999465942383,29.309999465942383,29.309999465942383,635,0.0,0.0,ARLP,2m
2026-03-27 10:30:00-04:00,29.350000381469727,29.440000534057617,29.290000915527344,29.424999237060547,20429,0.0,0.0,ARLP,2m
2026-03-27 10:32:00-04:00,29.40999984741211,29.43000030517578,29.40999984741211,29.43000030517578,760,0.0,0.0,ARLP,2m
2026-03-27 10:34:00-04:00,29.362899780273438,29.420000076293945,29.362899780273438,29.420000076293945,2241,0.0,0.0,ARLP,2m
2026-03-27 10:38:00-04:00,29.3700008392334,29.3700008392334,29.3700008392334,29.3700008392334,760,0.0,0.0,ARLP,2m
2026-03-27 10:40:00-04:00,29.329999923706055,29.360000610351562,29.290000915527344,29.34000015258789,5924,0.0,0.0,ARLP,2m
2026-03-27 10:50:00-04:00,29.270000457763672,29.270000457763672,29.270000457763672,29.270000457763672,598,0.0,0.0,ARLP,2m
2026-03-27 10:52:00-04:00,29.3700008392334,29.3700008392334,29.3700008392334,29.3700008392334,1110,0.0,0.0,ARLP,2m
2026-03-27 10:54:00-04:00,29.3799991607666,29.3799991607666,29.299999237060547,29.299999237060547,2224,0.0,0.0,ARLP,2m
2026-03-27 10:56:00-04:00,29.3799991607666,29.389999389648438,29.30500030517578,29.30500030517578,0,0.0,0.0,ARLP,2m
2026-03-27 10:58:00-04:00,29.3799991607666,29.389999389648438,29.3799991607666,29.389999389648438,1886,0.0,0.0,ARLP,2m
2026-03-27 11:00:00-04:00,29.38800048828125,29.399999618530273,29.38800048828125,29.395000457763672,2241,0.0,0.0,ARLP,2m
2026-03-27 11:02:00-04:00,29.350000381469727,29.43000030517578,29.34000015258789,29.399999618530273,2355,0.0,0.0,ARLP,2m
2026-03-27 11:04:00-04:00,29.404800415039062,29.404800415039062,29.404800415039062,29.404800415039062,292,0.0,0.0,ARLP,2m
2026-03-27 11:06:00-04:00,29.43000030517578,29.43000030517578,29.395000457763672,29.395000457763672,1983,0.0,0.0,ARLP,2m
2026-03-27 11:08:00-04:00,29.377599716186523,29.377599716186523,29.377599716186523,29.377599716186523,529,0.0,0.0,ARLP,2m
2026-03-27 11:10:00-04:00,29.310100555419922,29.310100555419922,29.310100555419922,29.310100555419922,267,0.0,0.0,ARLP,2m
2026-03-27 11:12:00-04:00,29.354999542236328,29.399999618530273,29.354999542236328,29.399999618530273,2003,0.0,0.0,ARLP,2m
2026-03-27 11:14:00-04:00,29.440000534057617,29.450000762939453,29.399999618530273,29.399999618530273,3784,0.0,0.0,ARLP,2m
2026-03-27 11:18:00-04:00,29.350000381469727,29.350000381469727,29.350000381469727,29.350000381469727,768,0.0,0.0,ARLP,2m
2026-03-27 11:22:00-04:00,29.34000015258789,29.389999389648438,29.34000015258789,29.350000381469727,2666,0.0,0.0,ARLP,2m
2026-03-27 11:24:00-04:00,29.372800827026367,29.372800827026367,29.329999923706055,29.329999923706055,696,0.0,0.0,ARLP,2m
2026-03-27 11:26:00-04:00,29.350000381469727,29.350000381469727,29.350000381469727,29.350000381469727,389,0.0,0.0,ARLP,2m
2026-03-27 11:30:00-04:00,29.389999389648438,29.399999618530273,29.343000411987305,29.389999389648438,10912,0.0,0.0,ARLP,2m
2026-03-27 11:32:00-04:00,29.364999771118164,29.41990089416504,29.364999771118164,29.41990089416504,726,0.0,0.0,ARLP,2m
2026-03-27 11:38:00-04:00,29.364999771118164,29.399999618530273,29.364999771118164,29.389999389648438,3830,0.0,0.0,ARLP,2m
2026-03-27 11:40:00-04:00,29.364999771118164,29.364999771118164,29.364999771118164,29.364999771118164,556,0.0,0.0,ARLP,2m
2026-03-27 11:42:00-04:00,29.329999923706055,29.329999923706055,29.309999465942383,29.309999465942383,1113,0.0,0.0,ARLP,2m
2026-03-27 11:44:00-04:00,29.264999389648438,29.264999389648438,29.264999389648438,29.264999389648438,7388,0.0,0.0,ARLP,2m
2026-03-27 11:50:00-04:00,29.299999237060547,29.299999237060547,29.264999389648438,29.264999389648438,427,0.0,0.0,ARLP,2m
2026-03-27 11:56:00-04:00,29.270000457763672,29.270000457763672,29.239999771118164,29.239999771118164,1217,0.0,0.0,ARLP,2m
2026-03-27 11:58:00-04:00,29.229999542236328,29.229999542236328,29.229999542236328,29.229999542236328,956,0.0,0.0,ARLP,2m
2026-03-27 12:00:00-04:00,29.18000030517578,29.225000381469727,29.18000030517578,29.225000381469727,4698,0.0,0.0,ARLP,2m
2026-03-27 12:02:00-04:00,29.219999313354492,29.219999313354492,29.219999313354492,29.219999313354492,801,0.0,0.0,ARLP,2m
2026-03-27 12:06:00-04:00,29.230100631713867,29.230100631713867,29.230100631713867,29.230100631713867,827,0.0,0.0,ARLP,2m
2026-03-27 12:08:00-04:00,29.219999313354492,29.219999313354492,29.11050033569336,29.17569923400879,2605,0.0,0.0,ARLP,2m
2026-03-27 12:10:00-04:00,29.143800735473633,29.143800735473633,29.143800735473633,29.143800735473633,495,0.0,0.0,ARLP,2m
2026-03-27 12:14:00-04:00,29.209999084472656,29.25,29.15880012512207,29.25,2132,0.0,0.0,ARLP,2m
2026-03-27 12:16:00-04:00,29.18000030517578,29.290199279785156,29.100000381469727,29.290199279785156,7124,0.0,0.0,ARLP,2m
2026-03-27 12:22:00-04:00,29.200000762939453,29.2189998626709,29.200000762939453,29.2189998626709,1249,0.0,0.0,ARLP,2m
2026-03-27 12:24:00-04:00,29.270000457763672,29.270000457763672,29.21500015258789,29.21500015258789,249,0.0,0.0,ARLP,2m
2026-03-27 12:26:00-04:00,29.24209976196289,29.24209976196289,29.219999313354492,29.219999313354492,663,0.0,0.0,ARLP,2m
2026-03-27 12:32:00-04:00,29.21500015258789,29.21500015258789,29.21500015258789,29.21500015258789,1579,0.0,0.0,ARLP,2m
2026-03-27 12:34:00-04:00,29.21500015258789,29.21500015258789,29.21500015258789,29.21500015258789,0,0.0,0.0,ARLP,2m
2026-03-27 12:36:00-04:00,29.21500015258789,29.21500015258789,29.21500015258789,29.21500015258789,317,0.0,0.0,ARLP,2m
2026-03-27 12:40:00-04:00,29.215099334716797,29.290000915527344,29.215099334716797,29.290000915527344,1786,0.0,0.0,ARLP,2m
2026-03-27 12:42:00-04:00,29.21500015258789,29.21500015258789,29.21500015258789,29.21500015258789,366,0.0,0.0,ARLP,2m
2026-03-27 12:44:00-04:00,29.21500015258789,29.280000686645508,29.21500015258789,29.280000686645508,1168,0.0,0.0,ARLP,2m
2026-03-27 12:46:00-04:00,29.280000686645508,29.280000686645508,29.280000686645508,29.280000686645508,108,0.0,0.0,ARLP,2m
2026-03-27 12:48:00-04:00,29.21500015258789,29.21500015258789,29.21500015258789,29.21500015258789,115,0.0,0.0,ARLP,2m
2026-03-27 12:50:00-04:00,29.209999084472656,29.209999084472656,29.209999084472656,29.209999084472656,103,0.0,0.0,ARLP,2m
2026-03-27 12:52:00-04:00,29.289899826049805,29.299999237060547,29.28499984741211,29.28499984741211,5600,0.0,0.0,ARLP,2m
2026-03-27 12:54:00-04:00,29.329999923706055,29.329999923706055,29.219999313354492,29.299999237060547,2471,0.0,0.0,ARLP,2m
2026-03-27 12:56:00-04:00,29.329999923706055,29.360000610351562,29.30500030517578,29.30500030517578,2885,0.0,0.0,ARLP,2m
2026-03-27 13:02:00-04:00,29.30500030517578,29.30500030517578,29.295000076293945,29.295000076293945,2124,0.0,0.0,ARLP,2m
2026-03-27 13:04:00-04:00,29.239999771118164,29.239999771118164,29.239999771118164,29.239999771118164,301,0.0,0.0,ARLP,2m
2026-03-27 13:06:00-04:00,29.229999542236328,29.359899520874023,29.229999542236328,29.359899520874023,1520,0.0,0.0,ARLP,2m
2026-03-27 13:10:00-04:00,29.239999771118164,29.250099182128906,29.190000534057617,29.190000534057617,1704,0.0,0.0,ARLP,2m
2026-03-27 13:12:00-04:00,29.260000228881836,29.260000228881836,29.260000228881836,29.260000228881836,353,0.0,0.0,ARLP,2m
2026-03-27 13:14:00-04:00,29.260000228881836,29.260000228881836,29.260000228881836,29.260000228881836,365,0.0,0.0,ARLP,2m
2026-03-27 13:20:00-04:00,29.25149917602539,29.280000686645508,29.25149917602539,29.280000686645508,1111,0.0,0.0,ARLP,2m
2026-03-27 13:22:00-04:00,29.260000228881836,29.260000228881836,29.260000228881836,29.260000228881836,245,0.0,0.0,ARLP,2m
2026-03-27 13:24:00-04:00,29.290000915527344,29.290000915527344,29.274999618530273,29.290000915527344,2674,0.0,0.0,ARLP,2m
2026-03-27 13:26:00-04:00,29.274999618530273,29.274999618530273,29.274999618530273,29.274999618530273,1360,0.0,0.0,ARLP,2m
2026-03-27 13:30:00-04:00,29.274999618530273,29.274999618530273,29.274999618530273,29.274999618530273,3240,0.0,0.0,ARLP,2m
2026-03-27 13:40:00-04:00,29.274999618530273,29.31999969482422,29.260000228881836,29.31999969482422,3076,0.0,0.0,ARLP,2m
2026-03-27 13:42:00-04:00,29.280000686645508,29.290000915527344,29.25,29.270000457763672,1461,0.0,0.0,ARLP,2m
2026-03-27 13:44:00-04:00,29.290000915527344,29.31999969482422,29.290000915527344,29.309999465942383,654,0.0,0.0,ARLP,2m
2026-03-27 13:46:00-04:00,29.290000915527344,29.290000915527344,29.290000915527344,29.290000915527344,615,0.0,0.0,ARLP,2m
2026-03-27 13:54:00-04:00,29.31999969482422,29.329999923706055,29.31999969482422,29.329999923706055,959,0.0,0.0,ARLP,2m
2026-03-27 13:56:00-04:00,29.31999969482422,29.31999969482422,29.270000457763672,29.290000915527344,1565,0.0,0.0,ARLP,2m
2026-03-27 13:58:00-04:00,29.29680061340332,29.29680061340332,29.29680061340332,29.29680061340332,265,0.0,0.0,ARLP,2m
2026-03-27 14:00:00-04:00,29.25,29.25,29.239999771118164,29.25,1070,0.0,0.0,ARLP,2m
2026-03-27 14:02:00-04:00,29.209999084472656,29.209999084472656,29.190000534057617,29.190099716186523,876,0.0,0.0,ARLP,2m
2026-03-27 14:04:00-04:00,29.239999771118164,29.239999771118164,29.239999771118164,29.239999771118164,411,0.0,0.0,ARLP,2m
2026-03-27 14:08:00-04:00,29.21500015258789,29.21500015258789,29.21500015258789,29.21500015258789,1000,0.0,0.0,ARLP,2m
2026-03-27 14:10:00-04:00,29.21500015258789,29.229999542236328,29.21500015258789,29.229999542236328,2571,0.0,0.0,ARLP,2m
2026-03-27 14:12:00-04:00,29.204999923706055,29.204999923706055,29.204999923706055,29.204999923706055,299,0.0,0.0,ARLP,2m
2026-03-27 14:14:00-04:00,29.204999923706055,29.204999923706055,29.204999923706055,29.204999923706055,485,0.0,0.0,ARLP,2m
2026-03-27 14:16:00-04:00,29.18000030517578,29.18000030517578,29.18000030517578,29.18000030517578,400,0.0,0.0,ARLP,2m
2026-03-27 14:18:00-04:00,29.204999923706055,29.22949981689453,29.204999923706055,29.22949981689453,2319,0.0,0.0,ARLP,2m
2026-03-27 14:20:00-04:00,29.309999465942383,29.309999465942383,29.309999465942383,29.309999465942383,400,0.0,0.0,ARLP,2m
2026-03-27 14:22:00-04:00,29.28499984741211,29.28499984741211,29.28499984741211,29.28499984741211,1361,0.0,0.0,ARLP,2m
2026-03-27 14:26:00-04:00,29.28499984741211,29.28499984741211,29.258699417114258,29.258699417114258,1175,0.0,0.0,ARLP,2m
2026-03-27 14:28:00-04:00,29.229999542236328,29.243999481201172,29.190000534057617,29.190000534057617,3131,0.0,0.0,ARLP,2m
2026-03-27 14:30:00-04:00,29.209999084472656,29.209999084472656,29.209999084472656,29.209999084472656,317,0.0,0.0,ARLP,2m
2026-03-27 14:32:00-04:00,29.200000762939453,29.209999084472656,29.200000762939453,29.209999084472656,385,0.0,0.0,ARLP,2m
2026-03-27 14:34:00-04:00,29.209999084472656,29.209999084472656,29.209999084472656,29.209999084472656,1732,0.0,0.0,ARLP,2m
2026-03-27 14:40:00-04:00,29.18000030517578,29.18000030517578,29.170000076293945,29.170000076293945,1201,0.0,0.0,ARLP,2m
2026-03-27 14:42:00-04:00,29.174999237060547,29.174999237060547,29.174999237060547,29.174999237060547,997,0.0,0.0,ARLP,2m
2026-03-27 14:44:00-04:00,29.170000076293945,29.170000076293945,29.1299991607666,29.170000076293945,3873,0.0,0.0,ARLP,2m
2026-03-27 14:46:00-04:00,29.197200775146484,29.197200775146484,29.110000610351562,29.110000610351562,1670,0.0,0.0,ARLP,2m
2026-03-27 14:48:00-04:00,29.100000381469727,29.100000381469727,29.079999923706055,29.09819984436035,3289,0.0,0.0,ARLP,2m
2026-03-27 14:50:00-04:00,29.104999542236328,29.104999542236328,29.104999542236328,29.104999542236328,268,0.0,0.0,ARLP,2m
2026-03-27 14:52:00-04:00,29.104999542236328,29.110000610351562,29.094999313354492,29.094999313354492,1055,0.0,0.0,ARLP,2m
2026-03-27 14:54:00-04:00,29.094999313354492,29.094999313354492,29.094999313354492,29.094999313354492,405,0.0,0.0,ARLP,2m
2026-03-27 14:56:00-04:00,29.104999542236328,29.145000457763672,29.09000015258789,29.145000457763672,4185,0.0,0.0,ARLP,2m
2026-03-27 14:58:00-04:00,29.09000015258789,29.09000015258789,29.09000015258789,29.09000015258789,195,0.0,0.0,ARLP,2m
2026-03-27 15:02:00-04:00,29.09000015258789,29.145000457763672,29.09000015258789,29.110000610351562,2845,0.0,0.0,ARLP,2m
2026-03-27 15:04:00-04:00,29.110000610351562,29.110000610351562,29.079999923706055,29.079999923706055,5552,0.0,0.0,ARLP,2m
2026-03-27 15:06:00-04:00,29.079999923706055,29.084999084472656,29.079999923706055,29.084999084472656,1174,0.0,0.0,ARLP,2m
2026-03-27 15:08:00-04:00,29.084999084472656,29.084999084472656,29.059999465942383,29.084999084472656,971,0.0,0.0,ARLP,2m
2026-03-27 15:10:00-04:00,29.1299991607666,29.1299991607666,29.079999923706055,29.079999923706055,1288,0.0,0.0,ARLP,2m
2026-03-27 15:12:00-04:00,29.075000762939453,29.075000762939453,29.075000762939453,29.075000762939453,893,0.0,0.0,ARLP,2m
2026-03-27 15:16:00-04:00,29.075000762939453,29.075000762939453,29.06999969482422,29.06999969482422,1122,0.0,0.0,ARLP,2m
2026-03-27 15:18:00-04:00,29.06999969482422,29.06999969482422,29.06999969482422,29.06999969482422,1049,0.0,0.0,ARLP,2m
2026-03-27 15:20:00-04:00,29.09000015258789,29.165000915527344,29.09000015258789,29.110000610351562,2501,0.0,0.0,ARLP,2m
2026-03-27 15:22:00-04:00,29.114999771118164,29.114999771118164,29.114999771118164,29.114999771118164,666,0.0,0.0,ARLP,2m
2026-03-27 15:24:00-04:00,29.114999771118164,29.114999771118164,29.114999771118164,29.114999771118164,200,0.0,0.0,ARLP,2m
2026-03-27 15:26:00-04:00,29.124000549316406,29.124000549316406,29.114999771118164,29.114999771118164,788,0.0,0.0,ARLP,2m
2026-03-27 15:30:00-04:00,29.10420036315918,29.10420036315918,29.10420036315918,29.10420036315918,286,0.0,0.0,ARLP,2m
2026-03-27 15:32:00-04:00,29.104999542236328,29.110000610351562,29.094999313354492,29.094999313354492,4996,0.0,0.0,ARLP,2m
2026-03-27 15:34:00-04:00,29.094999313354492,29.09749984741211,29.06999969482422,29.06999969482422,3404,0.0,0.0,ARLP,2m
2026-03-27 15:36:00-04:00,29.059999465942383,29.179899215698242,29.049999237060547,29.179899215698242,5690,0.0,0.0,ARLP,2m
2026-03-27 15:38:00-04:00,29.125,29.125,29.125,29.125,2429,0.0,0.0,ARLP,2m
2026-03-27 15:40:00-04:00,29.110000610351562,29.1299991607666,29.100000381469727,29.1200008392334,2508,0.0,0.0,ARLP,2m
2026-03-27 15:42:00-04:00,29.100000381469727,29.100000381469727,29.079999923706055,29.079999923706055,601,0.0,0.0,ARLP,2m
2026-03-27 15:44:00-04:00,29.1299991607666,29.1299991607666,29.1299991607666,29.1299991607666,559,0.0,0.0,ARLP,2m
2026-03-27 15:46:00-04:00,29.1299991607666,29.1299991607666,29.100000381469727,29.1200008392334,3130,0.0,0.0,ARLP,2m
2026-03-27 15:48:00-04:00,29.1200008392334,29.149999618530273,29.112300872802734,29.116100311279297,1792,0.0,0.0,ARLP,2m
2026-03-27 15:50:00-04:00,29.100000381469727,29.135000228881836,29.030000686645508,29.03499984741211,7257,0.0,0.0,ARLP,2m
2026-03-27 15:52:00-04:00,29.024999618530273,29.040000915527344,29.014999389648438,29.040000915527344,2541,0.0,0.0,ARLP,2m
2026-03-27 15:54:00-04:00,29.06999969482422,29.06999969482422,29.049999237060547,29.05500030517578,4682,0.0,0.0,ARLP,2m
2026-03-27 15:56:00-04:00,29.05500030517578,29.06999969482422,29.040000915527344,29.065000534057617,10644,0.0,0.0,ARLP,2m
2026-03-27 15:58:00-04:00,29.059999465942383,29.059999465942383,28.950000762939453,29.030000686645508,82496,0.0,0.0,ARLP,2m
2026-03-30 09:30:00-04:00,29.43000030517578,29.43000030517578,28.799999237060547,28.799999237060547,16966,0.0,0.0,ARLP,2m
2026-03-30 09:32:00-04:00,28.895000457763672,28.895000457763672,28.700000762939453,28.799999237060547,15427,0.0,0.0,ARLP,2m
2026-03-30 09:34:00-04:00,28.809999465942383,28.8700008392334,28.809999465942383,28.8700008392334,2055,0.0,0.0,ARLP,2m
2026-03-30 09:36:00-04:00,28.8700008392334,28.920000076293945,28.799999237060547,28.8700008392334,2846,0.0,0.0,ARLP,2m
2026-03-30 09:38:00-04:00,28.877899169921875,28.979999542236328,28.799999237060547,28.8799991607666,7737,0.0,0.0,ARLP,2m
2026-03-30 09:40:00-04:00,28.84980010986328,28.84980010986328,28.84980010986328,28.84980010986328,210,0.0,0.0,ARLP,2m
2026-03-30 09:42:00-04:00,28.799999237060547,28.950000762939453,28.799999237060547,28.950000762939453,2245,0.0,0.0,ARLP,2m
2026-03-30 09:44:00-04:00,28.999900817871094,29.065000534057617,28.950000762939453,29.065000534057617,2071,0.0,0.0,ARLP,2m
2026-03-30 09:46:00-04:00,28.950000762939453,29.065000534057617,28.950000762939453,29.0,1661,0.0,0.0,ARLP,2m
2026-03-30 09:48:00-04:00,29.0,29.0,29.0,29.0,567,0.0,0.0,ARLP,2m
2026-03-30 09:50:00-04:00,29.049999237060547,29.049999237060547,29.0,29.0,1077,0.0,0.0,ARLP,2m
2026-03-30 09:52:00-04:00,28.93000030517578,29.0,28.920000076293945,29.0,1069,0.0,0.0,ARLP,2m
2026-03-30 09:54:00-04:00,28.90999984741211,28.9950008392334,28.899999618530273,28.92289924621582,1767,0.0,0.0,ARLP,2m
2026-03-30 09:56:00-04:00,28.899999618530273,28.92259979248047,28.899999618530273,28.92259979248047,2011,0.0,0.0,ARLP,2m
2026-03-30 09:58:00-04:00,28.860000610351562,28.920000076293945,28.799999237060547,28.809999465942383,7302,0.0,0.0,ARLP,2m
2026-03-30 10:00:00-04:00,28.850000381469727,28.915000915527344,28.84000015258789,28.915000915527344,941,0.0,0.0,ARLP,2m
2026-03-30 10:02:00-04:00,28.90999984741211,28.93000030517578,28.90999984741211,28.915000915527344,9330,0.0,0.0,ARLP,2m
2026-03-30 10:04:00-04:00,28.920000076293945,28.989900588989258,28.873199462890625,28.989900588989258,3647,0.0,0.0,ARLP,2m
2026-03-30 10:06:00-04:00,28.809999465942383,28.829999923706055,28.799999237060547,28.829999923706055,663,0.0,0.0,ARLP,2m
2026-03-30 10:08:00-04:00,28.895000457763672,28.899999618530273,28.895000457763672,28.895000457763672,1280,0.0,0.0,ARLP,2m
2026-03-30 10:10:00-04:00,28.809999465942383,28.895000457763672,28.799999237060547,28.895000457763672,2030,0.0,0.0,ARLP,2m
2026-03-30 10:12:00-04:00,28.895000457763672,28.899999618530273,28.889999389648438,28.899999618530273,2853,0.0,0.0,ARLP,2m
2026-03-30 10:14:00-04:00,28.895000457763672,28.895000457763672,28.895000457763672,28.895000457763672,703,0.0,0.0,ARLP,2m
2026-03-30 10:16:00-04:00,28.895000457763672,28.895000457763672,28.895000457763672,28.895000457763672,694,0.0,0.0,ARLP,2m
2026-03-30 10:18:00-04:00,28.895000457763672,28.895000457763672,28.8799991607666,28.8799991607666,802,0.0,0.0,ARLP,2m
2026-03-30 10:20:00-04:00,28.895000457763672,28.895000457763672,28.895000457763672,28.895000457763672,364,0.0,0.0,ARLP,2m
2026-03-30 10:22:00-04:00,28.889999389648438,28.91230010986328,28.889999389648438,28.91230010986328,1557,0.0,0.0,ARLP,2m
2026-03-30 10:24:00-04:00,28.829999923706055,28.905000686645508,28.81999969482422,28.905000686645508,905,0.0,0.0,ARLP,2m
2026-03-30 10:26:00-04:00,28.829999923706055,28.93899917602539,28.81999969482422,28.889999389648438,3193,0.0,0.0,ARLP,2m
2026-03-30 10:28:00-04:00,28.81999969482422,28.892499923706055,28.81999969482422,28.892499923706055,516,0.0,0.0,ARLP,2m
2026-03-30 10:30:00-04:00,28.895000457763672,28.96500015258789,28.895000457763672,28.96500015258789,2876,0.0,0.0,ARLP,2m
2026-03-30 10:32:00-04:00,28.950000762939453,28.950000762939453,28.950000762939453,28.950000762939453,2802,0.0,0.0,ARLP,2m
2026-03-30 10:34:00-04:00,28.860000610351562,28.860000610351562,28.799999237060547,28.799999237060547,865,0.0,0.0,ARLP,2m
2026-03-30 10:36:00-04:00,28.854999542236328,28.854999542236328,28.854999542236328,28.854999542236328,113,0.0,0.0,ARLP,2m
2026-03-30 10:38:00-04:00,28.854999542236328,28.854999542236328,28.854999542236328,28.854999542236328,918,0.0,0.0,ARLP,2m
2026-03-30 10:40:00-04:00,28.895000457763672,28.915000915527344,28.885499954223633,28.885499954223633,1026,0.0,0.0,ARLP,2m
2026-03-30 10:42:00-04:00,28.81999969482422,28.829999923706055,28.815000534057617,28.81999969482422,704,0.0,0.0,ARLP,2m
2026-03-30 10:44:00-04:00,28.81999969482422,28.81999969482422,28.795000076293945,28.795000076293945,3796,0.0,0.0,ARLP,2m
2026-03-30 10:46:00-04:00,28.795000076293945,28.844999313354492,28.795000076293945,28.844999313354492,1287,0.0,0.0,ARLP,2m
2026-03-30 10:48:00-04:00,28.844999313354492,28.850000381469727,28.844999313354492,28.850000381469727,690,0.0,0.0,ARLP,2m
2026-03-30 10:50:00-04:00,28.799999237060547,28.860000610351562,28.799999237060547,28.860000610351562,526,0.0,0.0,ARLP,2m
2026-03-30 10:52:00-04:00,28.860000610351562,28.860000610351562,28.860000610351562,28.860000610351562,700,0.0,0.0,ARLP,2m
2026-03-30 10:54:00-04:00,28.850000381469727,28.850000381469727,28.78059959411621,28.78059959411621,4557,0.0,0.0,ARLP,2m
2026-03-30 10:56:00-04:00,28.815000534057617,28.84000015258789,28.780099868774414,28.780099868774414,6974,0.0,0.0,ARLP,2m
2026-03-30 10:58:00-04:00,28.780000686645508,28.815000534057617,28.780000686645508,28.815000534057617,4806,0.0,0.0,ARLP,2m
2026-03-30 11:00:00-04:00,28.850000381469727,28.860000610351562,28.790000915527344,28.795000076293945,35166,0.0,0.0,ARLP,2m
2026-03-30 11:02:00-04:00,28.799999237060547,28.895000457763672,28.799999237060547,28.895000457763672,2382,0.0,0.0,ARLP,2m
2026-03-30 11:04:00-04:00,28.809999465942383,28.895000457763672,28.809999465942383,28.895000457763672,320,0.0,0.0,ARLP,2m
2026-03-30 11:06:00-04:00,28.799999237060547,28.895000457763672,28.799999237060547,28.895000457763672,1255,0.0,0.0,ARLP,2m
2026-03-30 11:08:00-04:00,28.799999237060547,28.799999237060547,28.799999237060547,28.799999237060547,2296,0.0,0.0,ARLP,2m
2026-03-30 11:10:00-04:00,28.770000457763672,28.84000015258789,28.770000457763672,28.84000015258789,1400,0.0,0.0,ARLP,2m
2026-03-30 11:12:00-04:00,28.770000457763672,28.799999237060547,28.770000457763672,28.799999237060547,551,0.0,0.0,ARLP,2m
2026-03-30 11:14:00-04:00,28.770000457763672,28.799999237060547,28.770000457763672,28.799999237060547,1088,0.0,0.0,ARLP,2m
2026-03-30 11:16:00-04:00,28.760000228881836,28.799999237060547,28.75,28.799999237060547,4589,0.0,0.0,ARLP,2m
2026-03-30 11:20:00-04:00,28.709999084472656,28.709999084472656,28.709999084472656,28.709999084472656,710,0.0,0.0,ARLP,2m
2026-03-30 11:22:00-04:00,28.7450008392334,28.7450008392334,28.690000534057617,28.729999542236328,2703,0.0,0.0,ARLP,2m
2026-03-30 11:24:00-04:00,28.700000762939453,28.825000762939453,28.700000762939453,28.825000762939453,1979,0.0,0.0,ARLP,2m
2026-03-30 11:26:00-04:00,28.822500228881836,28.822500228881836,28.739999771118164,28.739999771118164,938,0.0,0.0,ARLP,2m
2026-03-30 11:28:00-04:00,28.729999542236328,28.729999542236328,28.729999542236328,28.729999542236328,832,0.0,0.0,ARLP,2m
2026-03-30 11:30:00-04:00,28.780000686645508,28.809999465942383,28.770000457763672,28.780000686645508,2885,0.0,0.0,ARLP,2m
2026-03-30 11:32:00-04:00,28.750099182128906,28.760000228881836,28.75,28.760000228881836,7726,0.0,0.0,ARLP,2m
2026-03-30 11:34:00-04:00,28.780000686645508,28.809999465942383,28.780000686645508,28.801000595092773,2216,0.0,0.0,ARLP,2m
2026-03-30 11:38:00-04:00,28.809999465942383,28.809999465942383,28.75,28.75,975,0.0,0.0,ARLP,2m
2026-03-30 11:40:00-04:00,28.844999313354492,28.863300323486328,28.75,28.760000228881836,1603,0.0,0.0,ARLP,2m
2026-03-30 11:42:00-04:00,28.863300323486328,28.863300323486328,28.75,28.842500686645508,1173,0.0,0.0,ARLP,2m
2026-03-30 11:44:00-04:00,28.75,28.760000228881836,28.75,28.75,1335,0.0,0.0,ARLP,2m
2026-03-30 11:46:00-04:00,28.760000228881836,28.760000228881836,28.732799530029297,28.732799530029297,441,0.0,0.0,ARLP,2m
2026-03-30 11:48:00-04:00,28.719999313354492,28.719999313354492,28.709999084472656,28.709999084472656,731,0.0,0.0,ARLP,2m
2026-03-30 11:50:00-04:00,28.719999313354492,28.729999542236328,28.719999313354492,28.719999313354492,901,0.0,0.0,ARLP,2m
2026-03-30 11:52:00-04:00,28.764999389648438,28.770000457763672,28.719999313354492,28.725000381469727,809,0.0,0.0,ARLP,2m
2026-03-30 11:56:00-04:00,28.719999313354492,28.719999313354492,28.719999313354492,28.719999313354492,531,0.0,0.0,ARLP,2m
2026-03-30 11:58:00-04:00,28.700000762939453,28.7450008392334,28.700000762939453,28.7450008392334,1091,0.0,0.0,ARLP,2m
2026-03-30 12:00:00-04:00,28.700000762939453,28.7450008392334,28.700000762939453,28.729999542236328,1965,0.0,0.0,ARLP,2m
2026-03-30 12:02:00-04:00,28.690000534057617,28.690000534057617,28.68000030517578,28.690000534057617,3068,0.0,0.0,ARLP,2m
2026-03-30 12:04:00-04:00,28.690000534057617,28.690000534057617,28.655000686645508,28.674999237060547,1454,0.0,0.0,ARLP,2m
2026-03-30 12:06:00-04:00,28.725000381469727,28.725000381469727,28.65999984741211,28.700000762939453,2450,0.0,0.0,ARLP,2m
2026-03-30 12:08:00-04:00,28.700000762939453,28.790000915527344,28.645000457763672,28.700000762939453,3979,0.0,0.0,ARLP,2m
2026-03-30 12:10:00-04:00,28.6299991607666,28.639999389648438,28.6299991607666,28.639999389648438,8060,0.0,0.0,ARLP,2m
2026-03-30 12:12:00-04:00,28.6200008392334,28.639999389648438,28.59000015258789,28.600000381469727,7304,0.0,0.0,ARLP,2m
2026-03-30 12:14:00-04:00,28.600000381469727,28.600000381469727,28.56999969482422,28.59000015258789,7716,0.0,0.0,ARLP,2m
2026-03-30 12:16:00-04:00,28.59000015258789,28.59000015258789,28.59000015258789,28.59000015258789,2040,0.0,0.0,ARLP,2m
2026-03-30 12:18:00-04:00,28.59000015258789,28.59000015258789,28.59000015258789,28.59000015258789,505,0.0,0.0,ARLP,2m
2026-03-30 12:20:00-04:00,28.59000015258789,28.59000015258789,28.530000686645508,28.533100128173828,5956,0.0,0.0,ARLP,2m
2026-03-30 12:22:00-04:00,28.5,28.5,28.3799991607666,28.499900817871094,14204,0.0,0.0,ARLP,2m
2026-03-30 12:24:00-04:00,28.46500015258789,28.479999542236328,28.46500015258789,28.479999542236328,2984,0.0,0.0,ARLP,2m
2026-03-30 12:26:00-04:00,28.469999313354492,28.4950008392334,28.469999313354492,28.4950008392334,5528,0.0,0.0,ARLP,2m
2026-03-30 12:28:00-04:00,28.450000762939453,28.450000762939453,28.450000762939453,28.450000762939453,200,0.0,0.0,ARLP,2m
2026-03-30 12:30:00-04:00,28.450000762939453,28.450000762939453,28.450000762939453,28.450000762939453,550,0.0,0.0,ARLP,2m
2026-03-30 12:32:00-04:00,28.459999084472656,28.459999084472656,28.450000762939453,28.450000762939453,1574,0.0,0.0,ARLP,2m
2026-03-30 12:36:00-04:00,28.450000762939453,28.450000762939453,28.434999465942383,28.44499969482422,7024,0.0,0.0,ARLP,2m
2026-03-30 12:38:00-04:00,28.442800521850586,28.514999389648438,28.442800521850586,28.514999389648438,4208,0.0,0.0,ARLP,2m
2026-03-30 12:40:00-04:00,28.514999389648438,28.514999389648438,28.420000076293945,28.450000762939453,725,0.0,0.0,ARLP,2m
2026-03-30 12:42:00-04:00,28.510000228881836,28.520000457763672,28.510000228881836,28.514999389648438,3053,0.0,0.0,ARLP,2m
2026-03-30 12:44:00-04:00,28.450000762939453,28.610000610351562,28.420000076293945,28.514999389648438,961,0.0,0.0,ARLP,2m
2026-03-30 12:46:00-04:00,28.434999465942383,28.459999084472656,28.434999465942383,28.434999465942383,1711,0.0,0.0,ARLP,2m
2026-03-30 12:48:00-04:00,28.40999984741211,28.434999465942383,28.40999984741211,28.43000030517578,7422,0.0,0.0,ARLP,2m
2026-03-30 12:50:00-04:00,28.43000030517578,28.43000030517578,28.405000686645508,28.405000686645508,2059,0.0,0.0,ARLP,2m
2026-03-30 12:52:00-04:00,28.405000686645508,28.405000686645508,28.405000686645508,28.405000686645508,1660,0.0,0.0,ARLP,2m
2026-03-30 12:54:00-04:00,28.405000686645508,28.405000686645508,28.329999923706055,28.350000381469727,3109,0.0,0.0,ARLP,2m
2026-03-30 12:56:00-04:00,28.309999465942383,28.350000381469727,28.309999465942383,28.344999313354492,5332,0.0,0.0,ARLP,2m
2026-03-30 12:58:00-04:00,28.34749984741211,28.34749984741211,28.34000015258789,28.34000015258789,2823,0.0,0.0,ARLP,2m
2026-03-30 13:00:00-04:00,28.34000015258789,28.350000381469727,28.31999969482422,28.350000381469727,2415,0.0,0.0,ARLP,2m
2026-03-30 13:02:00-04:00,28.34000015258789,28.34000015258789,28.299999237060547,28.299999237060547,1677,0.0,0.0,ARLP,2m
2026-03-30 13:04:00-04:00,28.309999465942383,28.344999313354492,28.280000686645508,28.344999313354492,8355,0.0,0.0,ARLP,2m
2026-03-30 13:06:00-04:00,28.344999313354492,28.344999313354492,28.344999313354492,28.344999313354492,122,0.0,0.0,ARLP,2m
2026-03-30 13:08:00-04:00,28.280000686645508,28.309999465942383,28.270000457763672,28.309999465942383,645,0.0,0.0,ARLP,2m
2026-03-30 13:10:00-04:00,28.260000228881836,28.309999465942383,28.260000228881836,28.309999465942383,3435,0.0,0.0,ARLP,2m
2026-03-30 13:12:00-04:00,28.270000457763672,28.309999465942383,28.25,28.309999465942383,936,0.0,0.0,ARLP,2m
2026-03-30 13:14:00-04:00,28.31999969482422,28.31999969482422,28.31999969482422,28.31999969482422,2040,0.0,0.0,ARLP,2m
2026-03-30 13:16:00-04:00,28.31999969482422,28.31999969482422,28.25,28.25,3162,0.0,0.0,ARLP,2m
2026-03-30 13:18:00-04:00,28.229999542236328,28.2450008392334,28.217500686645508,28.217500686645508,10273,0.0,0.0,ARLP,2m
2026-03-30 13:20:00-04:00,28.229999542236328,28.229999542236328,28.170499801635742,28.170499801635742,6798,0.0,0.0,ARLP,2m
2026-03-30 13:22:00-04:00,28.170000076293945,28.170000076293945,28.139999389648438,28.139999389648438,1416,0.0,0.0,ARLP,2m
2026-03-30 13:24:00-04:00,28.15999984741211,28.1968994140625,28.120100021362305,28.139999389648438,1261,0.0,0.0,ARLP,2m
2026-03-30 13:26:00-04:00,28.1299991607666,28.190000534057617,28.1200008392334,28.190000534057617,7670,0.0,0.0,ARLP,2m
2026-03-30 13:28:00-04:00,28.219999313354492,28.219999313354492,28.200000762939453,28.219999313354492,2201,0.0,0.0,ARLP,2m
2026-03-30 13:30:00-04:00,28.1299991607666,28.139999389648438,28.1200008392334,28.1299991607666,1556,0.0,0.0,ARLP,2m
2026-03-30 13:32:00-04:00,28.110000610351562,28.155000686645508,28.100000381469727,28.149999618530273,7806,0.0,0.0,ARLP,2m
2026-03-30 13:34:00-04:00,28.149999618530273,28.149999618530273,28.149999618530273,28.149999618530273,2680,0.0,0.0,ARLP,2m
2026-03-30 13:36:00-04:00,28.149999618530273,28.149999618530273,28.149999618530273,28.149999618530273,1490,0.0,0.0,ARLP,2m
2026-03-30 13:38:00-04:00,28.149999618530273,28.190000534057617,28.149999618530273,28.155000686645508,3704,0.0,0.0,ARLP,2m
2026-03-30 13:40:00-04:00,28.15999984741211,28.15999984741211,28.139999389648438,28.15999984741211,10486,0.0,0.0,ARLP,2m
2026-03-30 13:42:00-04:00,28.1299991607666,28.165000915527344,28.1299991607666,28.139999389648438,1597,0.0,0.0,ARLP,2m
2026-03-30 13:44:00-04:00,28.190000534057617,28.190000534057617,28.149999618530273,28.149999618530273,1725,0.0,0.0,ARLP,2m
2026-03-30 13:46:00-04:00,28.165000915527344,28.165000915527344,28.139999389648438,28.149999618530273,6790,0.0,0.0,ARLP,2m
2026-03-30 13:48:00-04:00,28.139999389648438,28.155000686645508,28.110000610351562,28.110000610351562,2492,0.0,0.0,ARLP,2m
2026-03-30 13:50:00-04:00,28.110000610351562,28.110000610351562,28.110000610351562,28.110000610351562,1534,0.0,0.0,ARLP,2m
2026-03-30 13:52:00-04:00,28.100000381469727,28.100000381469727,28.079999923706055,28.100000381469727,7068,0.0,0.0,ARLP,2m
2026-03-30 13:54:00-04:00,28.100000381469727,28.100000381469727,28.09000015258789,28.09000015258789,2329,0.0,0.0,ARLP,2m
2026-03-30 13:56:00-04:00,28.188499450683594,28.188499450683594,28.188499450683594,28.188499450683594,327,0.0,0.0,ARLP,2m
2026-03-30 13:58:00-04:00,28.06999969482422,28.114999771118164,28.059999465942383,28.060100555419922,1366,0.0,0.0,ARLP,2m
2026-03-30 14:00:00-04:00,28.059999465942383,28.079999923706055,28.059999465942383,28.079999923706055,1231,0.0,0.0,ARLP,2m
2026-03-30 14:02:00-04:00,28.079999923706055,28.079999923706055,28.079999923706055,28.079999923706055,1220,0.0,0.0,ARLP,2m
2026-03-30 14:04:00-04:00,28.059999465942383,28.0625,28.000099182128906,28.03499984741211,16298,0.0,0.0,ARLP,2m
2026-03-30 14:06:00-04:00,28.020000457763672,28.040000915527344,28.020000457763672,28.040000915527344,2919,0.0,0.0,ARLP,2m
2026-03-30 14:08:00-04:00,28.010000228881836,28.040000915527344,28.010000228881836,28.040000915527344,5170,0.0,0.0,ARLP,2m
2026-03-30 14:10:00-04:00,28.030000686645508,28.040000915527344,28.010000228881836,28.020000457763672,1763,0.0,0.0,ARLP,2m
2026-03-30 14:12:00-04:00,28.040000915527344,28.049999237060547,28.010000228881836,28.03499984741211,3942,0.0,0.0,ARLP,2m
2026-03-30 14:14:00-04:00,28.03499984741211,28.03499984741211,28.010000228881836,28.010000228881836,1120,0.0,0.0,ARLP,2m
2026-03-30 14:16:00-04:00,28.040000915527344,28.084999084472656,28.040000915527344,28.084999084472656,6638,0.0,0.0,ARLP,2m
2026-03-30 14:18:00-04:00,28.145000457763672,28.149999618530273,28.110000610351562,28.139999389648438,5028,0.0,0.0,ARLP,2m
2026-03-30 14:20:00-04:00,28.15999984741211,28.170000076293945,28.100000381469727,28.110000610351562,2075,0.0,0.0,ARLP,2m
2026-03-30 14:22:00-04:00,28.06999969482422,28.06999969482422,28.06999969482422,28.06999969482422,110,0.0,0.0,ARLP,2m
2026-03-30 14:24:00-04:00,28.06999969482422,28.06999969482422,28.06999969482422,28.06999969482422,945,0.0,0.0,ARLP,2m
2026-03-30 14:26:00-04:00,28.059999465942383,28.110000610351562,28.059999465942383,28.06999969482422,3951,0.0,0.0,ARLP,2m
2026-03-30 14:28:00-04:00,28.110000610351562,28.110000610351562,28.059999465942383,28.059999465942383,6641,0.0,0.0,ARLP,2m
2026-03-30 14:30:00-04:00,28.059999465942383,28.059999465942383,28.059999465942383,28.059999465942383,1384,0.0,0.0,ARLP,2m
2026-03-30 14:32:00-04:00,28.110000610351562,28.110000610351562,28.06999969482422,28.06999969482422,1957,0.0,0.0,ARLP,2m
2026-03-30 14:34:00-04:00,28.114999771118164,28.114999771118164,28.079999923706055,28.079999923706055,1416,0.0,0.0,ARLP,2m
2026-03-30 14:36:00-04:00,28.06999969482422,28.1200008392334,28.06999969482422,28.079999923706055,3008,0.0,0.0,ARLP,2m
2026-03-30 14:38:00-04:00,28.049999237060547,28.049999237060547,28.049999237060547,28.049999237060547,257,0.0,0.0,ARLP,2m
2026-03-30 14:40:00-04:00,28.05500030517578,28.135000228881836,28.049999237060547,28.1112003326416,8617,0.0,0.0,ARLP,2m
2026-03-30 14:42:00-04:00,28.135000228881836,28.135000228881836,28.135000228881836,28.135000228881836,503,0.0,0.0,ARLP,2m
2026-03-30 14:44:00-04:00,28.049999237060547,28.100000381469727,28.049999237060547,28.100000381469727,1147,0.0,0.0,ARLP,2m
2026-03-30 14:46:00-04:00,28.114999771118164,28.190000534057617,28.114999771118164,28.165000915527344,4328,0.0,0.0,ARLP,2m
2026-03-30 14:48:00-04:00,28.190000534057617,28.209999084472656,28.190000534057617,28.209999084472656,372,0.0,0.0,ARLP,2m
2026-03-30 14:50:00-04:00,28.170000076293945,28.170000076293945,28.170000076293945,28.170000076293945,1235,0.0,0.0,ARLP,2m
2026-03-30 14:52:00-04:00,28.170000076293945,28.184999465942383,28.15999984741211,28.15999984741211,2650,0.0,0.0,ARLP,2m
2026-03-30 14:54:00-04:00,28.149999618530273,28.149999618530273,28.149999618530273,28.149999618530273,2027,0.0,0.0,ARLP,2m
2026-03-30 14:56:00-04:00,28.139999389648438,28.139999389648438,28.139999389648438,28.139999389648438,488,0.0,0.0,ARLP,2m
2026-03-30 14:58:00-04:00,28.15999984741211,28.190000534057617,28.15999984741211,28.170000076293945,1637,0.0,0.0,ARLP,2m
2026-03-30 15:00:00-04:00,28.18000030517578,28.18000030517578,28.149999618530273,28.18000030517578,1790,0.0,0.0,ARLP,2m
2026-03-30 15:02:00-04:00,28.18000030517578,28.18000030517578,28.139999389648438,28.139999389648438,3772,0.0,0.0,ARLP,2m
2026-03-30 15:06:00-04:00,28.114999771118164,28.114999771118164,28.079999923706055,28.09000015258789,4176,0.0,0.0,ARLP,2m
2026-03-30 15:08:00-04:00,28.084999084472656,28.100000381469727,28.06999969482422,28.084999084472656,2227,0.0,0.0,ARLP,2m
2026-03-30 15:10:00-04:00,28.084999084472656,28.100000381469727,28.06999969482422,28.06999969482422,4584,0.0,0.0,ARLP,2m
2026-03-30 15:12:00-04:00,28.079999923706055,28.09000015258789,28.059999465942383,28.059999465942383,2075,0.0,0.0,ARLP,2m
2026-03-30 15:14:00-04:00,28.06999969482422,28.09000015258789,28.049999237060547,28.049999237060547,1817,0.0,0.0,ARLP,2m
2026-03-30 15:16:00-04:00,28.059999465942383,28.059999465942383,28.010000228881836,28.03499984741211,11116,0.0,0.0,ARLP,2m
2026-03-30 15:18:00-04:00,28.03499984741211,28.03499984741211,27.90999984741211,27.976499557495117,28811,0.0,0.0,ARLP,2m
2026-03-30 15:20:00-04:00,27.8799991607666,27.920000076293945,27.8700008392334,27.920000076293945,3771,0.0,0.0,ARLP,2m
2026-03-30 15:22:00-04:00,27.8700008392334,27.899999618530273,27.8700008392334,27.899999618530273,1520,0.0,0.0,ARLP,2m
2026-03-30 15:24:00-04:00,27.885000228881836,27.93000030517578,27.8799991607666,27.889999389648438,4213,0.0,0.0,ARLP,2m
2026-03-30 15:26:00-04:00,27.93000030517578,27.93000030517578,27.889999389648438,27.924999237060547,2219,0.0,0.0,ARLP,2m
2026-03-30 15:28:00-04:00,27.889999389648438,27.924999237060547,27.8700008392334,27.8700008392334,1855,0.0,0.0,ARLP,2m
2026-03-30 15:30:00-04:00,27.8700008392334,27.90999984741211,27.8700008392334,27.8799991607666,2391,0.0,0.0,ARLP,2m
2026-03-30 15:32:00-04:00,27.90999984741211,27.90999984741211,27.861600875854492,27.861600875854492,4250,0.0,0.0,ARLP,2m
2026-03-30 15:34:00-04:00,27.84000015258789,27.915000915527344,27.809999465942383,27.915000915527344,14438,0.0,0.0,ARLP,2m
2026-03-30 15:36:00-04:00,27.915000915527344,27.959999084472656,27.915000915527344,27.924999237060547,1274,0.0,0.0,ARLP,2m
2026-03-30 15:38:00-04:00,27.950000762939453,27.950000762939453,27.930099487304688,27.950000762939453,1532,0.0,0.0,ARLP,2m
2026-03-30 15:40:00-04:00,27.950000762939453,27.950000762939453,27.950000762939453,27.950000762939453,2914,0.0,0.0,ARLP,2m
2026-03-30 15:42:00-04:00,27.969999313354492,27.969999313354492,27.920000076293945,27.920000076293945,15033,0.0,0.0,ARLP,2m
2026-03-30 15:44:00-04:00,27.934999465942383,28.019899368286133,27.934999465942383,28.019899368286133,5780,0.0,0.0,ARLP,2m
2026-03-30 15:46:00-04:00,27.985000610351562,28.01129913330078,27.985000610351562,27.985000610351562,1494,0.0,0.0,ARLP,2m
2026-03-30 15:48:00-04:00,27.985000610351562,27.985000610351562,27.950000762939453,27.985000610351562,2222,0.0,0.0,ARLP,2m
2026-03-30 15:50:00-04:00,27.969999313354492,28.024999618530273,27.969999313354492,28.024999618530273,14863,0.0,0.0,ARLP,2m
2026-03-30 15:52:00-04:00,28.040000915527344,28.040000915527344,27.979999542236328,27.989999771118164,9389,0.0,0.0,ARLP,2m
2026-03-30 15:54:00-04:00,27.989999771118164,27.999900817871094,27.979999542236328,27.989999771118164,10345,0.0,0.0,ARLP,2m
2026-03-30 15:56:00-04:00,27.989999771118164,28.1299991607666,27.989999771118164,28.104999542236328,22836,0.0,0.0,ARLP,2m
2026-03-30 15:58:00-04:00,28.110000610351562,28.200000762939453,28.059999465942383,28.1200008392334,27631,0.0,0.0,ARLP,2m
2026-03-31 09:30:00-04:00,28.06999969482422,28.15999984741211,28.06999969482422,28.15999984741211,5675,0.0,0.0,ARLP,2m
2026-03-31 09:34:00-04:00,28.274999618530273,28.348100662231445,28.200000762939453,28.348100662231445,546,0.0,0.0,ARLP,2m
2026-03-31 09:36:00-04:00,28.8700008392334,28.8700008392334,28.8700008392334,28.8700008392334,132,0.0,0.0,ARLP,2m
2026-03-31 09:38:00-04:00,28.440000534057617,28.440000534057617,28.440000534057617,28.440000534057617,509,0.0,0.0,ARLP,2m
2026-03-31 09:40:00-04:00,28.450000762939453,28.450000762939453,28.450000762939453,28.450000762939453,2772,0.0,0.0,ARLP,2m
2026-03-31 09:42:00-04:00,28.450000762939453,28.450000762939453,28.450000762939453,28.450000762939453,361,0.0,0.0,ARLP,2m
2026-03-31 09:46:00-04:00,28.21470069885254,28.21470069885254,28.21470069885254,28.21470069885254,445,0.0,0.0,ARLP,2m
2026-03-31 09:54:00-04:00,28.33060073852539,28.33060073852539,28.20009994506836,28.20009994506836,903,0.0,0.0,ARLP,2m
2026-03-31 09:56:00-04:00,28.295000076293945,28.4950008392334,28.295000076293945,28.4950008392334,9736,0.0,0.0,ARLP,2m
2026-03-31 10:00:00-04:00,28.395000457763672,28.395000457763672,28.395000457763672,28.395000457763672,1633,0.0,0.0,ARLP,2m
2026-03-31 10:02:00-04:00,28.20009994506836,28.20009994506836,28.20009994506836,28.20009994506836,2920,0.0,0.0,ARLP,2m
2026-03-31 10:04:00-04:00,28.559999465942383,28.56999969482422,28.415000915527344,28.415000915527344,260,0.0,0.0,ARLP,2m
2026-03-31 10:06:00-04:00,28.493600845336914,28.493600845336914,28.493600845336914,28.493600845336914,138,0.0,0.0,ARLP,2m
2026-03-31 10:08:00-04:00,28.504100799560547,28.504100799560547,28.504100799560547,28.504100799560547,388,0.0,0.0,ARLP,2m
2026-03-31 10:18:00-04:00,28.55500030517578,28.55500030517578,28.55500030517578,28.55500030517578,3365,0.0,0.0,ARLP,2m
2026-03-31 10:22:00-04:00,28.492900848388672,28.492900848388672,28.492900848388672,28.492900848388672,360,0.0,0.0,ARLP,2m
2026-03-31 10:26:00-04:00,28.270099639892578,28.270099639892578,28.270099639892578,28.270099639892578,3265,0.0,0.0,ARLP,2m
2026-03-31 10:32:00-04:00,28.299999237060547,28.530000686645508,28.299999237060547,28.5,2467,0.0,0.0,ARLP,2m
2026-03-31 10:34:00-04:00,28.399999618530273,28.399999618530273,28.399999618530273,28.399999618530273,1295,0.0,0.0,ARLP,2m
2026-03-31 10:40:00-04:00,28.424999237060547,28.424999237060547,28.424999237060547,28.424999237060547,155,0.0,0.0,ARLP,2m
2026-03-31 10:42:00-04:00,28.424999237060547,28.424999237060547,28.424999237060547,28.424999237060547,2249,0.0,0.0,ARLP,2m
2026-03-31 10:52:00-04:00,28.415000915527344,28.415000915527344,28.415000915527344,28.415000915527344,155,0.0,0.0,ARLP,2m
2026-03-31 10:54:00-04:00,28.415000915527344,28.415000915527344,28.415000915527344,28.415000915527344,239,0.0,0.0,ARLP,2m
2026-03-31 10:56:00-04:00,28.415000915527344,28.415000915527344,28.415000915527344,28.415000915527344,376,0.0,0.0,ARLP,2m
2026-03-31 10:58:00-04:00,28.415000915527344,28.420000076293945,28.415000915527344,28.420000076293945,2467,0.0,0.0,ARLP,2m
2026-03-31 11:02:00-04:00,28.38050079345703,28.38050079345703,28.38050079345703,28.38050079345703,374,0.0,0.0,ARLP,2m
2026-03-31 11:04:00-04:00,28.5,28.5,28.5,28.5,799,0.0,0.0,ARLP,2m
2026-03-31 11:14:00-04:00,28.44499969482422,28.44499969482422,28.44499969482422,28.44499969482422,634,0.0,0.0,ARLP,2m
2026-03-31 11:16:00-04:00,28.44499969482422,28.44499969482422,28.44499969482422,28.44499969482422,2234,0.0,0.0,ARLP,2m
2026-03-31 11:20:00-04:00,28.4950008392334,28.4950008392334,28.4950008392334,28.4950008392334,552,0.0,0.0,ARLP,2m
2026-03-31 11:22:00-04:00,28.5,28.5,28.5,28.5,201,0.0,0.0,ARLP,2m
2026-03-31 11:24:00-04:00,28.450000762939453,28.450000762939453,28.450000762939453,28.450000762939453,200,0.0,0.0,ARLP,2m
2026-03-31 11:26:00-04:00,28.5,28.5,28.5,28.5,4517,0.0,0.0,ARLP,2m
2026-03-31 11:28:00-04:00,28.5,28.5,28.5,28.5,2317,0.0,0.0,ARLP,2m
2026-03-31 11:36:00-04:00,28.472000122070312,28.540000915527344,28.472000122070312,28.5,2389,0.0,0.0,ARLP,2m
2026-03-31 11:38:00-04:00,28.5,28.5,28.5,28.5,1656,0.0,0.0,ARLP,2m
2026-03-31 11:48:00-04:00,28.5,28.5,28.5,28.5,200,0.0,0.0,ARLP,2m
2026-03-31 11:50:00-04:00,28.440000534057617,28.5,28.440000534057617,28.440000534057617,1426,0.0,0.0,ARLP,2m
2026-03-31 11:52:00-04:00,28.510000228881836,28.510000228881836,28.510000228881836,28.510000228881836,204,0.0,0.0,ARLP,2m
2026-03-31 11:54:00-04:00,28.510000228881836,28.510000228881836,28.209999084472656,28.209999084472656,20574,0.0,0.0,ARLP,2m
2026-03-31 11:56:00-04:00,28.20199966430664,28.20199966430664,28.20199966430664,28.20199966430664,2249,0.0,0.0,ARLP,2m
2026-03-31 12:00:00-04:00,28.149999618530273,28.149999618530273,28.149999618530273,28.149999618530273,2014,0.0,0.0,ARLP,2m
2026-03-31 12:08:00-04:00,28.010000228881836,28.010000228881836,28.010000228881836,28.010000228881836,412,0.0,0.0,ARLP,2m
2026-03-31 12:20:00-04:00,28.15999984741211,28.15999984741211,28.15999984741211,28.15999984741211,1000,0.0,0.0,ARLP,2m
2026-03-31 12:22:00-04:00,28.15999984741211,28.15999984741211,28.049999237060547,28.049999237060547,0,0.0,0.0,ARLP,2m
2026-03-31 12:24:00-04:00,28.18000030517578,28.18000030517578,28.18000030517578,28.18000030517578,220,0.0,0.0,ARLP,2m
2026-03-31 12:26:00-04:00,28.18000030517578,28.18000030517578,28.18000030517578,28.18000030517578,710,0.0,0.0,ARLP,2m
2026-03-31 12:28:00-04:00,28.18000030517578,28.18000030517578,28.06999969482422,28.06999969482422,1931,0.0,0.0,ARLP,2m
2026-03-31 12:36:00-04:00,28.100000381469727,28.184999465942383,28.100000381469727,28.184999465942383,1899,0.0,0.0,ARLP,2m
2026-03-31 12:40:00-04:00,28.184999465942383,28.184999465942383,28.184999465942383,28.184999465942383,682,0.0,0.0,ARLP,2m
2026-03-31 12:42:00-04:00,28.184999465942383,28.184999465942383,28.184999465942383,28.184999465942383,956,0.0,0.0,ARLP,2m
2026-03-31 12:48:00-04:00,28.299999237060547,28.299999237060547,28.299999237060547,28.299999237060547,5172,0.0,0.0,ARLP,2m
2026-03-31 12:56:00-04:00,28.13559913635254,28.13559913635254,28.13559913635254,28.13559913635254,272,0.0,0.0,ARLP,2m
2026-03-31 12:58:00-04:00,28.125,28.139999389648438,28.110000610351562,28.139999389648438,2659,0.0,0.0,ARLP,2m
2026-03-31 13:00:00-04:00,28.15999984741211,28.15999984741211,28.15999984741211,28.15999984741211,717,0.0,0.0,ARLP,2m
2026-03-31 13:08:00-04:00,28.155000686645508,28.155000686645508,28.155000686645508,28.155000686645508,1300,0.0,0.0,ARLP,2m
2026-03-31 13:12:00-04:00,28.030000686645508,28.030000686645508,27.989999771118164,27.989999771118164,4029,0.0,0.0,ARLP,2m
2026-03-31 13:16:00-04:00,28.040000915527344,28.040000915527344,28.040000915527344,28.040000915527344,1487,0.0,0.0,ARLP,2m
2026-03-31 13:18:00-04:00,28.014999389648438,28.014999389648438,27.94499969482422,27.94499969482422,7765,0.0,0.0,ARLP,2m
2026-03-31 13:20:00-04:00,27.94499969482422,27.94499969482422,27.94499969482422,27.94499969482422,256,0.0,0.0,ARLP,2m
2026-03-31 13:22:00-04:00,27.954999923706055,27.954999923706055,27.920000076293945,27.934999465942383,1869,0.0,0.0,ARLP,2m
2026-03-31 13:24:00-04:00,27.850000381469727,27.8700008392334,27.770000457763672,27.850000381469727,12653,0.0,0.0,ARLP,2m
2026-03-31 13:26:00-04:00,27.850000381469727,27.850000381469727,27.850000381469727,27.850000381469727,239,0.0,0.0,ARLP,2m
2026-03-31 13:28:00-04:00,27.90999984741211,27.90999984741211,27.90999984741211,27.90999984741211,1161,0.0,0.0,ARLP,2m
2026-03-31 13:30:00-04:00,27.899999618530273,27.899999618530273,27.780000686645508,27.780000686645508,3032,0.0,0.0,ARLP,2m
2026-03-31 13:32:00-04:00,27.799999237060547,27.799999237060547,27.799999237060547,27.799999237060547,232,0.0,0.0,ARLP,2m
2026-03-31 13:34:00-04:00,27.81999969482422,27.81999969482422,27.56999969482422,27.719999313354492,3765,0.0,0.0,ARLP,2m
2026-03-31 13:36:00-04:00,27.709999084472656,27.719999313354492,27.709999084472656,27.719999313354492,1214,0.0,0.0,ARLP,2m
2026-03-31 13:40:00-04:00,27.719999313354492,27.719999313354492,27.59000015258789,27.706199645996094,4146,0.0,0.0,ARLP,2m
2026-03-31 13:42:00-04:00,27.75,27.75,27.75,27.75,304,0.0,0.0,ARLP,2m
2026-03-31 13:44:00-04:00,27.700000762939453,27.700000762939453,27.700000762939453,27.700000762939453,432,0.0,0.0,ARLP,2m
2026-03-31 13:46:00-04:00,27.674999237060547,27.674999237060547,27.674999237060547,27.674999237060547,508,0.0,0.0,ARLP,2m
2026-03-31 13:50:00-04:00,27.674999237060547,27.674999237060547,27.6018009185791,27.6018009185791,2983,0.0,0.0,ARLP,2m
2026-03-31 13:52:00-04:00,27.739999771118164,27.739999771118164,27.684999465942383,27.684999465942383,8689,0.0,0.0,ARLP,2m
2026-03-31 13:58:00-04:00,27.610000610351562,27.614999771118164,27.565000534057617,27.614999771118164,4307,0.0,0.0,ARLP,2m
2026-03-31 14:00:00-04:00,27.56999969482422,27.56999969482422,27.5,27.510000228881836,3796,0.0,0.0,ARLP,2m
2026-03-31 14:02:00-04:00,27.584999084472656,27.584999084472656,27.584999084472656,27.584999084472656,522,0.0,0.0,ARLP,2m
2026-03-31 14:06:00-04:00,27.56060028076172,27.56060028076172,27.450000762939453,27.450000762939453,4353,0.0,0.0,ARLP,2m
2026-03-31 14:08:00-04:00,27.549999237060547,27.549999237060547,27.500099182128906,27.520000457763672,3219,0.0,0.0,ARLP,2m
2026-03-31 14:12:00-04:00,27.430700302124023,27.430700302124023,27.3799991607666,27.390100479125977,1934,0.0,0.0,ARLP,2m
2026-03-31 14:14:00-04:00,27.40130043029785,27.40130043029785,27.399999618530273,27.399999618530273,1385,0.0,0.0,ARLP,2m
2026-03-31 14:18:00-04:00,27.559999465942383,27.559999465942383,27.559999465942383,27.559999465942383,635,0.0,0.0,ARLP,2m
2026-03-31 14:20:00-04:00,27.562400817871094,27.562400817871094,27.530000686645508,27.559999465942383,1262,0.0,0.0,ARLP,2m
2026-03-31 14:22:00-04:00,27.559999465942383,27.559999465942383,27.559999465942383,27.559999465942383,300,0.0,0.0,ARLP,2m
2026-03-31 14:24:00-04:00,27.600000381469727,27.600000381469727,27.489999771118164,27.53499984741211,1548,0.0,0.0,ARLP,2m
2026-03-31 14:26:00-04:00,27.543800354003906,27.543899536132812,27.543800354003906,27.543899536132812,441,0.0,0.0,ARLP,2m
2026-03-31 14:30:00-04:00,27.540000915527344,27.540000915527344,27.450000762939453,27.47010040283203,1939,0.0,0.0,ARLP,2m
2026-03-31 14:32:00-04:00,27.514999389648438,27.514999389648438,27.450000762939453,27.450000762939453,1067,0.0,0.0,ARLP,2m
2026-03-31 14:34:00-04:00,27.454999923706055,27.454999923706055,27.454999923706055,27.454999923706055,829,0.0,0.0,ARLP,2m
2026-03-31 14:38:00-04:00,27.524999618530273,27.524999618530273,27.450000762939453,27.450000762939453,7504,0.0,0.0,ARLP,2m
2026-03-31 14:40:00-04:00,27.3799991607666,27.389999389648438,27.3700008392334,27.3700008392334,1257,0.0,0.0,ARLP,2m
2026-03-31 14:42:00-04:00,27.440000534057617,27.440000534057617,27.350000381469727,27.350099563598633,1954,0.0,0.0,ARLP,2m
2026-03-31 14:44:00-04:00,27.415000915527344,27.415000915527344,27.415000915527344,27.415000915527344,392,0.0,0.0,ARLP,2m
2026-03-31 14:46:00-04:00,27.479900360107422,27.479900360107422,27.479900360107422,27.479900360107422,387,0.0,0.0,ARLP,2m
2026-03-31 14:48:00-04:00,27.424999237060547,27.424999237060547,27.424999237060547,27.424999237060547,749,0.0,0.0,ARLP,2m
2026-03-31 14:50:00-04:00,27.424999237060547,27.424999237060547,27.424999237060547,27.424999237060547,1848,0.0,0.0,ARLP,2m
2026-03-31 14:52:00-04:00,27.459999084472656,27.459999084472656,27.459999084472656,27.459999084472656,124,0.0,0.0,ARLP,2m
2026-03-31 14:54:00-04:00,27.424999237060547,27.424999237060547,27.3700008392334,27.3700008392334,490,0.0,0.0,ARLP,2m
2026-03-31 14:56:00-04:00,27.43000030517578,27.43000030517578,27.43000030517578,27.43000030517578,915,0.0,0.0,ARLP,2m
2026-03-31 14:58:00-04:00,27.454999923706055,27.469999313354492,27.454999923706055,27.459999084472656,2849,0.0,0.0,ARLP,2m
2026-03-31 15:00:00-04:00,27.454999923706055,27.454999923706055,27.43000030517578,27.44860076904297,2149,0.0,0.0,ARLP,2m
2026-03-31 15:02:00-04:00,27.454999923706055,27.510000228881836,27.454999923706055,27.510000228881836,4820,0.0,0.0,ARLP,2m
2026-03-31 15:06:00-04:00,27.510000228881836,27.510000228881836,27.510000228881836,27.510000228881836,1059,0.0,0.0,ARLP,2m
2026-03-31 15:12:00-04:00,27.59000015258789,27.59000015258789,27.514999389648438,27.514999389648438,2209,0.0,0.0,ARLP,2m
2026-03-31 15:16:00-04:00,27.450000762939453,27.450000762939453,27.3700008392334,27.3700008392334,1738,0.0,0.0,ARLP,2m
2026-03-31 15:24:00-04:00,27.459999084472656,27.459999084472656,27.459999084472656,27.459999084472656,800,0.0,0.0,ARLP,2m
2026-03-31 15:26:00-04:00,27.450000762939453,27.489999771118164,27.450000762939453,27.489999771118164,3076,0.0,0.0,ARLP,2m
2026-03-31 15:28:00-04:00,27.440000534057617,27.440000534057617,27.440000534057617,27.440000534057617,258,0.0,0.0,ARLP,2m
2026-03-31 15:30:00-04:00,27.420000076293945,27.4424991607666,27.3700008392334,27.389999389648438,4881,0.0,0.0,ARLP,2m
2026-03-31 15:32:00-04:00,27.399999618530273,27.434999465942383,27.399999618530273,27.399999618530273,4048,0.0,0.0,ARLP,2m
2026-03-31 15:34:00-04:00,27.389999389648438,27.389999389648438,27.360000610351562,27.3700008392334,2901,0.0,0.0,ARLP,2m
2026-03-31 15:36:00-04:00,27.350000381469727,27.364999771118164,27.34000015258789,27.34000015258789,2364,0.0,0.0,ARLP,2m
2026-03-31 15:38:00-04:00,27.34000015258789,27.40999984741211,27.34000015258789,27.389999389648438,4631,0.0,0.0,ARLP,2m
2026-03-31 15:40:00-04:00,27.40999984741211,27.40999984741211,27.40999984741211,27.40999984741211,425,0.0,0.0,ARLP,2m
2026-03-31 15:42:00-04:00,27.40999984741211,27.449899673461914,27.399999618530273,27.449899673461914,1981,0.0,0.0,ARLP,2m
2026-03-31 15:44:00-04:00,27.42460060119629,27.49169921875,27.42460060119629,27.49169921875,2939,0.0,0.0,ARLP,2m
2026-03-31 15:46:00-04:00,27.49850082397461,27.520000457763672,27.469999313354492,27.520000457763672,2152,0.0,0.0,ARLP,2m
2026-03-31 15:48:00-04:00,27.587299346923828,27.6200008392334,27.524999618530273,27.6200008392334,14876,0.0,0.0,ARLP,2m
2026-03-31 15:50:00-04:00,27.6299991607666,27.700000762939453,27.6200008392334,27.670000076293945,11574,0.0,0.0,ARLP,2m
2026-03-31 15:52:00-04:00,27.68000030517578,27.8075008392334,27.68000030517578,27.735000610351562,6637,0.0,0.0,ARLP,2m
2026-03-31 15:54:00-04:00,27.759899139404297,27.759899139404297,27.690000534057617,27.719900131225586,9525,0.0,0.0,ARLP,2m
2026-03-31 15:56:00-04:00,27.709999084472656,27.717100143432617,27.690000534057617,27.700000762939453,6086,0.0,0.0,ARLP,2m
2026-03-31 15:58:00-04:00,27.690000534057617,27.719999313354492,27.68199920654297,27.68199920654297,6145,0.0,0.0,ARLP,2m
2026-04-01 09:30:00-04:00,27.600000381469727,27.700000762939453,27.5,27.700000762939453,13213,0.0,0.0,ARLP,2m
2026-04-01 09:32:00-04:00,27.700000762939453,27.824600219726562,27.700000762939453,27.824600219726562,201,0.0,0.0,ARLP,2m
2026-04-01 09:36:00-04:00,27.649999618530273,27.649999618530273,27.510000228881836,27.510000228881836,958,0.0,0.0,ARLP,2m
2026-04-01 09:38:00-04:00,27.5,27.5,27.5,27.5,4006,0.0,0.0,ARLP,2m
2026-04-01 09:42:00-04:00,27.5049991607666,27.5049991607666,27.5049991607666,27.5049991607666,2266,0.0,0.0,ARLP,2m
2026-04-01 09:46:00-04:00,27.5049991607666,27.5049991607666,27.5049991607666,27.5049991607666,515,0.0,0.0,ARLP,2m
2026-04-01 09:48:00-04:00,27.639999389648438,27.639999389648438,27.430099487304688,27.430099487304688,762,0.0,0.0,ARLP,2m
2026-04-01 09:50:00-04:00,27.83989906311035,27.83989906311035,27.83989906311035,27.83989906311035,1877,0.0,0.0,ARLP,2m
2026-04-01 09:56:00-04:00,27.690000534057617,27.690000534057617,27.690000534057617,27.690000534057617,1860,0.0,0.0,ARLP,2m
2026-04-01 09:58:00-04:00,27.690000534057617,27.690000534057617,27.690000534057617,27.690000534057617,0,0.0,0.0,ARLP,2m
2026-04-01 10:00:00-04:00,27.649999618530273,27.649999618530273,27.649999618530273,27.649999618530273,302,0.0,0.0,ARLP,2m
2026-04-01 10:02:00-04:00,27.729999542236328,27.729999542236328,27.729999542236328,27.729999542236328,157,0.0,0.0,ARLP,2m
2026-04-01 10:04:00-04:00,27.690000534057617,27.690000534057617,27.639999389648438,27.649999618530273,3787,0.0,0.0,ARLP,2m
2026-04-01 10:06:00-04:00,27.640100479125977,27.640100479125977,27.640100479125977,27.640100479125977,104,0.0,0.0,ARLP,2m
2026-04-01 10:08:00-04:00,27.709999084472656,27.709999084472656,27.690000534057617,27.690000534057617,552,0.0,0.0,ARLP,2m
2026-04-01 10:10:00-04:00,27.690000534057617,27.690000534057617,27.65999984741211,27.65999984741211,2194,0.0,0.0,ARLP,2m
2026-04-01 10:12:00-04:00,27.690000534057617,27.690000534057617,27.639999389648438,27.67180061340332,8989,0.0,0.0,ARLP,2m
2026-04-01 10:14:00-04:00,27.649999618530273,27.649999618530273,27.649999618530273,27.649999618530273,264,0.0,0.0,ARLP,2m
2026-04-01 10:16:00-04:00,27.639999389648438,27.655000686645508,27.600000381469727,27.600000381469727,4205,0.0,0.0,ARLP,2m
2026-04-01 10:18:00-04:00,27.600000381469727,27.600000381469727,27.600000381469727,27.600000381469727,387,0.0,0.0,ARLP,2m
2026-04-01 10:20:00-04:00,27.63990020751953,27.700000762939453,27.6299991607666,27.700000762939453,4823,0.0,0.0,ARLP,2m
2026-04-01 10:26:00-04:00,27.809900283813477,27.809900283813477,27.809900283813477,27.809900283813477,221,0.0,0.0,ARLP,2m
2026-04-01 10:34:00-04:00,27.809900283813477,27.809900283813477,27.5,27.5,476,0.0,0.0,ARLP,2m
2026-04-01 10:38:00-04:00,27.7091007232666,27.7091007232666,27.7091007232666,27.7091007232666,1034,0.0,0.0,ARLP,2m
2026-04-01 10:40:00-04:00,27.604400634765625,27.604400634765625,27.604400634765625,27.604400634765625,106,0.0,0.0,ARLP,2m
2026-04-01 10:42:00-04:00,27.625,27.625,27.625,27.625,916,0.0,0.0,ARLP,2m
2026-04-01 10:46:00-04:00,27.735000610351562,27.735000610351562,27.540000915527344,27.735000610351562,10369,0.0,0.0,ARLP,2m
2026-04-01 10:48:00-04:00,27.600099563598633,27.600099563598633,27.600099563598633,27.600099563598633,5417,0.0,0.0,ARLP,2m
2026-04-01 11:00:00-04:00,27.764999389648438,27.889999389648438,27.764999389648438,27.790000915527344,820,0.0,0.0,ARLP,2m
2026-04-01 11:06:00-04:00,27.764999389648438,27.764999389648438,27.764999389648438,27.764999389648438,143,0.0,0.0,ARLP,2m
2026-04-01 11:08:00-04:00,27.600000381469727,27.600000381469727,27.600000381469727,27.600000381469727,132,0.0,0.0,ARLP,2m
2026-04-01 11:10:00-04:00,27.764999389648438,27.780000686645508,27.764999389648438,27.780000686645508,869,0.0,0.0,ARLP,2m
2026-04-01 11:12:00-04:00,27.838899612426758,27.838899612426758,27.838899612426758,27.838899612426758,236,0.0,0.0,ARLP,2m
2026-04-01 11:16:00-04:00,27.78499984741211,27.860000610351562,27.78499984741211,27.860000610351562,858,0.0,0.0,ARLP,2m
2026-04-01 11:18:00-04:00,27.78499984741211,27.78499984741211,27.78499984741211,27.78499984741211,957,0.0,0.0,ARLP,2m
2026-04-01 11:20:00-04:00,27.790000915527344,27.790000915527344,27.790000915527344,27.790000915527344,179,0.0,0.0,ARLP,2m
2026-04-01 11:22:00-04:00,27.690000534057617,27.739999771118164,27.68000030517578,27.719999313354492,2248,0.0,0.0,ARLP,2m
2026-04-01 11:24:00-04:00,27.690000534057617,27.690000534057617,27.690000534057617,27.690000534057617,286,0.0,0.0,ARLP,2m
2026-04-01 11:26:00-04:00,27.75,27.75,27.75,27.75,949,0.0,0.0,ARLP,2m
2026-04-01 11:30:00-04:00,27.690000534057617,27.690000534057617,27.690000534057617,27.690000534057617,382,0.0,0.0,ARLP,2m
2026-04-01 11:34:00-04:00,27.719999313354492,27.719999313354492,27.719999313354492,27.719999313354492,600,0.0,0.0,ARLP,2m
2026-04-01 11:36:00-04:00,27.770000457763672,27.770000457763672,27.719999313354492,27.719999313354492,412,0.0,0.0,ARLP,2m
2026-04-01 11:40:00-04:00,27.719999313354492,27.719999313354492,27.719999313354492,27.719999313354492,983,0.0,0.0,ARLP,2m
2026-04-01 11:42:00-04:00,27.809900283813477,27.809900283813477,27.809900283813477,27.809900283813477,216,0.0,0.0,ARLP,2m
2026-04-01 11:44:00-04:00,27.65999984741211,27.65999984741211,27.65999984741211,27.65999984741211,207,0.0,0.0,ARLP,2m
2026-04-01 11:46:00-04:00,27.739999771118164,27.739999771118164,27.739999771118164,27.739999771118164,765,0.0,0.0,ARLP,2m
2026-04-01 11:52:00-04:00,27.799999237060547,27.799999237060547,27.764999389648438,27.764999389648438,741,0.0,0.0,ARLP,2m
2026-04-01 11:54:00-04:00,27.729999542236328,27.829999923706055,27.729999542236328,27.829999923706055,6893,0.0,0.0,ARLP,2m
2026-04-01 11:56:00-04:00,27.844999313354492,27.844999313354492,27.844999313354492,27.844999313354492,1474,0.0,0.0,ARLP,2m
2026-04-01 11:58:00-04:00,27.844999313354492,27.844999313354492,27.844999313354492,27.844999313354492,0,0.0,0.0,ARLP,2m
2026-04-01 12:00:00-04:00,27.850000381469727,27.884599685668945,27.850000381469727,27.884599685668945,320,0.0,0.0,ARLP,2m
2026-04-01 12:02:00-04:00,27.81999969482422,27.81999969482422,27.790000915527344,27.790000915527344,7455,0.0,0.0,ARLP,2m
2026-04-01 12:04:00-04:00,27.795000076293945,27.795000076293945,27.795000076293945,27.795000076293945,359,0.0,0.0,ARLP,2m
2026-04-01 12:06:00-04:00,27.739999771118164,27.7549991607666,27.739999771118164,27.7549991607666,721,0.0,0.0,ARLP,2m
2026-04-01 12:08:00-04:00,27.70009994506836,27.725000381469727,27.70009994506836,27.725000381469727,627,0.0,0.0,ARLP,2m
2026-04-01 12:10:00-04:00,27.749399185180664,27.749399185180664,27.725000381469727,27.725000381469727,530,0.0,0.0,ARLP,2m
2026-04-01 12:12:00-04:00,27.725799560546875,27.725799560546875,27.725799560546875,27.725799560546875,292,0.0,0.0,ARLP,2m
2026-04-01 12:14:00-04:00,27.725799560546875,27.725799560546875,27.725000381469727,27.725799560546875,840,0.0,0.0,ARLP,2m
2026-04-01 12:16:00-04:00,27.725799560546875,27.725799560546875,27.65999984741211,27.65999984741211,1067,0.0,0.0,ARLP,2m
2026-04-01 12:18:00-04:00,27.715900421142578,27.769899368286133,27.715099334716797,27.769899368286133,1673,0.0,0.0,ARLP,2m
2026-04-01 12:24:00-04:00,27.769899368286133,27.769899368286133,27.769899368286133,27.769899368286133,380,0.0,0.0,ARLP,2m
2026-04-01 12:28:00-04:00,27.65999984741211,27.65999984741211,27.65999984741211,27.65999984741211,2298,0.0,0.0,ARLP,2m
2026-04-01 12:32:00-04:00,27.670000076293945,27.700000762939453,27.665000915527344,27.665000915527344,2652,0.0,0.0,ARLP,2m
2026-04-01 12:34:00-04:00,27.71969985961914,27.71969985961914,27.71969985961914,27.71969985961914,0,0.0,0.0,ARLP,2m
2026-04-01 12:38:00-04:00,27.719999313354492,27.719999313354492,27.719999313354492,27.719999313354492,438,0.0,0.0,ARLP,2m
2026-04-01 12:40:00-04:00,27.610000610351562,27.65999984741211,27.610000610351562,27.639999389648438,2499,0.0,0.0,ARLP,2m
2026-04-01 12:44:00-04:00,27.690000534057617,27.700000762939453,27.690000534057617,27.700000762939453,623,0.0,0.0,ARLP,2m
2026-04-01 12:50:00-04:00,27.71500015258789,27.71500015258789,27.71500015258789,27.71500015258789,1151,0.0,0.0,ARLP,2m
2026-04-01 13:00:00-04:00,27.649999618530273,27.649999618530273,27.610000610351562,27.640100479125977,5573,0.0,0.0,ARLP,2m
2026-04-01 13:04:00-04:00,27.610000610351562,27.610000610351562,27.610000610351562,27.610000610351562,369,0.0,0.0,ARLP,2m
2026-04-01 13:16:00-04:00,27.655000686645508,27.655000686645508,27.610000610351562,27.610000610351562,2459,0.0,0.0,ARLP,2m
2026-04-01 13:18:00-04:00,27.600000381469727,27.625,27.579999923706055,27.625,437,0.0,0.0,ARLP,2m
2026-04-01 13:20:00-04:00,27.625,27.625,27.625,27.625,500,0.0,0.0,ARLP,2m
2026-04-01 13:22:00-04:00,27.625,27.6299991607666,27.625,27.625,307,0.0,0.0,ARLP,2m
2026-04-01 13:24:00-04:00,27.6299991607666,27.6299991607666,27.579999923706055,27.625,1292,0.0,0.0,ARLP,2m
2026-04-01 13:26:00-04:00,27.639999389648438,27.700000762939453,27.639999389648438,27.670000076293945,779,0.0,0.0,ARLP,2m
2026-04-01 13:28:00-04:00,27.6299991607666,27.670000076293945,27.6299991607666,27.670000076293945,651,0.0,0.0,ARLP,2m
2026-04-01 13:30:00-04:00,27.670000076293945,27.70989990234375,27.6299991607666,27.70989990234375,609,0.0,0.0,ARLP,2m
2026-04-01 13:32:00-04:00,27.6299991607666,27.670000076293945,27.6299991607666,27.670000076293945,400,0.0,0.0,ARLP,2m
2026-04-01 13:34:00-04:00,27.709199905395508,27.709199905395508,27.66200065612793,27.670000076293945,610,0.0,0.0,ARLP,2m
2026-04-01 13:36:00-04:00,27.6299991607666,27.655000686645508,27.600000381469727,27.645000457763672,2590,0.0,0.0,ARLP,2m
2026-04-01 13:38:00-04:00,27.645000457763672,27.645000457763672,27.645000457763672,27.645000457763672,120,0.0,0.0,ARLP,2m
2026-04-01 13:40:00-04:00,27.645000457763672,27.68899917602539,27.645000457763672,27.68899917602539,320,0.0,0.0,ARLP,2m
2026-04-01 13:42:00-04:00,27.645000457763672,27.645000457763672,27.600000381469727,27.600000381469727,959,0.0,0.0,ARLP,2m
2026-04-01 13:44:00-04:00,27.645000457763672,27.645000457763672,27.645000457763672,27.645000457763672,254,0.0,0.0,ARLP,2m
2026-04-01 13:48:00-04:00,27.662099838256836,27.662099838256836,27.600000381469727,27.610000610351562,1119,0.0,0.0,ARLP,2m
2026-04-01 13:50:00-04:00,27.619199752807617,27.619199752807617,27.619199752807617,27.619199752807617,600,0.0,0.0,ARLP,2m
2026-04-01 13:52:00-04:00,27.649999618530273,27.649999618530273,27.649999618530273,27.649999618530273,766,0.0,0.0,ARLP,2m
2026-04-01 14:00:00-04:00,27.59000015258789,27.59000015258789,27.59000015258789,27.59000015258789,481,0.0,0.0,ARLP,2m
2026-04-01 14:02:00-04:00,27.6200008392334,27.639999389648438,27.6200008392334,27.639999389648438,2964,0.0,0.0,ARLP,2m
2026-04-01 14:04:00-04:00,27.65999984741211,27.65999984741211,27.65999984741211,27.65999984741211,100,0.0,0.0,ARLP,2m
2026-04-01 14:08:00-04:00,27.690000534057617,27.690000534057617,27.6299991607666,27.689899444580078,714,0.0,0.0,ARLP,2m
2026-04-01 14:10:00-04:00,27.6200008392334,27.6200008392334,27.6200008392334,27.6200008392334,136,0.0,0.0,ARLP,2m
2026-04-01 14:12:00-04:00,27.639999389648438,27.655000686645508,27.6200008392334,27.6299991607666,1605,0.0,0.0,ARLP,2m
2026-04-01 14:14:00-04:00,27.6299991607666,27.655000686645508,27.6200008392334,27.655000686645508,3528,0.0,0.0,ARLP,2m
2026-04-01 14:16:00-04:00,27.633499145507812,27.633499145507812,27.6299991607666,27.6299991607666,756,0.0,0.0,ARLP,2m
2026-04-01 14:18:00-04:00,27.6200008392334,27.6200008392334,27.584999084472656,27.584999084472656,8501,0.0,0.0,ARLP,2m
2026-04-01 14:20:00-04:00,27.600000381469727,27.600000381469727,27.600000381469727,27.600000381469727,670,0.0,0.0,ARLP,2m
2026-04-01 14:22:00-04:00,27.549999237060547,27.549999237060547,27.549999237060547,27.549999237060547,413,0.0,0.0,ARLP,2m
2026-04-01 14:28:00-04:00,27.560100555419922,27.560100555419922,27.560100555419922,27.560100555419922,291,0.0,0.0,ARLP,2m
2026-04-01 14:30:00-04:00,27.6200008392334,27.6200008392334,27.6200008392334,27.6200008392334,502,0.0,0.0,ARLP,2m
2026-04-01 14:32:00-04:00,27.642200469970703,27.642200469970703,27.633399963378906,27.633399963378906,631,0.0,0.0,ARLP,2m
2026-04-01 14:36:00-04:00,27.610000610351562,27.610000610351562,27.610000610351562,27.610000610351562,200,0.0,0.0,ARLP,2m
2026-04-01 14:38:00-04:00,27.639999389648438,27.639999389648438,27.639999389648438,27.639999389648438,472,0.0,0.0,ARLP,2m
2026-04-01 14:40:00-04:00,27.690000534057617,27.700000762939453,27.690000534057617,27.700000762939453,1050,0.0,0.0,ARLP,2m
2026-04-01 14:42:00-04:00,27.78849983215332,27.78849983215332,27.704999923706055,27.704999923706055,3889,0.0,0.0,ARLP,2m
2026-04-01 14:44:00-04:00,27.68000030517578,27.725000381469727,27.65999984741211,27.725000381469727,3350,0.0,0.0,ARLP,2m
2026-04-01 14:48:00-04:00,27.700000762939453,27.700000762939453,27.649999618530273,27.69499969482422,3608,0.0,0.0,ARLP,2m
2026-04-01 14:50:00-04:00,27.69499969482422,27.69499969482422,27.69499969482422,27.69499969482422,267,0.0,0.0,ARLP,2m
2026-04-01 14:52:00-04:00,27.749900817871094,27.749900817871094,27.579999923706055,27.610000610351562,17538,0.0,0.0,ARLP,2m
2026-04-01 14:54:00-04:00,27.570100784301758,27.645000457763672,27.570100784301758,27.645000457763672,3412,0.0,0.0,ARLP,2m
2026-04-01 14:56:00-04:00,27.649999618530273,27.649999618530273,27.649999618530273,27.649999618530273,0,0.0,0.0,ARLP,2m
2026-04-01 14:58:00-04:00,27.6200008392334,27.6200008392334,27.6200008392334,27.6200008392334,243,0.0,0.0,ARLP,2m
2026-04-01 15:00:00-04:00,27.649999618530273,27.649999618530273,27.649999618530273,27.649999618530273,633,0.0,0.0,ARLP,2m
2026-04-01 15:02:00-04:00,27.6299991607666,27.649900436401367,27.600000381469727,27.600000381469727,1897,0.0,0.0,ARLP,2m
2026-04-01 15:04:00-04:00,27.649999618530273,27.649999618530273,27.649999618530273,27.649999618530273,1578,0.0,0.0,ARLP,2m
2026-04-01 15:06:00-04:00,27.709999084472656,27.71500015258789,27.649999618530273,27.709999084472656,1154,0.0,0.0,ARLP,2m
2026-04-01 15:08:00-04:00,27.790000915527344,27.790000915527344,27.790000915527344,27.790000915527344,2003,0.0,0.0,ARLP,2m
2026-04-01 15:10:00-04:00,27.729999542236328,27.729999542236328,27.670000076293945,27.670000076293945,1573,0.0,0.0,ARLP,2m
2026-04-01 15:16:00-04:00,27.700000762939453,27.700000762939453,27.700000762939453,27.700000762939453,188,0.0,0.0,ARLP,2m
2026-04-01 15:18:00-04:00,27.700000762939453,27.700000762939453,27.700000762939453,27.700000762939453,1849,0.0,0.0,ARLP,2m
2026-04-01 15:20:00-04:00,27.68429946899414,27.68429946899414,27.68429946899414,27.68429946899414,928,0.0,0.0,ARLP,2m
2026-04-01 15:26:00-04:00,27.691499710083008,27.691499710083008,27.691499710083008,27.691499710083008,1059,0.0,0.0,ARLP,2m
2026-04-01 15:32:00-04:00,27.649999618530273,27.649999618530273,27.649999618530273,27.649999618530273,380,0.0,0.0,ARLP,2m
2026-04-01 15:34:00-04:00,27.65999984741211,27.65999984741211,27.6200008392334,27.65999984741211,2291,0.0,0.0,ARLP,2m
2026-04-01 15:36:00-04:00,27.6200008392334,27.6200008392334,27.6200008392334,27.6200008392334,400,0.0,0.0,ARLP,2m
2026-04-01 15:38:00-04:00,27.68600082397461,27.700000762939453,27.68600082397461,27.700000762939453,935,0.0,0.0,ARLP,2m
2026-04-01 15:44:00-04:00,27.674100875854492,27.674100875854492,27.649999618530273,27.649999618530273,2561,0.0,0.0,ARLP,2m
2026-04-01 15:46:00-04:00,27.600000381469727,27.6200008392334,27.600000381469727,27.610000610351562,6633,0.0,0.0,ARLP,2m
2026-04-01 15:48:00-04:00,27.604299545288086,27.604299545288086,27.604299545288086,27.604299545288086,1947,0.0,0.0,ARLP,2m
2026-04-01 15:50:00-04:00,27.590099334716797,27.6299991607666,27.590099334716797,27.610000610351562,3634,0.0,0.0,ARLP,2m
2026-04-01 15:52:00-04:00,27.600000381469727,27.600000381469727,27.59000015258789,27.59000015258789,1745,0.0,0.0,ARLP,2m
2026-04-01 15:54:00-04:00,27.591999053955078,27.6299991607666,27.54010009765625,27.54010009765625,14515,0.0,0.0,ARLP,2m
2026-04-01 15:56:00-04:00,27.56999969482422,27.579999923706055,27.550100326538086,27.56999969482422,3297,0.0,0.0,ARLP,2m
2026-04-01 15:58:00-04:00,27.559999465942383,27.600000381469727,27.540000915527344,27.579999923706055,10785,0.0,0.0,ARLP,2m
2026-04-02 09:30:00-04:00,27.799999237060547,27.799999237060547,27.65999984741211,27.774999618530273,8588,0.0,0.0,ARLP,2m
2026-04-02 09:32:00-04:00,27.774999618530273,27.774999618530273,27.774999618530273,27.774999618530273,457,0.0,0.0,ARLP,2m
2026-04-02 09:36:00-04:00,27.809999465942383,27.809999465942383,27.809999465942383,27.809999465942383,103,0.0,0.0,ARLP,2m
2026-04-02 09:38:00-04:00,27.7450008392334,27.7450008392334,27.7450008392334,27.7450008392334,4055,0.0,0.0,ARLP,2m
2026-04-02 09:40:00-04:00,27.7450008392334,27.7450008392334,27.7450008392334,27.7450008392334,80,0.0,0.0,ARLP,2m
2026-04-02 09:42:00-04:00,27.75,27.75,27.75,27.75,675,0.0,0.0,ARLP,2m
2026-04-02 09:44:00-04:00,27.75,27.75,27.75,27.75,1586,0.0,0.0,ARLP,2m
2026-04-02 09:46:00-04:00,27.75,27.83989906311035,27.75,27.83989906311035,3520,0.0,0.0,ARLP,2m
2026-04-02 09:48:00-04:00,27.8346004486084,27.8356990814209,27.790000915527344,27.790000915527344,1721,0.0,0.0,ARLP,2m
2026-04-02 09:50:00-04:00,27.780000686645508,27.9950008392334,27.780000686645508,27.9950008392334,5500,0.0,0.0,ARLP,2m
2026-04-02 09:52:00-04:00,27.90999984741211,27.90999984741211,27.90999984741211,27.90999984741211,202,0.0,0.0,ARLP,2m
2026-04-02 09:54:00-04:00,27.885000228881836,27.885000228881836,27.885000228881836,27.885000228881836,281,0.0,0.0,ARLP,2m
2026-04-02 09:56:00-04:00,27.885000228881836,27.885000228881836,27.885000228881836,27.885000228881836,398,0.0,0.0,ARLP,2m
2026-04-02 09:58:00-04:00,27.865400314331055,27.865400314331055,27.865400314331055,27.865400314331055,894,0.0,0.0,ARLP,2m
2026-04-02 10:02:00-04:00,27.94499969482422,27.94499969482422,27.850099563598633,27.850099563598633,712,0.0,0.0,ARLP,2m
2026-04-02 10:04:00-04:00,27.94499969482422,27.959999084472656,27.94499969482422,27.959999084472656,1844,0.0,0.0,ARLP,2m
2026-04-02 10:08:00-04:00,27.950000762939453,27.950000762939453,27.950000762939453,27.950000762939453,527,0.0,0.0,ARLP,2m
2026-04-02 10:10:00-04:00,27.94499969482422,27.94499969482422,27.940000534057617,27.940000534057617,1199,0.0,0.0,ARLP,2m
2026-04-02 10:16:00-04:00,27.94499969482422,27.989999771118164,27.90999984741211,27.989999771118164,2300,0.0,0.0,ARLP,2m
2026-04-02 10:20:00-04:00,28.040000915527344,28.045000076293945,28.014999389648438,28.045000076293945,2324,0.0,0.0,ARLP,2m
2026-04-02 10:22:00-04:00,27.950000762939453,27.950000762939453,27.950000762939453,27.950000762939453,288,0.0,0.0,ARLP,2m
2026-04-02 10:24:00-04:00,27.950000762939453,27.950000762939453,27.920000076293945,27.920000076293945,1522,0.0,0.0,ARLP,2m
2026-04-02 10:30:00-04:00,27.905000686645508,27.905000686645508,27.905000686645508,27.905000686645508,303,0.0,0.0,ARLP,2m
2026-04-02 10:34:00-04:00,27.950000762939453,27.950000762939453,27.950000762939453,27.950000762939453,661,0.0,0.0,ARLP,2m
2026-04-02 10:36:00-04:00,27.954999923706055,28.049999237060547,27.954999923706055,27.954999923706055,3118,0.0,0.0,ARLP,2m
2026-04-02 10:40:00-04:00,27.950000762939453,27.954999923706055,27.950000762939453,27.954999923706055,499,0.0,0.0,ARLP,2m
2026-04-02 10:42:00-04:00,27.954999923706055,27.954999923706055,27.954999923706055,27.954999923706055,320,0.0,0.0,ARLP,2m
2026-04-02 10:44:00-04:00,27.86639976501465,28.125,27.86639976501465,28.125,894,0.0,0.0,ARLP,2m
2026-04-02 10:46:00-04:00,28.020000457763672,28.020000457763672,28.020000457763672,28.020000457763672,387,0.0,0.0,ARLP,2m
2026-04-02 10:48:00-04:00,28.136199951171875,28.15760040283203,28.136199951171875,28.15760040283203,671,0.0,0.0,ARLP,2m
2026-04-02 10:50:00-04:00,28.010000228881836,28.066099166870117,28.010000228881836,28.066099166870117,1040,0.0,0.0,ARLP,2m
2026-04-02 10:54:00-04:00,27.979999542236328,28.110000610351562,27.979999542236328,28.100000381469727,5039,0.0,0.0,ARLP,2m
2026-04-02 10:56:00-04:00,28.139999389648438,28.139999389648438,28.139999389648438,28.139999389648438,278,0.0,0.0,ARLP,2m
2026-04-02 10:58:00-04:00,28.100000381469727,28.100000381469727,28.100000381469727,28.100000381469727,133,0.0,0.0,ARLP,2m
2026-04-02 11:00:00-04:00,28.149999618530273,28.219900131225586,28.100000381469727,28.100000381469727,1458,0.0,0.0,ARLP,2m
2026-04-02 11:02:00-04:00,28.100000381469727,28.100000381469727,28.100000381469727,28.100000381469727,281,0.0,0.0,ARLP,2m
2026-04-02 11:04:00-04:00,28.219900131225586,28.219900131225586,27.990100860595703,27.990100860595703,679,0.0,0.0,ARLP,2m
2026-04-02 11:06:00-04:00,28.020000457763672,28.12529945373535,28.020000457763672,28.12529945373535,390,0.0,0.0,ARLP,2m
2026-04-02 11:08:00-04:00,28.12529945373535,28.12529945373535,28.104999542236328,28.104999542236328,1391,0.0,0.0,ARLP,2m
2026-04-02 11:12:00-04:00,28.110000610351562,28.149999618530273,28.110000610351562,28.149999618530273,306,0.0,0.0,ARLP,2m
2026-04-02 11:14:00-04:00,28.110000610351562,28.110000610351562,28.020000457763672,28.020000457763672,593,0.0,0.0,ARLP,2m
2026-04-02 11:16:00-04:00,28.239999771118164,28.25,28.239999771118164,28.25,2208,0.0,0.0,ARLP,2m
2026-04-02 11:18:00-04:00,28.239999771118164,28.25909996032715,28.239999771118164,28.25909996032715,778,0.0,0.0,ARLP,2m
2026-04-02 11:20:00-04:00,28.239500045776367,28.239500045776367,28.239500045776367,28.239500045776367,292,0.0,0.0,ARLP,2m
2026-04-02 11:22:00-04:00,28.15999984741211,28.15999984741211,28.15999984741211,28.15999984741211,191,0.0,0.0,ARLP,2m
2026-04-02 11:24:00-04:00,28.15999984741211,28.15999984741211,28.15999984741211,28.15999984741211,300,0.0,0.0,ARLP,2m
2026-04-02 11:28:00-04:00,28.1200008392334,28.170000076293945,28.1200008392334,28.170000076293945,971,0.0,0.0,ARLP,2m
2026-04-02 11:38:00-04:00,28.239900588989258,28.239900588989258,28.239900588989258,28.239900588989258,109,0.0,0.0,ARLP,2m
2026-04-02 11:40:00-04:00,28.15999984741211,28.15999984741211,28.15999984741211,28.15999984741211,703,0.0,0.0,ARLP,2m
2026-04-02 11:42:00-04:00,28.15999984741211,28.15999984741211,28.15999984741211,28.15999984741211,299,0.0,0.0,ARLP,2m
2026-04-02 11:46:00-04:00,28.142000198364258,28.142000198364258,28.142000198364258,28.142000198364258,644,0.0,0.0,ARLP,2m
2026-04-02 11:50:00-04:00,28.20680046081543,28.20680046081543,28.174999237060547,28.174999237060547,956,0.0,0.0,ARLP,2m
2026-04-02 11:52:00-04:00,28.1299991607666,28.1299991607666,28.1299991607666,28.1299991607666,1322,0.0,0.0,ARLP,2m
2026-04-02 12:06:00-04:00,28.13010025024414,28.13010025024414,28.13010025024414,28.13010025024414,799,0.0,0.0,ARLP,2m
2026-04-02 12:08:00-04:00,28.139999389648438,28.139999389648438,28.1200008392334,28.1200008392334,1770,0.0,0.0,ARLP,2m
2026-04-02 12:18:00-04:00,28.110000610351562,28.110000610351562,28.110000610351562,28.110000610351562,1304,0.0,0.0,ARLP,2m
2026-04-02 12:20:00-04:00,28.1200008392334,28.1200008392334,28.1200008392334,28.1200008392334,849,0.0,0.0,ARLP,2m
2026-04-02 12:30:00-04:00,28.1200008392334,28.1200008392334,28.1200008392334,28.1200008392334,363,0.0,0.0,ARLP,2m
2026-04-02 12:42:00-04:00,28.199899673461914,28.200000762939453,28.190000534057617,28.190000534057617,3202,0.0,0.0,ARLP,2m
2026-04-02 12:44:00-04:00,28.190000534057617,28.239999771118164,28.190000534057617,28.239999771118164,107,0.0,0.0,ARLP,2m
2026-04-02 12:46:00-04:00,28.190000534057617,28.219999313354492,28.190000534057617,28.219999313354492,601,0.0,0.0,ARLP,2m
2026-04-02 12:48:00-04:00,28.190000534057617,28.239999771118164,28.190000534057617,28.239999771118164,1301,0.0,0.0,ARLP,2m
2026-04-02 12:50:00-04:00,28.290000915527344,28.290000915527344,28.290000915527344,28.290000915527344,2438,0.0,0.0,ARLP,2m
2026-04-02 12:56:00-04:00,28.229999542236328,28.239999771118164,28.229999542236328,28.239999771118164,1870,0.0,0.0,ARLP,2m
2026-04-02 13:04:00-04:00,28.229999542236328,28.229999542236328,28.229999542236328,28.229999542236328,4388,0.0,0.0,ARLP,2m
2026-04-02 13:08:00-04:00,28.18000030517578,28.270000457763672,28.18000030517578,28.225000381469727,1277,0.0,0.0,ARLP,2m
2026-04-02 13:14:00-04:00,28.225000381469727,28.225000381469727,28.225000381469727,28.225000381469727,394,0.0,0.0,ARLP,2m
2026-04-02 13:20:00-04:00,28.209999084472656,28.260000228881836,28.209999084472656,28.260000228881836,547,0.0,0.0,ARLP,2m
2026-04-02 13:22:00-04:00,28.235000610351562,28.235000610351562,28.235000610351562,28.235000610351562,207,0.0,0.0,ARLP,2m
2026-04-02 13:24:00-04:00,28.235000610351562,28.235000610351562,28.21500015258789,28.21500015258789,1353,0.0,0.0,ARLP,2m
2026-04-02 13:30:00-04:00,28.229999542236328,28.229999542236328,28.229999542236328,28.229999542236328,614,0.0,0.0,ARLP,2m
2026-04-02 13:34:00-04:00,28.204999923706055,28.204999923706055,28.204999923706055,28.204999923706055,115,0.0,0.0,ARLP,2m
2026-04-02 13:36:00-04:00,28.204999923706055,28.204999923706055,28.18000030517578,28.18000030517578,891,0.0,0.0,ARLP,2m
2026-04-02 13:38:00-04:00,28.184999465942383,28.184999465942383,28.184999465942383,28.184999465942383,339,0.0,0.0,ARLP,2m
2026-04-02 13:40:00-04:00,28.184999465942383,28.184999465942383,28.184999465942383,28.184999465942383,128,0.0,0.0,ARLP,2m
2026-04-02 13:42:00-04:00,28.139999389648438,28.18000030517578,28.1299991607666,28.18000030517578,1015,0.0,0.0,ARLP,2m
2026-04-02 13:44:00-04:00,28.18000030517578,28.18000030517578,28.18000030517578,28.18000030517578,355,0.0,0.0,ARLP,2m
2026-04-02 13:46:00-04:00,28.1299991607666,28.18000030517578,28.1299991607666,28.18000030517578,3058,0.0,0.0,ARLP,2m
2026-04-02 13:56:00-04:00,28.1299991607666,28.1299991607666,28.1299991607666,28.1299991607666,732,0.0,0.0,ARLP,2m
2026-04-02 14:02:00-04:00,28.200000762939453,28.218399047851562,28.200000762939453,28.200000762939453,870,0.0,0.0,ARLP,2m
2026-04-02 14:04:00-04:00,28.219900131225586,28.229999542236328,28.219900131225586,28.229999542236328,737,0.0,0.0,ARLP,2m
2026-04-02 14:06:00-04:00,28.225000381469727,28.225000381469727,28.225000381469727,28.225000381469727,354,0.0,0.0,ARLP,2m
2026-04-02 14:12:00-04:00,28.225000381469727,28.225000381469727,28.225000381469727,28.225000381469727,589,0.0,0.0,ARLP,2m
2026-04-02 14:14:00-04:00,28.25,28.25,28.25,28.25,2164,0.0,0.0,ARLP,2m
2026-04-02 14:16:00-04:00,28.2549991607666,28.2549991607666,28.2549991607666,28.2549991607666,1571,0.0,0.0,ARLP,2m
2026-04-02 14:30:00-04:00,28.223600387573242,28.2450008392334,28.223600387573242,28.24489974975586,973,0.0,0.0,ARLP,2m
2026-04-02 14:32:00-04:00,28.280000686645508,28.280000686645508,28.280000686645508,28.280000686645508,600,0.0,0.0,ARLP,2m
2026-04-02 14:34:00-04:00,28.201400756835938,28.225000381469727,28.201400756835938,28.225000381469727,490,0.0,0.0,ARLP,2m
2026-04-02 14:36:00-04:00,28.229999542236328,28.229999542236328,28.201499938964844,28.201499938964844,463,0.0,0.0,ARLP,2m
2026-04-02 14:38:00-04:00,28.225000381469727,28.225000381469727,28.225000381469727,28.225000381469727,200,0.0,0.0,ARLP,2m
2026-04-02 14:40:00-04:00,28.225000381469727,28.225000381469727,28.225000381469727,28.225000381469727,209,0.0,0.0,ARLP,2m
2026-04-02 14:42:00-04:00,28.200000762939453,28.200000762939453,28.200000762939453,28.200000762939453,339,0.0,0.0,ARLP,2m
2026-04-02 14:44:00-04:00,28.25,28.25,28.25,28.25,484,0.0,0.0,ARLP,2m
2026-04-02 14:48:00-04:00,28.242000579833984,28.242000579833984,28.242000579833984,28.242000579833984,252,0.0,0.0,ARLP,2m
2026-04-02 14:50:00-04:00,28.274999618530273,28.274999618530273,28.274999618530273,28.274999618530273,358,0.0,0.0,ARLP,2m
2026-04-02 14:56:00-04:00,28.270000457763672,28.270000457763672,28.270000457763672,28.270000457763672,1993,0.0,0.0,ARLP,2m
2026-04-02 15:00:00-04:00,28.274999618530273,28.274999618530273,28.274999618530273,28.274999618530273,261,0.0,0.0,ARLP,2m
2026-04-02 15:02:00-04:00,28.260000228881836,28.270000457763672,28.260000228881836,28.270000457763672,771,0.0,0.0,ARLP,2m
2026-04-02 15:08:00-04:00,28.25,28.25,28.25,28.25,271,0.0,0.0,ARLP,2m
2026-04-02 15:10:00-04:00,28.242000579833984,28.242000579833984,28.229999542236328,28.229999542236328,905,0.0,0.0,ARLP,2m
2026-04-02 15:14:00-04:00,28.239999771118164,28.239999771118164,28.239999771118164,28.239999771118164,200,0.0,0.0,ARLP,2m
2026-04-02 15:16:00-04:00,28.239999771118164,28.239999771118164,28.18000030517578,28.18000030517578,2277,0.0,0.0,ARLP,2m
2026-04-02 15:18:00-04:00,28.149999618530273,28.149999618530273,28.149999618530273,28.149999618530273,2118,0.0,0.0,ARLP,2m
2026-04-02 15:22:00-04:00,28.18000030517578,28.18000030517578,28.18000030517578,28.18000030517578,242,0.0,0.0,ARLP,2m
2026-04-02 15:26:00-04:00,28.200000762939453,28.209999084472656,28.15999984741211,28.190000534057617,5873,0.0,0.0,ARLP,2m
2026-04-02 15:28:00-04:00,28.184999465942383,28.184999465942383,28.15999984741211,28.174999237060547,2312,0.0,0.0,ARLP,2m
2026-04-02 15:30:00-04:00,28.172500610351562,28.172500610351562,28.172500610351562,28.172500610351562,340,0.0,0.0,ARLP,2m
2026-04-02 15:32:00-04:00,28.19809913635254,28.19809913635254,28.19809913635254,28.19809913635254,416,0.0,0.0,ARLP,2m
2026-04-02 15:34:00-04:00,28.170000076293945,28.170000076293945,28.170000076293945,28.170000076293945,771,0.0,0.0,ARLP,2m
2026-04-02 15:36:00-04:00,28.165000915527344,28.18000030517578,28.149999618530273,28.174999237060547,3565,0.0,0.0,ARLP,2m
2026-04-02 15:38:00-04:00,28.174999237060547,28.200000762939453,28.174999237060547,28.18000030517578,837,0.0,0.0,ARLP,2m
2026-04-02 15:40:00-04:00,28.18000030517578,28.18000030517578,28.18000030517578,28.18000030517578,300,0.0,0.0,ARLP,2m
2026-04-02 15:42:00-04:00,28.18000030517578,28.190000534057617,28.15999984741211,28.190000534057617,2721,0.0,0.0,ARLP,2m
2026-04-02 15:44:00-04:00,28.19499969482422,28.260000228881836,28.19499969482422,28.225000381469727,1137,0.0,0.0,ARLP,2m
2026-04-02 15:46:00-04:00,28.19499969482422,28.19499969482422,28.178600311279297,28.178600311279297,220,0.0,0.0,ARLP,2m
2026-04-02 15:48:00-04:00,28.18000030517578,28.19499969482422,28.170000076293945,28.178800582885742,3022,0.0,0.0,ARLP,2m
2026-04-02 15:50:00-04:00,28.190000534057617,28.191299438476562,28.15999984741211,28.169599533081055,2553,0.0,0.0,ARLP,2m
2026-04-02 15:52:00-04:00,28.183399200439453,28.209999084472656,28.149999618530273,28.165000915527344,13814,0.0,0.0,ARLP,2m
2026-04-02 15:54:00-04:00,28.165000915527344,28.165000915527344,28.09040069580078,28.140100479125977,8131,0.0,0.0,ARLP,2m
2026-04-02 15:56:00-04:00,28.190000534057617,28.236299514770508,28.139999389648438,28.139999389648438,4756,0.0,0.0,ARLP,2m
2026-04-02 15:58:00-04:00,28.200000762939453,28.209999084472656,28.1299991607666,28.170000076293945,10263,0.0,0.0,ARLP,2m
2026-04-06 09:30:00-04:00,28.170000076293945,28.200000762939453,28.170000076293945,28.170000076293945,10266,0.0,0.0,ARLP,2m
2026-04-06 09:34:00-04:00,28.133100509643555,28.170000076293945,28.133100509643555,28.170000076293945,773,0.0,0.0,ARLP,2m
2026-04-06 09:38:00-04:00,28.170000076293945,28.170000076293945,28.170000076293945,28.170000076293945,1658,0.0,0.0,ARLP,2m
2026-04-06 09:42:00-04:00,28.170000076293945,28.170000076293945,28.170000076293945,28.170000076293945,501,0.0,0.0,ARLP,2m
2026-04-06 09:44:00-04:00,28.238000869750977,28.238000869750977,28.238000869750977,28.238000869750977,2022,0.0,0.0,ARLP,2m
2026-04-06 09:46:00-04:00,28.229999542236328,28.290000915527344,28.170000076293945,28.290000915527344,1595,0.0,0.0,ARLP,2m
2026-04-06 09:50:00-04:00,28.225000381469727,28.225000381469727,28.225000381469727,28.225000381469727,600,0.0,0.0,ARLP,2m
2026-04-06 09:52:00-04:00,28.170000076293945,28.25,28.100099563598633,28.25,1014,0.0,0.0,ARLP,2m
2026-04-06 09:54:00-04:00,28.110000610351562,28.219999313354492,28.110000610351562,28.219999313354492,557,0.0,0.0,ARLP,2m
2026-04-06 09:56:00-04:00,28.149999618530273,28.170000076293945,28.149999618530273,28.170000076293945,603,0.0,0.0,ARLP,2m
2026-04-06 09:58:00-04:00,28.219999313354492,28.219999313354492,28.219999313354492,28.219999313354492,292,0.0,0.0,ARLP,2m
2026-04-06 10:02:00-04:00,28.34000015258789,28.34000015258789,28.33180046081543,28.33180046081543,1579,0.0,0.0,ARLP,2m
2026-04-06 10:04:00-04:00,28.270000457763672,28.270000457763672,28.270000457763672,28.270000457763672,204,0.0,0.0,ARLP,2m
2026-04-06 10:10:00-04:00,28.270000457763672,28.270000457763672,28.270000457763672,28.270000457763672,1072,0.0,0.0,ARLP,2m
2026-04-06 10:18:00-04:00,28.200000762939453,28.200000762939453,28.200000762939453,28.200000762939453,765,0.0,0.0,ARLP,2m
2026-04-06 10:28:00-04:00,28.19499969482422,28.19499969482422,28.19499969482422,28.19499969482422,550,0.0,0.0,ARLP,2m
2026-04-06 10:30:00-04:00,28.19499969482422,28.19499969482422,28.19499969482422,28.19499969482422,842,0.0,0.0,ARLP,2m
2026-04-06 10:32:00-04:00,28.139999389648438,28.19499969482422,28.1299991607666,28.19499969482422,3078,0.0,0.0,ARLP,2m
2026-04-06 10:36:00-04:00,28.193099975585938,28.193099975585938,28.193099975585938,28.193099975585938,320,0.0,0.0,ARLP,2m
2026-04-06 10:38:00-04:00,28.19499969482422,28.19499969482422,28.19499969482422,28.19499969482422,457,0.0,0.0,ARLP,2m
2026-04-06 10:44:00-04:00,28.19499969482422,28.19499969482422,28.19499969482422,28.19499969482422,467,0.0,0.0,ARLP,2m
2026-04-06 10:50:00-04:00,28.260000228881836,28.290000915527344,28.25,28.280000686645508,2893,0.0,0.0,ARLP,2m
2026-04-06 10:52:00-04:00,28.129100799560547,28.289899826049805,28.129100799560547,28.289899826049805,1453,0.0,0.0,ARLP,2m
2026-04-06 10:54:00-04:00,28.19499969482422,28.28499984741211,28.19499969482422,28.28499984741211,1852,0.0,0.0,ARLP,2m
2026-04-06 11:00:00-04:00,28.289899826049805,28.289899826049805,28.289899826049805,28.289899826049805,713,0.0,0.0,ARLP,2m
2026-04-06 11:02:00-04:00,28.280000686645508,28.280000686645508,28.280000686645508,28.280000686645508,6499,0.0,0.0,ARLP,2m
2026-04-06 11:12:00-04:00,28.174999237060547,28.174999237060547,28.174999237060547,28.174999237060547,1535,0.0,0.0,ARLP,2m
2026-04-06 11:16:00-04:00,28.12700080871582,28.12700080871582,28.12700080871582,28.12700080871582,250,0.0,0.0,ARLP,2m
2026-04-06 11:18:00-04:00,28.101600646972656,28.174999237060547,28.101600646972656,28.1299991607666,617,0.0,0.0,ARLP,2m
2026-04-06 11:20:00-04:00,28.174999237060547,28.174999237060547,28.174999237060547,28.174999237060547,1058,0.0,0.0,ARLP,2m
2026-04-06 11:24:00-04:00,28.110000610351562,28.110000610351562,28.100000381469727,28.110000610351562,672,0.0,0.0,ARLP,2m
2026-04-06 11:26:00-04:00,28.145000457763672,28.145000457763672,28.145000457763672,28.145000457763672,800,0.0,0.0,ARLP,2m
2026-04-06 11:28:00-04:00,28.100200653076172,28.100200653076172,28.100000381469727,28.100000381469727,698,0.0,0.0,ARLP,2m
2026-04-06 11:30:00-04:00,28.11750030517578,28.11750030517578,28.094999313354492,28.094999313354492,1374,0.0,0.0,ARLP,2m
2026-04-06 11:32:00-04:00,28.094999313354492,28.09749984741211,28.094999313354492,28.094999313354492,256,0.0,0.0,ARLP,2m
2026-04-06 11:34:00-04:00,28.077299118041992,28.077299118041992,28.077299118041992,28.077299118041992,197,0.0,0.0,ARLP,2m
2026-04-06 11:38:00-04:00,28.094999313354492,28.094999313354492,28.094999313354492,28.094999313354492,535,0.0,0.0,ARLP,2m
2026-04-06 11:42:00-04:00,28.189899444580078,28.189899444580078,28.189899444580078,28.189899444580078,697,0.0,0.0,ARLP,2m
2026-04-06 11:50:00-04:00,28.084999084472656,28.084999084472656,28.084999084472656,28.084999084472656,391,0.0,0.0,ARLP,2m
2026-04-06 11:52:00-04:00,28.084999084472656,28.084999084472656,28.084999084472656,28.084999084472656,301,0.0,0.0,ARLP,2m
2026-04-06 11:54:00-04:00,28.084999084472656,28.084999084472656,28.084999084472656,28.084999084472656,302,0.0,0.0,ARLP,2m
2026-04-06 11:58:00-04:00,28.09000015258789,28.09000015258789,28.09000015258789,28.09000015258789,458,0.0,0.0,ARLP,2m
2026-04-06 12:00:00-04:00,28.1299991607666,28.1299991607666,28.1299991607666,28.1299991607666,804,0.0,0.0,ARLP,2m
2026-04-06 12:06:00-04:00,28.084999084472656,28.084999084472656,28.084999084472656,28.084999084472656,1943,0.0,0.0,ARLP,2m
2026-04-06 12:08:00-04:00,28.079999923706055,28.079999923706055,28.079999923706055,28.079999923706055,687,0.0,0.0,ARLP,2m
2026-04-06 12:10:00-04:00,28.065000534057617,28.065000534057617,28.065000534057617,28.065000534057617,1012,0.0,0.0,ARLP,2m
2026-04-06 12:18:00-04:00,28.139999389648438,28.139999389648438,28.1200008392334,28.1200008392334,1292,0.0,0.0,ARLP,2m
2026-04-06 12:22:00-04:00,28.1200008392334,28.1200008392334,28.1200008392334,28.1200008392334,100,0.0,0.0,ARLP,2m
2026-04-06 12:24:00-04:00,28.139999389648438,28.139999389648438,28.139999389648438,28.139999389648438,801,0.0,0.0,ARLP,2m
2026-04-06 12:26:00-04:00,28.109500885009766,28.109500885009766,28.109500885009766,28.109500885009766,549,0.0,0.0,ARLP,2m
2026-04-06 12:40:00-04:00,28.100099563598633,28.100099563598633,28.084999084472656,28.084999084472656,2160,0.0,0.0,ARLP,2m
2026-04-06 12:42:00-04:00,28.1200008392334,28.1200008392334,28.094999313354492,28.094999313354492,1148,0.0,0.0,ARLP,2m
2026-04-06 12:50:00-04:00,28.09000015258789,28.09000015258789,28.09000015258789,28.09000015258789,300,0.0,0.0,ARLP,2m
2026-04-06 12:52:00-04:00,28.1200008392334,28.1200008392334,28.1200008392334,28.1200008392334,748,0.0,0.0,ARLP,2m
2026-04-06 13:02:00-04:00,28.100000381469727,28.100000381469727,28.100000381469727,28.100000381469727,419,0.0,0.0,ARLP,2m
2026-04-06 13:06:00-04:00,28.129899978637695,28.129899978637695,28.129899978637695,28.129899978637695,178,0.0,0.0,ARLP,2m
2026-04-06 13:08:00-04:00,28.128700256347656,28.128700256347656,28.128700256347656,28.128700256347656,242,0.0,0.0,ARLP,2m
2026-04-06 13:10:00-04:00,28.1299991607666,28.1299991607666,28.1299991607666,28.1299991607666,271,0.0,0.0,ARLP,2m
2026-04-06 13:14:00-04:00,28.084999084472656,28.084999084472656,28.06999969482422,28.06999969482422,698,0.0,0.0,ARLP,2m
2026-04-06 13:18:00-04:00,28.078399658203125,28.078399658203125,28.078399658203125,28.078399658203125,460,0.0,0.0,ARLP,2m
2026-04-06 13:20:00-04:00,28.049999237060547,28.049999237060547,28.049999237060547,28.049999237060547,496,0.0,0.0,ARLP,2m
2026-04-06 13:30:00-04:00,28.084999084472656,28.084999084472656,28.084999084472656,28.084999084472656,759,0.0,0.0,ARLP,2m
2026-04-06 13:32:00-04:00,28.070100784301758,28.070100784301758,28.070100784301758,28.070100784301758,420,0.0,0.0,ARLP,2m
2026-04-06 13:34:00-04:00,28.100000381469727,28.100000381469727,28.100000381469727,28.100000381469727,846,0.0,0.0,ARLP,2m
2026-04-06 13:42:00-04:00,28.100000381469727,28.100000381469727,28.100000381469727,28.100000381469727,1653,0.0,0.0,ARLP,2m
2026-04-06 13:46:00-04:00,28.097999572753906,28.097999572753906,28.097999572753906,28.097999572753906,967,0.0,0.0,ARLP,2m
2026-04-06 14:02:00-04:00,28.10379981994629,28.10379981994629,28.100000381469727,28.100000381469727,464,0.0,0.0,ARLP,2m
2026-04-06 14:04:00-04:00,28.100000381469727,28.100000381469727,28.100000381469727,28.100000381469727,152,0.0,0.0,ARLP,2m
2026-04-06 14:06:00-04:00,28.110000610351562,28.110000610351562,28.110000610351562,28.110000610351562,265,0.0,0.0,ARLP,2m
2026-04-06 14:10:00-04:00,28.139999389648438,28.15999984741211,28.139999389648438,28.15999984741211,6489,0.0,0.0,ARLP,2m
2026-04-06 14:12:00-04:00,28.1200008392334,28.18000030517578,28.1200008392334,28.18000030517578,349,0.0,0.0,ARLP,2m
2026-04-06 14:14:00-04:00,28.18000030517578,28.239900588989258,28.18000030517578,28.18000030517578,624,0.0,0.0,ARLP,2m
2026-04-06 14:16:00-04:00,28.18000030517578,28.280000686645508,28.15999984741211,28.280000686645508,4964,0.0,0.0,ARLP,2m
2026-04-06 14:18:00-04:00,28.295000076293945,28.295000076293945,28.295000076293945,28.295000076293945,661,0.0,0.0,ARLP,2m
2026-04-06 14:20:00-04:00,28.339000701904297,28.339000701904297,28.339000701904297,28.339000701904297,148,0.0,0.0,ARLP,2m
2026-04-06 14:22:00-04:00,28.25,28.33989906311035,28.25,28.280099868774414,1352,0.0,0.0,ARLP,2m
2026-04-06 14:26:00-04:00,28.34000015258789,28.34000015258789,28.295000076293945,28.295000076293945,933,0.0,0.0,ARLP,2m
2026-04-06 14:28:00-04:00,28.280000686645508,28.280000686645508,28.280000686645508,28.280000686645508,605,0.0,0.0,ARLP,2m
2026-04-06 14:32:00-04:00,28.309999465942383,28.309999465942383,28.280000686645508,28.309999465942383,1217,0.0,0.0,ARLP,2m
2026-04-06 14:34:00-04:00,28.34000015258789,28.34000015258789,28.300100326538086,28.309999465942383,915,0.0,0.0,ARLP,2m
2026-04-06 14:36:00-04:00,28.34000015258789,28.34000015258789,28.309999465942383,28.309999465942383,927,0.0,0.0,ARLP,2m
2026-04-06 14:38:00-04:00,28.309999465942383,28.309999465942383,28.280099868774414,28.309999465942383,951,0.0,0.0,ARLP,2m
2026-04-06 14:40:00-04:00,28.32469940185547,28.329999923706055,28.299999237060547,28.299999237060547,505,0.0,0.0,ARLP,2m
2026-04-06 14:42:00-04:00,28.309999465942383,28.325000762939453,28.309999465942383,28.325000762939453,1708,0.0,0.0,ARLP,2m
2026-04-06 14:44:00-04:00,28.325000762939453,28.325000762939453,28.325000762939453,28.325000762939453,345,0.0,0.0,ARLP,2m
2026-04-06 14:46:00-04:00,28.32200050354004,28.32200050354004,28.32200050354004,28.32200050354004,212,0.0,0.0,ARLP,2m
2026-04-06 14:48:00-04:00,28.325000762939453,28.399799346923828,28.325000762939453,28.354999542236328,3919,0.0,0.0,ARLP,2m
2026-04-06 14:50:00-04:00,28.354999542236328,28.399900436401367,28.329999923706055,28.329999923706055,576,0.0,0.0,ARLP,2m
2026-04-06 14:52:00-04:00,28.320600509643555,28.349899291992188,28.309999465942383,28.325000762939453,2460,0.0,0.0,ARLP,2m
2026-04-06 14:54:00-04:00,28.334999084472656,28.334999084472656,28.334999084472656,28.334999084472656,429,0.0,0.0,ARLP,2m
2026-04-06 14:56:00-04:00,28.350000381469727,28.360000610351562,28.34000015258789,28.360000610351562,4818,0.0,0.0,ARLP,2m
2026-04-06 14:58:00-04:00,28.385000228881836,28.385000228881836,28.370899200439453,28.370899200439453,418,0.0,0.0,ARLP,2m
2026-04-06 15:00:00-04:00,28.385000228881836,28.385000228881836,28.385000228881836,28.385000228881836,1117,0.0,0.0,ARLP,2m
2026-04-06 15:02:00-04:00,28.389999389648438,28.389999389648438,28.389999389648438,28.389999389648438,1054,0.0,0.0,ARLP,2m
2026-04-06 15:04:00-04:00,28.360000610351562,28.360000610351562,28.360000610351562,28.360000610351562,1125,0.0,0.0,ARLP,2m
2026-04-06 15:06:00-04:00,28.360000610351562,28.360000610351562,28.360000610351562,28.360000610351562,648,0.0,0.0,ARLP,2m
2026-04-06 15:10:00-04:00,28.347299575805664,28.347299575805664,28.32200050354004,28.329999923706055,1494,0.0,0.0,ARLP,2m
2026-04-06 15:12:00-04:00,28.368000030517578,28.399999618530273,28.31999969482422,28.399999618530273,4562,0.0,0.0,ARLP,2m
2026-04-06 15:14:00-04:00,28.399999618530273,28.399999618530273,28.389999389648438,28.389999389648438,627,0.0,0.0,ARLP,2m
2026-04-06 15:16:00-04:00,28.389999389648438,28.389999389648438,28.299999237060547,28.309999465942383,3359,0.0,0.0,ARLP,2m
2026-04-06 15:18:00-04:00,28.334999084472656,28.334999084472656,28.290000915527344,28.334999084472656,1632,0.0,0.0,ARLP,2m
2026-04-06 15:20:00-04:00,28.290000915527344,28.290000915527344,28.290000915527344,28.290000915527344,291,0.0,0.0,ARLP,2m
2026-04-06 15:22:00-04:00,28.280000686645508,28.334999084472656,28.280000686645508,28.334999084472656,1344,0.0,0.0,ARLP,2m
2026-04-06 15:24:00-04:00,28.329999923706055,28.34000015258789,28.290000915527344,28.329999923706055,3102,0.0,0.0,ARLP,2m
2026-04-06 15:26:00-04:00,28.325000762939453,28.34000015258789,28.290000915527344,28.290000915527344,4086,0.0,0.0,ARLP,2m
2026-04-06 15:28:00-04:00,28.263700485229492,28.263700485229492,28.263700485229492,28.263700485229492,82,0.0,0.0,ARLP,2m
2026-04-06 15:32:00-04:00,28.290000915527344,28.299999237060547,28.290000915527344,28.290000915527344,2467,0.0,0.0,ARLP,2m
2026-04-06 15:34:00-04:00,28.290000915527344,28.290000915527344,28.290000915527344,28.290000915527344,1636,0.0,0.0,ARLP,2m
2026-04-06 15:36:00-04:00,28.309999465942383,28.329999923706055,28.309999465942383,28.329999923706055,4607,0.0,0.0,ARLP,2m
2026-04-06 15:38:00-04:00,28.329999923706055,28.329999923706055,28.309999465942383,28.329999923706055,5826,0.0,0.0,ARLP,2m
2026-04-06 15:40:00-04:00,28.329999923706055,28.329999923706055,28.309999465942383,28.309999465942383,1367,0.0,0.0,ARLP,2m
2026-04-06 15:42:00-04:00,28.31570053100586,28.31999969482422,28.299999237060547,28.299999237060547,5682,0.0,0.0,ARLP,2m
2026-04-06 15:44:00-04:00,28.260000228881836,28.299999237060547,28.260000228881836,28.299999237060547,6735,0.0,0.0,ARLP,2m
2026-04-06 15:48:00-04:00,28.263999938964844,28.34000015258789,28.260299682617188,28.260299682617188,1344,0.0,0.0,ARLP,2m
2026-04-06 15:50:00-04:00,28.260000228881836,28.274999618530273,28.170000076293945,28.274999618530273,15674,0.0,0.0,ARLP,2m
2026-04-06 15:52:00-04:00,28.260000228881836,28.280000686645508,28.240100860595703,28.280000686645508,2637,0.0,0.0,ARLP,2m
2026-04-06 15:54:00-04:00,28.253799438476562,28.253799438476562,28.15290069580078,28.15290069580078,11573,0.0,0.0,ARLP,2m
2026-04-06 15:56:00-04:00,28.15999984741211,28.19499969482422,28.15999984741211,28.16010093688965,2237,0.0,0.0,ARLP,2m
2026-04-06 15:58:00-04:00,28.165000915527344,28.219999313354492,28.15999984741211,28.18000030517578,23821,0.0,0.0,ARLP,2m
2026-04-07 09:30:00-04:00,28.260000228881836,28.270000457763672,28.209999084472656,28.209999084472656,13364,0.0,0.0,ARLP,2m
2026-04-07 09:32:00-04:00,28.270000457763672,28.270000457763672,28.219999313354492,28.219999313354492,7457,0.0,0.0,ARLP,2m
2026-04-07 09:38:00-04:00,28.3799991607666,28.3799991607666,28.3799991607666,28.3799991607666,1111,0.0,0.0,ARLP,2m
2026-04-07 09:40:00-04:00,28.38990020751953,28.38990020751953,28.38990020751953,28.38990020751953,404,0.0,0.0,ARLP,2m
2026-04-07 09:42:00-04:00,28.200000762939453,28.21500015258789,28.06999969482422,28.21500015258789,1966,0.0,0.0,ARLP,2m
2026-04-07 09:44:00-04:00,28.21500015258789,28.21500015258789,28.21500015258789,28.21500015258789,292,0.0,0.0,ARLP,2m
2026-04-07 09:50:00-04:00,28.155000686645508,28.155000686645508,28.155000686645508,28.155000686645508,245,0.0,0.0,ARLP,2m
2026-04-07 09:52:00-04:00,28.170000076293945,28.170000076293945,28.170000076293945,28.170000076293945,567,0.0,0.0,ARLP,2m
2026-04-07 09:56:00-04:00,28.155000686645508,28.155000686645508,28.07159996032715,28.07159996032715,1561,0.0,0.0,ARLP,2m
2026-04-07 09:58:00-04:00,28.155000686645508,28.155000686645508,28.155000686645508,28.155000686645508,272,0.0,0.0,ARLP,2m
2026-04-07 10:04:00-04:00,28.079999923706055,28.079999923706055,28.010000228881836,28.010000228881836,1590,0.0,0.0,ARLP,2m
2026-04-07 10:06:00-04:00,28.1200008392334,28.1200008392334,27.899999618530273,27.899999618530273,15850,0.0,0.0,ARLP,2m
2026-04-07 10:08:00-04:00,27.979999542236328,27.979999542236328,27.899999618530273,27.975000381469727,7151,0.0,0.0,ARLP,2m
2026-04-07 10:10:00-04:00,27.975000381469727,27.975000381469727,27.975000381469727,27.975000381469727,1578,0.0,0.0,ARLP,2m
2026-04-07 10:12:00-04:00,27.975000381469727,27.975000381469727,27.975000381469727,27.975000381469727,750,0.0,0.0,ARLP,2m
2026-04-07 10:14:00-04:00,27.975000381469727,28.0,27.975000381469727,28.0,2227,0.0,0.0,ARLP,2m
2026-04-07 10:16:00-04:00,27.969999313354492,28.010000228881836,27.950000762939453,27.975000381469727,7762,0.0,0.0,ARLP,2m
2026-04-07 10:18:00-04:00,27.934999465942383,27.96500015258789,27.934999465942383,27.96500015258789,1261,0.0,0.0,ARLP,2m
2026-04-07 10:20:00-04:00,27.969999313354492,28.04199981689453,27.920000076293945,28.04199981689453,8927,0.0,0.0,ARLP,2m
2026-04-07 10:22:00-04:00,28.020000457763672,28.06999969482422,28.020000457763672,28.06999969482422,902,0.0,0.0,ARLP,2m
2026-04-07 10:26:00-04:00,28.079999923706055,28.09000015258789,28.079999923706055,28.09000015258789,3397,0.0,0.0,ARLP,2m
2026-04-07 10:28:00-04:00,28.110000610351562,28.110000610351562,28.110000610351562,28.110000610351562,933,0.0,0.0,ARLP,2m
2026-04-07 10:30:00-04:00,28.110000610351562,28.110000610351562,28.110000610351562,28.110000610351562,392,0.0,0.0,ARLP,2m
2026-04-07 10:32:00-04:00,28.110000610351562,28.110000610351562,28.110000610351562,28.110000610351562,206,0.0,0.0,ARLP,2m
2026-04-07 10:36:00-04:00,28.049999237060547,28.049999237060547,28.049999237060547,28.049999237060547,3282,0.0,0.0,ARLP,2m
2026-04-07 10:40:00-04:00,28.104999542236328,28.104999542236328,28.104999542236328,28.104999542236328,2189,0.0,0.0,ARLP,2m
2026-04-07 10:42:00-04:00,28.20989990234375,28.20989990234375,28.20989990234375,28.20989990234375,356,0.0,0.0,ARLP,2m
2026-04-07 10:44:00-04:00,28.139999389648438,28.139999389648438,28.100000381469727,28.100000381469727,3620,0.0,0.0,ARLP,2m
2026-04-07 10:48:00-04:00,28.100000381469727,28.100000381469727,28.100000381469727,28.100000381469727,1100,0.0,0.0,ARLP,2m
2026-04-07 10:58:00-04:00,28.139999389648438,28.139999389648438,28.102800369262695,28.102800369262695,1380,0.0,0.0,ARLP,2m
2026-04-07 11:00:00-04:00,28.100000381469727,28.100000381469727,28.100000381469727,28.100000381469727,838,0.0,0.0,ARLP,2m
2026-04-07 11:04:00-04:00,28.104999542236328,28.104999542236328,28.104999542236328,28.104999542236328,516,0.0,0.0,ARLP,2m
2026-04-07 11:06:00-04:00,28.110000610351562,28.110000610351562,28.110000610351562,28.110000610351562,603,0.0,0.0,ARLP,2m
2026-04-07 11:10:00-04:00,28.110000610351562,28.110000610351562,28.110000610351562,28.110000610351562,410,0.0,0.0,ARLP,2m
2026-04-07 11:12:00-04:00,28.110000610351562,28.110000610351562,28.110000610351562,28.110000610351562,300,0.0,0.0,ARLP,2m
2026-04-07 11:14:00-04:00,28.049999237060547,28.049999237060547,28.049999237060547,28.049999237060547,409,0.0,0.0,ARLP,2m
2026-04-07 11:16:00-04:00,28.09000015258789,28.149999618530273,28.09000015258789,28.149999618530273,678,0.0,0.0,ARLP,2m
2026-04-07 11:20:00-04:00,28.103200912475586,28.103200912475586,28.103200912475586,28.103200912475586,372,0.0,0.0,ARLP,2m
2026-04-07 11:32:00-04:00,28.104000091552734,28.104000091552734,28.104000091552734,28.104000091552734,350,0.0,0.0,ARLP,2m
2026-04-07 11:34:00-04:00,28.024700164794922,28.024700164794922,28.024700164794922,28.024700164794922,362,0.0,0.0,ARLP,2m
2026-04-07 11:38:00-04:00,28.1200008392334,28.200000762939453,28.1200008392334,28.200000762939453,7971,0.0,0.0,ARLP,2m
2026-04-07 11:48:00-04:00,28.139999389648438,28.139999389648438,28.139999389648438,28.139999389648438,1292,0.0,0.0,ARLP,2m
2026-04-07 11:58:00-04:00,28.030000686645508,28.030000686645508,28.030000686645508,28.030000686645508,1154,0.0,0.0,ARLP,2m
2026-04-07 12:06:00-04:00,28.084999084472656,28.084999084472656,28.084999084472656,28.084999084472656,342,0.0,0.0,ARLP,2m
2026-04-07 12:08:00-04:00,28.084999084472656,28.084999084472656,28.084999084472656,28.084999084472656,598,0.0,0.0,ARLP,2m
2026-04-07 12:12:00-04:00,28.059999465942383,28.059999465942383,28.030000686645508,28.030000686645508,1815,0.0,0.0,ARLP,2m
2026-04-07 12:14:00-04:00,28.010000228881836,28.020000457763672,28.0,28.020000457763672,4059,0.0,0.0,ARLP,2m
2026-04-07 12:16:00-04:00,28.020000457763672,28.020000457763672,28.020000457763672,28.020000457763672,3091,0.0,0.0,ARLP,2m
2026-04-07 12:18:00-04:00,28.01889991760254,28.01889991760254,28.01889991760254,28.01889991760254,343,0.0,0.0,ARLP,2m
2026-04-07 12:20:00-04:00,27.979999542236328,27.979999542236328,27.979999542236328,27.979999542236328,106,0.0,0.0,ARLP,2m
2026-04-07 12:22:00-04:00,28.020000457763672,28.020000457763672,28.020000457763672,28.020000457763672,747,0.0,0.0,ARLP,2m
2026-04-07 12:28:00-04:00,28.020000457763672,28.020000457763672,28.020000457763672,28.020000457763672,1021,0.0,0.0,ARLP,2m
2026-04-07 12:30:00-04:00,28.0,28.0,28.0,28.0,238,0.0,0.0,ARLP,2m
2026-04-07 12:32:00-04:00,28.05900001525879,28.05900001525879,27.979999542236328,27.979999542236328,1819,0.0,0.0,ARLP,2m
2026-04-07 12:36:00-04:00,27.979999542236328,27.9950008392334,27.920000076293945,27.93000030517578,6414,0.0,0.0,ARLP,2m
2026-04-07 12:38:00-04:00,27.950000762939453,27.959999084472656,27.950000762939453,27.959999084472656,2247,0.0,0.0,ARLP,2m
2026-04-07 12:44:00-04:00,28.0,28.0,27.936399459838867,27.936399459838867,822,0.0,0.0,ARLP,2m
2026-04-07 12:48:00-04:00,27.950000762939453,27.950000762939453,27.950000762939453,27.950000762939453,456,0.0,0.0,ARLP,2m
2026-04-07 12:50:00-04:00,27.934999465942383,27.934999465942383,27.934999465942383,27.934999465942383,346,0.0,0.0,ARLP,2m
2026-04-07 12:52:00-04:00,27.950000762939453,27.950000762939453,27.940000534057617,27.940000534057617,3609,0.0,0.0,ARLP,2m
2026-04-07 13:00:00-04:00,27.93000030517578,27.93000030517578,27.93000030517578,27.93000030517578,726,0.0,0.0,ARLP,2m
2026-04-07 13:02:00-04:00,27.94499969482422,27.94499969482422,27.94499969482422,27.94499969482422,1990,0.0,0.0,ARLP,2m
2026-04-07 13:24:00-04:00,27.95800018310547,27.95800018310547,27.95800018310547,27.95800018310547,209,0.0,0.0,ARLP,2m
2026-04-07 13:26:00-04:00,27.973400115966797,27.973400115966797,27.973400115966797,27.973400115966797,269,0.0,0.0,ARLP,2m
2026-04-07 13:28:00-04:00,27.96500015258789,27.96500015258789,27.940500259399414,27.940500259399414,2208,0.0,0.0,ARLP,2m
2026-04-07 13:30:00-04:00,27.96500015258789,27.96500015258789,27.96500015258789,27.96500015258789,356,0.0,0.0,ARLP,2m
2026-04-07 13:32:00-04:00,27.989999771118164,28.0,27.989999771118164,28.0,2397,0.0,0.0,ARLP,2m
2026-04-07 13:36:00-04:00,28.0447998046875,28.0447998046875,28.0447998046875,28.0447998046875,2177,0.0,0.0,ARLP,2m
2026-04-07 13:48:00-04:00,27.934999465942383,27.950000762939453,27.934999465942383,27.950000762939453,1155,0.0,0.0,ARLP,2m
2026-04-07 13:50:00-04:00,27.930299758911133,27.959999084472656,27.930299758911133,27.959999084472656,872,0.0,0.0,ARLP,2m
2026-04-07 13:52:00-04:00,27.950000762939453,27.950000762939453,27.950000762939453,27.950000762939453,104,0.0,0.0,ARLP,2m
2026-04-07 13:54:00-04:00,27.969999313354492,27.969999313354492,27.969999313354492,27.969999313354492,190,0.0,0.0,ARLP,2m
2026-04-07 13:58:00-04:00,27.989900588989258,27.989900588989258,27.95400047302246,27.954099655151367,3620,0.0,0.0,ARLP,2m
2026-04-07 14:00:00-04:00,28.0,28.0,27.954999923706055,27.954999923706055,561,0.0,0.0,ARLP,2m
2026-04-07 14:02:00-04:00,27.950000762939453,27.950000762939453,27.950000762939453,27.950000762939453,853,0.0,0.0,ARLP,2m
2026-04-07 14:06:00-04:00,27.899999618530273,27.899999618530273,27.899999618530273,27.899999618530273,1034,0.0,0.0,ARLP,2m
2026-04-07 14:08:00-04:00,27.905000686645508,27.90999984741211,27.891000747680664,27.891000747680664,1999,0.0,0.0,ARLP,2m
2026-04-07 14:10:00-04:00,27.885000228881836,27.889999389648438,27.860000610351562,27.8799991607666,12706,0.0,0.0,ARLP,2m
2026-04-07 14:12:00-04:00,27.8799991607666,27.889999389648438,27.790000915527344,27.799999237060547,9048,0.0,0.0,ARLP,2m
2026-04-07 14:14:00-04:00,27.809999465942383,27.809999465942383,27.809999465942383,27.809999465942383,637,0.0,0.0,ARLP,2m
2026-04-07 14:16:00-04:00,27.805700302124023,27.809999465942383,27.805700302124023,27.809999465942383,1629,0.0,0.0,ARLP,2m
2026-04-07 14:22:00-04:00,27.809999465942383,27.8700008392334,27.809999465942383,27.8700008392334,4281,0.0,0.0,ARLP,2m
2026-04-07 14:34:00-04:00,27.800100326538086,27.84000015258789,27.800100326538086,27.84000015258789,957,0.0,0.0,ARLP,2m
2026-04-07 14:38:00-04:00,27.854999542236328,27.854999542236328,27.854999542236328,27.854999542236328,1296,0.0,0.0,ARLP,2m
2026-04-07 14:46:00-04:00,27.854999542236328,27.854999542236328,27.844999313354492,27.844999313354492,2022,0.0,0.0,ARLP,2m
2026-04-07 14:54:00-04:00,27.84000015258789,27.84000015258789,27.84000015258789,27.84000015258789,3971,0.0,0.0,ARLP,2m
2026-04-07 15:04:00-04:00,27.799999237060547,27.799999237060547,27.790000915527344,27.799999237060547,5764,0.0,0.0,ARLP,2m
2026-04-07 15:08:00-04:00,27.790000915527344,27.795000076293945,27.790000915527344,27.795000076293945,579,0.0,0.0,ARLP,2m
2026-04-07 15:10:00-04:00,27.799999237060547,27.799999237060547,27.799999237060547,27.799999237060547,1908,0.0,0.0,ARLP,2m
2026-04-07 15:12:00-04:00,27.829999923706055,27.829999923706055,27.81999969482422,27.81999969482422,1268,0.0,0.0,ARLP,2m
2026-04-07 15:18:00-04:00,27.81999969482422,27.84000015258789,27.81999969482422,27.84000015258789,2662,0.0,0.0,ARLP,2m
2026-04-07 15:26:00-04:00,27.84000015258789,27.860000610351562,27.84000015258789,27.84000015258789,4699,0.0,0.0,ARLP,2m
2026-04-07 15:28:00-04:00,27.829999923706055,27.829999923706055,27.829999923706055,27.829999923706055,873,0.0,0.0,ARLP,2m
2026-04-07 15:32:00-04:00,27.859899520874023,27.859899520874023,27.829999923706055,27.829999923706055,730,0.0,0.0,ARLP,2m
2026-04-07 15:34:00-04:00,27.829999923706055,27.829999923706055,27.801000595092773,27.801000595092773,667,0.0,0.0,ARLP,2m
2026-04-07 15:36:00-04:00,27.802000045776367,27.825000762939453,27.799999237060547,27.799999237060547,3925,0.0,0.0,ARLP,2m
2026-04-07 15:38:00-04:00,27.799999237060547,27.799999237060547,27.799999237060547,27.799999237060547,395,0.0,0.0,ARLP,2m
2026-04-07 15:40:00-04:00,27.799999237060547,27.809999465942383,27.799999237060547,27.809999465942383,1965,0.0,0.0,ARLP,2m
2026-04-07 15:42:00-04:00,27.799999237060547,27.825000762939453,27.799999237060547,27.825000762939453,925,0.0,0.0,ARLP,2m
2026-04-07 15:44:00-04:00,27.859899520874023,27.860000610351562,27.834999084472656,27.834999084472656,1287,0.0,0.0,ARLP,2m
2026-04-07 15:46:00-04:00,27.85569953918457,27.85569953918457,27.84000015258789,27.84000015258789,692,0.0,0.0,ARLP,2m
2026-04-07 15:48:00-04:00,27.857799530029297,27.857799530029297,27.857799530029297,27.857799530029297,274,0.0,0.0,ARLP,2m
2026-04-07 15:50:00-04:00,27.851900100708008,27.851900100708008,27.844999313354492,27.844999313354492,979,0.0,0.0,ARLP,2m
2026-04-07 15:52:00-04:00,27.8700008392334,27.8700008392334,27.84000015258789,27.860000610351562,3744,0.0,0.0,ARLP,2m
2026-04-07 15:54:00-04:00,27.899999618530273,27.90999984741211,27.84000015258789,27.849899291992188,5565,0.0,0.0,ARLP,2m
2026-04-07 15:56:00-04:00,27.799999237060547,27.809999465942383,27.75,27.770000457763672,8785,0.0,0.0,ARLP,2m
2026-04-07 15:58:00-04:00,27.760000228881836,27.770000457763672,27.729999542236328,27.729999542236328,23913,0.0,0.0,ARLP,2m
2026-04-08 09:30:00-04:00,27.261699676513672,27.329999923706055,26.800100326538086,26.800100326538086,44840,0.0,0.0,ARLP,2m
2026-04-08 09:32:00-04:00,26.80069923400879,26.96660041809082,26.80069923400879,26.822900772094727,1243,0.0,0.0,ARLP,2m
2026-04-08 09:34:00-04:00,26.799999237060547,26.81999969482422,26.790000915527344,26.799999237060547,2578,0.0,0.0,ARLP,2m
2026-04-08 09:36:00-04:00,26.889999389648438,26.899999618530273,26.799999237060547,26.889999389648438,3470,0.0,0.0,ARLP,2m
2026-04-08 09:38:00-04:00,26.889999389648438,26.899999618530273,26.75,26.75,17096,0.0,0.0,ARLP,2m
2026-04-08 09:40:00-04:00,26.829999923706055,26.829999923706055,26.829999923706055,26.829999923706055,4813,0.0,0.0,ARLP,2m
2026-04-08 09:42:00-04:00,26.829999923706055,26.829999923706055,26.825000762939453,26.825000762939453,2908,0.0,0.0,ARLP,2m
2026-04-08 09:44:00-04:00,26.825000762939453,26.914400100708008,26.825000762939453,26.8700008392334,1350,0.0,0.0,ARLP,2m
2026-04-08 09:46:00-04:00,26.795000076293945,26.809999465942383,26.780000686645508,26.802499771118164,2330,0.0,0.0,ARLP,2m
2026-04-08 09:48:00-04:00,26.889999389648438,27.0,26.820100784301758,26.93000030517578,3976,0.0,0.0,ARLP,2m
2026-04-08 09:50:00-04:00,26.822200775146484,26.822200775146484,26.809999465942383,26.809999465942383,5113,0.0,0.0,ARLP,2m
2026-04-08 09:52:00-04:00,26.690000534057617,26.790000915527344,26.649999618530273,26.790000915527344,1934,0.0,0.0,ARLP,2m
2026-04-08 09:54:00-04:00,26.795000076293945,26.92140007019043,26.639999389648438,26.674999237060547,15328,0.0,0.0,ARLP,2m
2026-04-08 09:56:00-04:00,26.59000015258789,26.65999984741211,26.559999465942383,26.56999969482422,6115,0.0,0.0,ARLP,2m
2026-04-08 09:58:00-04:00,26.600000381469727,26.700000762939453,26.549999237060547,26.610000610351562,7783,0.0,0.0,ARLP,2m
2026-04-08 10:00:00-04:00,26.610000610351562,26.7450008392334,26.610000610351562,26.690000534057617,4840,0.0,0.0,ARLP,2m
2026-04-08 10:02:00-04:00,26.670000076293945,26.7450008392334,26.670000076293945,26.7450008392334,501,0.0,0.0,ARLP,2m
2026-04-08 10:04:00-04:00,26.709999084472656,26.799999237060547,26.670000076293945,26.7549991607666,7192,0.0,0.0,ARLP,2m
2026-04-08 10:06:00-04:00,26.684999465942383,26.7549991607666,26.684999465942383,26.739999771118164,2957,0.0,0.0,ARLP,2m
2026-04-08 10:08:00-04:00,26.799999237060547,26.799999237060547,26.709999084472656,26.7549991607666,4789,0.0,0.0,ARLP,2m
2026-04-08 10:10:00-04:00,26.739999771118164,26.739999771118164,26.739999771118164,26.739999771118164,1453,0.0,0.0,ARLP,2m
2026-04-08 10:12:00-04:00,26.7549991607666,26.7549991607666,26.719999313354492,26.719999313354492,1351,0.0,0.0,ARLP,2m
2026-04-08 10:14:00-04:00,26.71380043029785,26.844999313354492,26.71380043029785,26.844999313354492,2976,0.0,0.0,ARLP,2m
2026-04-08 10:16:00-04:00,26.844999313354492,26.844999313354492,26.844999313354492,26.844999313354492,1557,0.0,0.0,ARLP,2m
2026-04-08 10:18:00-04:00,26.799999237060547,26.82469940185547,26.75,26.82469940185547,1798,0.0,0.0,ARLP,2m
2026-04-08 10:20:00-04:00,26.810199737548828,26.810199737548828,26.729999542236328,26.729999542236328,3517,0.0,0.0,ARLP,2m
2026-04-08 10:22:00-04:00,26.729999542236328,26.78499984741211,26.719999313354492,26.78499984741211,2576,0.0,0.0,ARLP,2m
2026-04-08 10:24:00-04:00,26.78499984741211,26.864999771118164,26.78499984741211,26.809999465942383,3412,0.0,0.0,ARLP,2m
2026-04-08 10:26:00-04:00,26.824600219726562,26.824600219726562,26.760000228881836,26.760000228881836,472,0.0,0.0,ARLP,2m
2026-04-08 10:28:00-04:00,26.760000228881836,26.809999465942383,26.739999771118164,26.75,1847,0.0,0.0,ARLP,2m
2026-04-08 10:30:00-04:00,26.75,26.795000076293945,26.740100860595703,26.760000228881836,1374,0.0,0.0,ARLP,2m
2026-04-08 10:32:00-04:00,26.795000076293945,26.795000076293945,26.795000076293945,26.795000076293945,1162,0.0,0.0,ARLP,2m
2026-04-08 10:34:00-04:00,26.770000457763672,26.81999969482422,26.729999542236328,26.799999237060547,8970,0.0,0.0,ARLP,2m
2026-04-08 10:36:00-04:00,26.8700008392334,26.8700008392334,26.864999771118164,26.864999771118164,853,0.0,0.0,ARLP,2m
2026-04-08 10:38:00-04:00,26.979900360107422,26.979999542236328,26.959999084472656,26.979999542236328,5409,0.0,0.0,ARLP,2m
2026-04-08 10:40:00-04:00,26.905000686645508,26.920000076293945,26.889999389648438,26.920000076293945,1078,0.0,0.0,ARLP,2m
2026-04-08 10:42:00-04:00,26.899999618530273,26.989900588989258,26.899999618530273,26.989900588989258,1604,0.0,0.0,ARLP,2m
2026-04-08 10:44:00-04:00,26.969999313354492,27.0,26.940000534057617,26.940000534057617,5233,0.0,0.0,ARLP,2m
2026-04-08 10:46:00-04:00,26.93000030517578,26.93000030517578,26.8700008392334,26.8700008392334,687,0.0,0.0,ARLP,2m
2026-04-08 10:50:00-04:00,26.88450050354004,26.899999618530273,26.809999465942383,26.899999618530273,5522,0.0,0.0,ARLP,2m
2026-04-08 10:52:00-04:00,26.8700008392334,26.989999771118164,26.8700008392334,26.905399322509766,1007,0.0,0.0,ARLP,2m
2026-04-08 10:54:00-04:00,26.8799991607666,26.8799991607666,26.875,26.875,317,0.0,0.0,ARLP,2m
2026-04-08 10:56:00-04:00,26.8700008392334,26.920000076293945,26.8700008392334,26.920000076293945,1744,0.0,0.0,ARLP,2m
2026-04-08 10:58:00-04:00,26.93000030517578,26.93000030517578,26.8799991607666,26.93000030517578,1648,0.0,0.0,ARLP,2m
2026-04-08 11:00:00-04:00,26.8799991607666,26.8799991607666,26.8700008392334,26.8700008392334,760,0.0,0.0,ARLP,2m
2026-04-08 11:02:00-04:00,26.924999237060547,26.924999237060547,26.8700008392334,26.8700008392334,1137,0.0,0.0,ARLP,2m
2026-04-08 11:04:00-04:00,26.899999618530273,26.905000686645508,26.829999923706055,26.829999923706055,1829,0.0,0.0,ARLP,2m
2026-04-08 11:08:00-04:00,26.81999969482422,26.81999969482422,26.81999969482422,26.81999969482422,505,0.0,0.0,ARLP,2m
2026-04-08 11:10:00-04:00,26.8799991607666,26.8799991607666,26.809999465942383,26.809999465942383,1769,0.0,0.0,ARLP,2m
2026-04-08 11:12:00-04:00,26.809999465942383,26.809999465942383,26.799999237060547,26.799999237060547,1133,0.0,0.0,ARLP,2m
2026-04-08 11:14:00-04:00,26.780000686645508,26.854999542236328,26.780000686645508,26.854999542236328,1723,0.0,0.0,ARLP,2m
2026-04-08 11:16:00-04:00,26.770000457763672,26.799999237060547,26.770000457763672,26.770000457763672,2021,0.0,0.0,ARLP,2m
2026-04-08 11:18:00-04:00,26.75,26.75,26.700000762939453,26.709999084472656,4430,0.0,0.0,ARLP,2m
2026-04-08 11:20:00-04:00,26.770000457763672,26.790000915527344,26.719999313354492,26.719999313354492,2848,0.0,0.0,ARLP,2m
2026-04-08 11:22:00-04:00,26.709999084472656,26.809999465942383,26.709999084472656,26.75,3352,0.0,0.0,ARLP,2m
2026-04-08 11:24:00-04:00,26.719999313354492,26.719999313354492,26.709999084472656,26.709999084472656,1012,0.0,0.0,ARLP,2m
2026-04-08 11:26:00-04:00,26.7450008392334,26.802499771118164,26.739999771118164,26.760000228881836,13763,0.0,0.0,ARLP,2m
2026-04-08 11:28:00-04:00,26.739999771118164,26.739999771118164,26.68000030517578,26.68000030517578,6766,0.0,0.0,ARLP,2m
2026-04-08 11:30:00-04:00,26.71500015258789,26.719999313354492,26.670000076293945,26.690000534057617,10934,0.0,0.0,ARLP,2m
2026-04-08 11:32:00-04:00,26.68000030517578,26.780000686645508,26.68000030517578,26.780000686645508,3905,0.0,0.0,ARLP,2m
2026-04-08 11:34:00-04:00,26.770000457763672,26.770000457763672,26.770000457763672,26.770000457763672,504,0.0,0.0,ARLP,2m
2026-04-08 11:36:00-04:00,26.770000457763672,26.770000457763672,26.770000457763672,26.770000457763672,1665,0.0,0.0,ARLP,2m
2026-04-08 11:38:00-04:00,26.84000015258789,26.84000015258789,26.72010040283203,26.84000015258789,1989,0.0,0.0,ARLP,2m
2026-04-08 11:40:00-04:00,26.729999542236328,26.825000762939453,26.729999542236328,26.825000762939453,2305,0.0,0.0,ARLP,2m
2026-04-08 11:46:00-04:00,26.889999389648438,26.950000762939453,26.844999313354492,26.950000762939453,4916,0.0,0.0,ARLP,2m
2026-04-08 11:48:00-04:00,26.959999084472656,26.959999084472656,26.8799991607666,26.950000762939453,8104,0.0,0.0,ARLP,2m
2026-04-08 11:50:00-04:00,26.981399536132812,27.048099517822266,26.93000030517578,26.954999923706055,8586,0.0,0.0,ARLP,2m
2026-04-08 11:52:00-04:00,26.954999923706055,26.954999923706055,26.954999923706055,26.954999923706055,651,0.0,0.0,ARLP,2m
2026-04-08 11:54:00-04:00,26.924999237060547,26.934999465942383,26.924999237060547,26.934999465942383,1576,0.0,0.0,ARLP,2m
2026-04-08 11:56:00-04:00,26.950000762939453,26.950000762939453,26.950000762939453,26.950000762939453,243,0.0,0.0,ARLP,2m
2026-04-08 12:00:00-04:00,26.843000411987305,26.843000411987305,26.843000411987305,26.843000411987305,2278,0.0,0.0,ARLP,2m
2026-04-08 12:10:00-04:00,27.05500030517578,27.05500030517578,27.05500030517578,27.05500030517578,175,0.0,0.0,ARLP,2m
2026-04-08 12:14:00-04:00,27.010000228881836,27.010000228881836,27.010000228881836,27.010000228881836,870,0.0,0.0,ARLP,2m
2026-04-08 12:16:00-04:00,26.924999237060547,27.0,26.924999237060547,27.0,1882,0.0,0.0,ARLP,2m
2026-04-08 12:20:00-04:00,26.979999542236328,26.979999542236328,26.979999542236328,26.979999542236328,319,0.0,0.0,ARLP,2m
2026-04-08 12:32:00-04:00,26.950000762939453,26.950000762939453,26.950000762939453,26.950000762939453,157,0.0,0.0,ARLP,2m
2026-04-08 12:34:00-04:00,26.954999923706055,26.954999923706055,26.954999923706055,26.954999923706055,800,0.0,0.0,ARLP,2m
2026-04-08 12:36:00-04:00,26.954999923706055,26.954999923706055,26.954999923706055,26.954999923706055,314,0.0,0.0,ARLP,2m
2026-04-08 12:42:00-04:00,26.96500015258789,26.96500015258789,26.96500015258789,26.96500015258789,450,0.0,0.0,ARLP,2m
2026-04-08 12:50:00-04:00,26.96500015258789,26.96500015258789,26.96500015258789,26.96500015258789,598,0.0,0.0,ARLP,2m
2026-04-08 13:00:00-04:00,26.96500015258789,26.96500015258789,26.93000030517578,26.93000030517578,2943,0.0,0.0,ARLP,2m
2026-04-08 13:08:00-04:00,26.959999084472656,26.959999084472656,26.959999084472656,26.959999084472656,385,0.0,0.0,ARLP,2m
2026-04-08 13:10:00-04:00,26.959999084472656,26.959999084472656,26.959999084472656,26.959999084472656,493,0.0,0.0,ARLP,2m
2026-04-08 13:16:00-04:00,26.96500015258789,26.96500015258789,26.96500015258789,26.96500015258789,883,0.0,0.0,ARLP,2m
2026-04-08 13:22:00-04:00,26.915000915527344,26.915000915527344,26.915000915527344,26.915000915527344,715,0.0,0.0,ARLP,2m
2026-04-08 13:24:00-04:00,26.899999618530273,26.899999618530273,26.899999618530273,26.899999618530273,2047,0.0,0.0,ARLP,2m
2026-04-08 13:26:00-04:00,26.8700008392334,26.8799991607666,26.8700008392334,26.8799991607666,764,0.0,0.0,ARLP,2m
2026-04-08 13:34:00-04:00,26.864999771118164,26.864999771118164,26.864999771118164,26.864999771118164,920,0.0,0.0,ARLP,2m
2026-04-08 13:36:00-04:00,26.889999389648438,26.909900665283203,26.8700008392334,26.8700008392334,5068,0.0,0.0,ARLP,2m
2026-04-08 13:38:00-04:00,26.875,26.875,26.875,26.875,789,0.0,0.0,ARLP,2m
2026-04-08 13:40:00-04:00,26.799999237060547,26.825000762939453,26.790000915527344,26.825000762939453,4076,0.0,0.0,ARLP,2m
2026-04-08 13:42:00-04:00,26.829999923706055,26.829999923706055,26.829999923706055,26.829999923706055,200,0.0,0.0,ARLP,2m
2026-04-08 13:44:00-04:00,26.799999237060547,26.850000381469727,26.770000457763672,26.770000457763672,11848,0.0,0.0,ARLP,2m
2026-04-08 13:46:00-04:00,26.739999771118164,26.739999771118164,26.739999771118164,26.739999771118164,1258,0.0,0.0,ARLP,2m
2026-04-08 13:50:00-04:00,26.729999542236328,26.729999542236328,26.729999542236328,26.729999542236328,542,0.0,0.0,ARLP,2m
2026-04-08 13:54:00-04:00,26.770000457763672,26.770000457763672,26.770000457763672,26.770000457763672,1079,0.0,0.0,ARLP,2m
2026-04-08 13:56:00-04:00,26.75,26.780000686645508,26.75,26.770000457763672,1888,0.0,0.0,ARLP,2m
2026-04-08 13:58:00-04:00,26.764999389648438,26.764999389648438,26.764999389648438,26.764999389648438,371,0.0,0.0,ARLP,2m
2026-04-08 14:00:00-04:00,26.774200439453125,26.809999465942383,26.774200439453125,26.809999465942383,578,0.0,0.0,ARLP,2m
2026-04-08 14:04:00-04:00,26.804000854492188,26.804000854492188,26.804000854492188,26.804000854492188,108,0.0,0.0,ARLP,2m
2026-04-08 14:08:00-04:00,26.74020004272461,26.780000686645508,26.729999542236328,26.780000686645508,4355,0.0,0.0,ARLP,2m
2026-04-08 14:10:00-04:00,26.799999237060547,26.799999237060547,26.799999237060547,26.799999237060547,532,0.0,0.0,ARLP,2m
2026-04-08 14:12:00-04:00,26.81999969482422,26.850000381469727,26.81999969482422,26.850000381469727,3069,0.0,0.0,ARLP,2m
2026-04-08 14:14:00-04:00,26.90999984741211,26.90999984741211,26.90999984741211,26.90999984741211,797,0.0,0.0,ARLP,2m
2026-04-08 14:16:00-04:00,26.959999084472656,26.959999084472656,26.959999084472656,26.959999084472656,2906,0.0,0.0,ARLP,2m
2026-04-08 14:22:00-04:00,26.895000457763672,26.895000457763672,26.895000457763672,26.895000457763672,1168,0.0,0.0,ARLP,2m
2026-04-08 14:26:00-04:00,26.93000030517578,26.93000030517578,26.920000076293945,26.93000030517578,1606,0.0,0.0,ARLP,2m
2026-04-08 14:28:00-04:00,26.934999465942383,26.934999465942383,26.934999465942383,26.934999465942383,3339,0.0,0.0,ARLP,2m
2026-04-08 14:36:00-04:00,26.93000030517578,26.93000030517578,26.93000030517578,26.93000030517578,796,0.0,0.0,ARLP,2m
2026-04-08 14:38:00-04:00,26.924999237060547,26.924999237060547,26.924999237060547,26.924999237060547,1309,0.0,0.0,ARLP,2m
2026-04-08 14:40:00-04:00,26.969999313354492,26.969999313354492,26.920000076293945,26.920000076293945,521,0.0,0.0,ARLP,2m
2026-04-08 14:42:00-04:00,26.920000076293945,26.920000076293945,26.920000076293945,26.920000076293945,989,0.0,0.0,ARLP,2m
2026-04-08 14:44:00-04:00,26.989999771118164,26.989999771118164,26.899999618530273,26.94499969482422,8786,0.0,0.0,ARLP,2m
2026-04-08 14:46:00-04:00,26.987499237060547,26.987499237060547,26.94499969482422,26.94499969482422,1369,0.0,0.0,ARLP,2m
2026-04-08 14:50:00-04:00,26.915000915527344,26.950000762939453,26.899999618530273,26.94499969482422,2515,0.0,0.0,ARLP,2m
2026-04-08 14:52:00-04:00,26.94499969482422,26.94499969482422,26.94499969482422,26.94499969482422,5390,0.0,0.0,ARLP,2m
2026-04-08 15:02:00-04:00,27.01110076904297,27.01110076904297,27.01110076904297,27.01110076904297,1263,0.0,0.0,ARLP,2m
2026-04-08 15:04:00-04:00,26.969999313354492,26.969999313354492,26.969999313354492,26.969999313354492,2307,0.0,0.0,ARLP,2m
2026-04-08 15:08:00-04:00,27.049999237060547,27.049999237060547,27.010000228881836,27.040000915527344,1920,0.0,0.0,ARLP,2m
2026-04-08 15:10:00-04:00,27.059999465942383,27.110000610351562,27.049999237060547,27.09000015258789,2981,0.0,0.0,ARLP,2m
2026-04-08 15:12:00-04:00,27.100000381469727,27.100000381469727,27.100000381469727,27.100000381469727,2673,0.0,0.0,ARLP,2m
2026-04-08 15:16:00-04:00,27.096799850463867,27.100000381469727,27.096799850463867,27.100000381469727,1056,0.0,0.0,ARLP,2m
2026-04-08 15:18:00-04:00,27.110000610351562,27.209999084472656,27.110000610351562,27.170000076293945,8962,0.0,0.0,ARLP,2m
2026-04-08 15:22:00-04:00,27.290000915527344,27.290000915527344,27.2450008392334,27.2450008392334,593,0.0,0.0,ARLP,2m
2026-04-08 15:24:00-04:00,27.25,27.25,27.25,27.25,926,0.0,0.0,ARLP,2m
2026-04-08 15:26:00-04:00,27.2450008392334,27.270000457763672,27.2450008392334,27.270000457763672,1560,0.0,0.0,ARLP,2m
2026-04-08 15:28:00-04:00,27.280000686645508,27.364999771118164,27.2549991607666,27.30500030517578,9611,0.0,0.0,ARLP,2m
2026-04-08 15:30:00-04:00,27.290000915527344,27.290000915527344,27.280000686645508,27.280000686645508,2368,0.0,0.0,ARLP,2m
2026-04-08 15:32:00-04:00,27.264999389648438,27.299999237060547,27.264999389648438,27.264999389648438,1626,0.0,0.0,ARLP,2m
2026-04-08 15:34:00-04:00,27.229999542236328,27.229999542236328,27.209999084472656,27.229999542236328,3406,0.0,0.0,ARLP,2m
2026-04-08 15:36:00-04:00,27.229999542236328,27.260000228881836,27.219999313354492,27.239999771118164,4073,0.0,0.0,ARLP,2m
2026-04-08 15:38:00-04:00,27.239999771118164,27.239999771118164,27.235000610351562,27.235000610351562,2022,0.0,0.0,ARLP,2m
2026-04-08 15:40:00-04:00,27.219999313354492,27.219999313354492,27.15999984741211,27.15999984741211,9453,0.0,0.0,ARLP,2m
2026-04-08 15:42:00-04:00,27.139999389648438,27.147499084472656,27.065000534057617,27.1299991607666,7503,0.0,0.0,ARLP,2m
2026-04-08 15:44:00-04:00,27.200000762939453,27.269899368286133,27.149999618530273,27.18790054321289,1707,0.0,0.0,ARLP,2m
2026-04-08 15:46:00-04:00,27.199899673461914,27.199899673461914,27.155000686645508,27.18720054626465,2861,0.0,0.0,ARLP,2m
2026-04-08 15:48:00-04:00,27.190000534057617,27.190000534057617,27.170000076293945,27.184799194335938,1665,0.0,0.0,ARLP,2m
2026-04-08 15:50:00-04:00,27.165000915527344,27.179899215698242,27.139999389648438,27.152999877929688,8465,0.0,0.0,ARLP,2m
2026-04-08 15:52:00-04:00,27.153400421142578,27.219900131225586,27.059999465942383,27.079999923706055,14069,0.0,0.0,ARLP,2m
2026-04-08 15:54:00-04:00,27.09000015258789,27.179899215698242,27.010000228881836,27.010000228881836,20026,0.0,0.0,ARLP,2m
2026-04-08 15:56:00-04:00,27.039899826049805,27.040000915527344,27.0,27.0,13187,0.0,0.0,ARLP,2m
2026-04-08 15:58:00-04:00,26.989999771118164,27.024999618530273,26.940000534057617,26.940000534057617,39464,0.0,0.0,ARLP,2m
2026-04-09 09:30:00-04:00,27.010000228881836,27.010000228881836,27.010000228881836,27.010000228881836,4701,0.0,0.0,ARLP,2m
2026-04-09 09:36:00-04:00,27.31999969482422,27.31999969482422,26.90999984741211,26.90999984741211,2705,0.0,0.0,ARLP,2m
2026-04-09 09:42:00-04:00,27.030000686645508,27.115800857543945,27.010000228881836,27.030000686645508,10364,0.0,0.0,ARLP,2m
2026-04-09 09:48:00-04:00,26.989999771118164,26.989999771118164,26.989999771118164,26.989999771118164,324,0.0,0.0,ARLP,2m
2026-04-09 09:50:00-04:00,26.9950008392334,27.030000686645508,26.9950008392334,27.030000686645508,861,0.0,0.0,ARLP,2m
2026-04-09 09:52:00-04:00,26.979999542236328,27.024999618530273,26.90999984741211,26.90999984741211,4797,0.0,0.0,ARLP,2m
2026-04-09 09:54:00-04:00,26.9950008392334,26.9950008392334,26.9950008392334,26.9950008392334,140,0.0,0.0,ARLP,2m
2026-04-09 09:56:00-04:00,26.915000915527344,26.9950008392334,26.915000915527344,26.9950008392334,488,0.0,0.0,ARLP,2m
2026-04-09 09:58:00-04:00,26.915000915527344,26.915000915527344,26.915000915527344,26.915000915527344,168,0.0,0.0,ARLP,2m
2026-04-09 10:00:00-04:00,26.915000915527344,26.915000915527344,26.915000915527344,26.915000915527344,2225,0.0,0.0,ARLP,2m
2026-04-09 10:02:00-04:00,26.850000381469727,27.030000686645508,26.850000381469727,27.030000686645508,3295,0.0,0.0,ARLP,2m
2026-04-09 10:04:00-04:00,27.107200622558594,27.107200622558594,27.107200622558594,27.107200622558594,429,0.0,0.0,ARLP,2m
2026-04-09 10:08:00-04:00,27.159900665283203,27.159900665283203,27.159900665283203,27.159900665283203,8301,0.0,0.0,ARLP,2m
2026-04-09 10:10:00-04:00,27.03499984741211,27.03499984741211,27.03499984741211,27.03499984741211,200,0.0,0.0,ARLP,2m
2026-04-09 10:12:00-04:00,26.90999984741211,26.90999984741211,26.90999984741211,26.90999984741211,504,0.0,0.0,ARLP,2m
2026-04-09 10:14:00-04:00,27.00670051574707,27.00670051574707,26.91010093688965,26.969999313354492,4622,0.0,0.0,ARLP,2m
2026-04-09 10:16:00-04:00,26.979999542236328,26.979999542236328,26.923999786376953,26.954999923706055,1293,0.0,0.0,ARLP,2m
2026-04-09 10:18:00-04:00,26.954999923706055,26.954999923706055,26.954999923706055,26.954999923706055,547,0.0,0.0,ARLP,2m
2026-04-09 10:20:00-04:00,26.8799991607666,26.8799991607666,26.8799991607666,26.8799991607666,520,0.0,0.0,ARLP,2m
2026-04-09 10:22:00-04:00,26.810100555419922,26.810100555419922,26.810100555419922,26.810100555419922,383,0.0,0.0,ARLP,2m
2026-04-09 10:24:00-04:00,26.8799991607666,26.8799991607666,26.8799991607666,26.8799991607666,969,0.0,0.0,ARLP,2m
2026-04-09 10:26:00-04:00,26.950000762939453,26.950000762939453,26.8799991607666,26.8799991607666,3231,0.0,0.0,ARLP,2m
2026-04-09 10:28:00-04:00,26.950000762939453,26.950000762939453,26.940000534057617,26.940000534057617,912,0.0,0.0,ARLP,2m
2026-04-09 10:30:00-04:00,26.809999465942383,26.979999542236328,26.809999465942383,26.950000762939453,2472,0.0,0.0,ARLP,2m
2026-04-09 10:32:00-04:00,26.959999084472656,26.959999084472656,26.959999084472656,26.959999084472656,569,0.0,0.0,ARLP,2m
2026-04-09 10:44:00-04:00,26.950000762939453,26.950000762939453,26.950000762939453,26.950000762939453,375,0.0,0.0,ARLP,2m
2026-04-09 10:46:00-04:00,26.950000762939453,26.950000762939453,26.950000762939453,26.950000762939453,661,0.0,0.0,ARLP,2m
2026-04-09 10:50:00-04:00,26.950000762939453,26.950000762939453,26.950000762939453,26.950000762939453,192,0.0,0.0,ARLP,2m
2026-04-09 10:52:00-04:00,26.950000762939453,26.950000762939453,26.950000762939453,26.950000762939453,444,0.0,0.0,ARLP,2m
2026-04-09 10:56:00-04:00,26.889999389648438,26.889999389648438,26.889999389648438,26.889999389648438,251,0.0,0.0,ARLP,2m
2026-04-09 10:58:00-04:00,26.950000762939453,26.950000762939453,26.850000381469727,26.850000381469727,2207,0.0,0.0,ARLP,2m
2026-04-09 11:02:00-04:00,26.939199447631836,26.939199447631836,26.939199447631836,26.939199447631836,303,0.0,0.0,ARLP,2m
2026-04-09 11:04:00-04:00,27.039899826049805,27.039899826049805,27.039899826049805,27.039899826049805,1038,0.0,0.0,ARLP,2m
2026-04-09 11:14:00-04:00,26.924999237060547,26.924999237060547,26.924999237060547,26.924999237060547,260,0.0,0.0,ARLP,2m
2026-04-09 11:18:00-04:00,26.920000076293945,26.920000076293945,26.920000076293945,26.920000076293945,936,0.0,0.0,ARLP,2m
2026-04-09 11:22:00-04:00,26.8700008392334,26.8700008392334,26.8700008392334,26.8700008392334,909,0.0,0.0,ARLP,2m
2026-04-09 11:28:00-04:00,26.905000686645508,26.905000686645508,26.905000686645508,26.905000686645508,595,0.0,0.0,ARLP,2m
2026-04-09 11:38:00-04:00,26.860000610351562,26.860000610351562,26.850000381469727,26.860000610351562,8406,0.0,0.0,ARLP,2m
2026-04-09 11:42:00-04:00,26.809999465942383,26.809999465942383,26.809999465942383,26.809999465942383,792,0.0,0.0,ARLP,2m
2026-04-09 11:48:00-04:00,26.760000228881836,26.760000228881836,26.760000228881836,26.760000228881836,257,0.0,0.0,ARLP,2m
2026-04-09 11:52:00-04:00,26.770000457763672,26.770000457763672,26.770000457763672,26.770000457763672,1563,0.0,0.0,ARLP,2m
2026-04-09 11:58:00-04:00,26.709999084472656,26.709999084472656,26.655000686645508,26.655000686645508,3435,0.0,0.0,ARLP,2m
2026-04-09 12:02:00-04:00,26.749900817871094,26.749900817871094,26.749900817871094,26.749900817871094,517,0.0,0.0,ARLP,2m
2026-04-09 12:10:00-04:00,26.749900817871094,26.749900817871094,26.749900817871094,26.749900817871094,726,0.0,0.0,ARLP,2m
2026-04-09 12:14:00-04:00,26.684999465942383,26.684999465942383,26.549999237060547,26.549999237060547,6771,0.0,0.0,ARLP,2m
2026-04-09 12:22:00-04:00,26.677499771118164,26.677499771118164,26.677499771118164,26.677499771118164,2540,0.0,0.0,ARLP,2m
2026-04-09 12:24:00-04:00,26.639999389648438,26.65999984741211,26.639999389648438,26.65999984741211,1222,0.0,0.0,ARLP,2m
2026-04-09 12:26:00-04:00,26.639999389648438,26.639999389648438,26.639999389648438,26.639999389648438,2794,0.0,0.0,ARLP,2m
2026-04-09 12:28:00-04:00,26.649999618530273,26.649999618530273,26.649999618530273,26.649999618530273,2327,0.0,0.0,ARLP,2m
2026-04-09 12:30:00-04:00,26.690000534057617,26.690000534057617,26.690000534057617,26.690000534057617,465,0.0,0.0,ARLP,2m
2026-04-09 12:32:00-04:00,26.677200317382812,26.677200317382812,26.677200317382812,26.677200317382812,440,0.0,0.0,ARLP,2m
2026-04-09 12:36:00-04:00,26.639999389648438,26.639999389648438,26.639999389648438,26.639999389648438,322,0.0,0.0,ARLP,2m
2026-04-09 12:40:00-04:00,26.639999389648438,26.639999389648438,26.639999389648438,26.639999389648438,1075,0.0,0.0,ARLP,2m
2026-04-09 12:42:00-04:00,26.639999389648438,26.655000686645508,26.6299991607666,26.655000686645508,2167,0.0,0.0,ARLP,2m
2026-04-09 12:44:00-04:00,26.690000534057617,26.690000534057617,26.690000534057617,26.690000534057617,748,0.0,0.0,ARLP,2m
2026-04-09 12:46:00-04:00,26.670000076293945,26.670000076293945,26.670000076293945,26.670000076293945,988,0.0,0.0,ARLP,2m
2026-04-09 12:50:00-04:00,26.635000228881836,26.670000076293945,26.635000228881836,26.670000076293945,1612,0.0,0.0,ARLP,2m
2026-04-09 12:54:00-04:00,26.690000534057617,26.690000534057617,26.690000534057617,26.690000534057617,489,0.0,0.0,ARLP,2m
2026-04-09 13:00:00-04:00,26.690000534057617,26.690000534057617,26.690000534057617,26.690000534057617,822,0.0,0.0,ARLP,2m
2026-04-09 13:08:00-04:00,26.684999465942383,26.684999465942383,26.684999465942383,26.684999465942383,126,0.0,0.0,ARLP,2m
2026-04-09 13:10:00-04:00,26.65999984741211,26.68000030517578,26.65999984741211,26.68000030517578,549,0.0,0.0,ARLP,2m
2026-04-09 13:12:00-04:00,26.65999984741211,26.65999984741211,26.649999618530273,26.649999618530273,2356,0.0,0.0,ARLP,2m
2026-04-09 13:14:00-04:00,26.649999618530273,26.65999984741211,26.600000381469727,26.6299991607666,14887,0.0,0.0,ARLP,2m
2026-04-09 13:18:00-04:00,26.600000381469727,26.600000381469727,26.559999465942383,26.600000381469727,1615,0.0,0.0,ARLP,2m
2026-04-09 13:22:00-04:00,26.56999969482422,26.56999969482422,26.56999969482422,26.56999969482422,293,0.0,0.0,ARLP,2m
2026-04-09 13:24:00-04:00,26.579999923706055,26.579999923706055,26.549999237060547,26.549999237060547,2711,0.0,0.0,ARLP,2m
2026-04-09 13:26:00-04:00,26.56999969482422,26.56999969482422,26.56999969482422,26.56999969482422,4117,0.0,0.0,ARLP,2m
2026-04-09 13:44:00-04:00,26.579999923706055,26.65999984741211,26.579999923706055,26.649999618530273,7692,0.0,0.0,ARLP,2m
2026-04-09 13:48:00-04:00,26.549999237060547,26.59000015258789,26.549999237060547,26.59000015258789,1504,0.0,0.0,ARLP,2m
2026-04-09 13:50:00-04:00,26.59000015258789,26.59000015258789,26.59000015258789,26.59000015258789,109,0.0,0.0,ARLP,2m
2026-04-09 13:52:00-04:00,26.59000015258789,26.59000015258789,26.59000015258789,26.59000015258789,400,0.0,0.0,ARLP,2m
2026-04-09 13:54:00-04:00,26.59000015258789,26.59000015258789,26.59000015258789,26.59000015258789,345,0.0,0.0,ARLP,2m
2026-04-09 13:56:00-04:00,26.6299991607666,26.649999618530273,26.6299991607666,26.6299991607666,1140,0.0,0.0,ARLP,2m
2026-04-09 13:58:00-04:00,26.6200008392334,26.6200008392334,26.614999771118164,26.614999771118164,325,0.0,0.0,ARLP,2m
2026-04-09 14:00:00-04:00,26.6200008392334,26.6200008392334,26.6200008392334,26.6200008392334,200,0.0,0.0,ARLP,2m
2026-04-09 14:02:00-04:00,26.614999771118164,26.6299991607666,26.614999771118164,26.6299991607666,1924,0.0,0.0,ARLP,2m
2026-04-09 14:04:00-04:00,26.600000381469727,26.600000381469727,26.600000381469727,26.600000381469727,1179,0.0,0.0,ARLP,2m
2026-04-09 14:06:00-04:00,26.6299991607666,26.6299991607666,26.6299991607666,26.6299991607666,1158,0.0,0.0,ARLP,2m
2026-04-09 14:10:00-04:00,26.56999969482422,26.56999969482422,26.53849983215332,26.541000366210938,4081,0.0,0.0,ARLP,2m
2026-04-09 14:12:00-04:00,26.520000457763672,26.520000457763672,26.520000457763672,26.520000457763672,632,0.0,0.0,ARLP,2m
2026-04-09 14:18:00-04:00,26.579999923706055,26.579999923706055,26.55500030517578,26.55500030517578,308,0.0,0.0,ARLP,2m
2026-04-09 14:22:00-04:00,26.555099487304688,26.555099487304688,26.555099487304688,26.555099487304688,1102,0.0,0.0,ARLP,2m
2026-04-09 14:28:00-04:00,26.59000015258789,26.59000015258789,26.59000015258789,26.59000015258789,501,0.0,0.0,ARLP,2m
2026-04-09 14:30:00-04:00,26.55500030517578,26.585599899291992,26.540000915527344,26.585599899291992,1163,0.0,0.0,ARLP,2m
2026-04-09 14:34:00-04:00,26.55500030517578,26.55500030517578,26.55500030517578,26.55500030517578,489,0.0,0.0,ARLP,2m
2026-04-09 14:36:00-04:00,26.579999923706055,26.579999923706055,26.579999923706055,26.579999923706055,716,0.0,0.0,ARLP,2m
2026-04-09 14:40:00-04:00,26.55109977722168,26.55109977722168,26.55109977722168,26.55109977722168,575,0.0,0.0,ARLP,2m
2026-04-09 14:44:00-04:00,26.540000915527344,26.540000915527344,26.530000686645508,26.540000915527344,3430,0.0,0.0,ARLP,2m
2026-04-09 14:46:00-04:00,26.530000686645508,26.540000915527344,26.530000686645508,26.540000915527344,2037,0.0,0.0,ARLP,2m
2026-04-09 14:48:00-04:00,26.530000686645508,26.530000686645508,26.530000686645508,26.530000686645508,315,0.0,0.0,ARLP,2m
2026-04-09 14:50:00-04:00,26.540000915527344,26.540000915527344,26.533100128173828,26.533100128173828,862,0.0,0.0,ARLP,2m
2026-04-09 14:52:00-04:00,26.549999237060547,26.549999237060547,26.549999237060547,26.549999237060547,591,0.0,0.0,ARLP,2m
2026-04-09 14:54:00-04:00,26.540000915527344,26.610000610351562,26.540000915527344,26.610000610351562,14091,0.0,0.0,ARLP,2m
2026-04-09 14:56:00-04:00,26.590499877929688,26.590499877929688,26.55500030517578,26.55500030517578,420,0.0,0.0,ARLP,2m
2026-04-09 14:58:00-04:00,26.555099487304688,26.555099487304688,26.510000228881836,26.510000228881836,665,0.0,0.0,ARLP,2m
2026-04-09 15:00:00-04:00,26.520000457763672,26.559999465942383,26.440000534057617,26.450000762939453,12984,0.0,0.0,ARLP,2m
2026-04-09 15:02:00-04:00,26.440000534057617,26.440000534057617,26.440000534057617,26.440000534057617,631,0.0,0.0,ARLP,2m
2026-04-09 15:04:00-04:00,26.450000762939453,26.454999923706055,26.440000534057617,26.450000762939453,4274,0.0,0.0,ARLP,2m
2026-04-09 15:06:00-04:00,26.399999618530273,26.40999984741211,26.399999618530273,26.40999984741211,2961,0.0,0.0,ARLP,2m
2026-04-09 15:14:00-04:00,26.434999465942383,26.434999465942383,26.434999465942383,26.434999465942383,3039,0.0,0.0,ARLP,2m
2026-04-09 15:20:00-04:00,26.459999084472656,26.459999084472656,26.399999618530273,26.399999618530273,992,0.0,0.0,ARLP,2m
2026-04-09 15:24:00-04:00,26.459999084472656,26.459999084472656,26.40999984741211,26.440000534057617,6649,0.0,0.0,ARLP,2m
2026-04-09 15:28:00-04:00,26.450000762939453,26.450000762939453,26.450000762939453,26.450000762939453,647,0.0,0.0,ARLP,2m
2026-04-09 15:30:00-04:00,26.450000762939453,26.489999771118164,26.450000762939453,26.489999771118164,4605,0.0,0.0,ARLP,2m
2026-04-09 15:34:00-04:00,26.485000610351562,26.485000610351562,26.485000610351562,26.485000610351562,2025,0.0,0.0,ARLP,2m
2026-04-09 15:36:00-04:00,26.485000610351562,26.5,26.485000610351562,26.489999771118164,2201,0.0,0.0,ARLP,2m
2026-04-09 15:38:00-04:00,26.479999542236328,26.4950008392334,26.479999542236328,26.479999542236328,5351,0.0,0.0,ARLP,2m
2026-04-09 15:42:00-04:00,26.479999542236328,26.5,26.479999542236328,26.5,2899,0.0,0.0,ARLP,2m
2026-04-09 15:44:00-04:00,26.4950008392334,26.530000686645508,26.4950008392334,26.530000686645508,3873,0.0,0.0,ARLP,2m
2026-04-09 15:46:00-04:00,26.529800415039062,26.63990020751953,26.529800415039062,26.599899291992188,7188,0.0,0.0,ARLP,2m
2026-04-09 15:48:00-04:00,26.599899291992188,26.599899291992188,26.559999465942383,26.559999465942383,1833,0.0,0.0,ARLP,2m
2026-04-09 15:50:00-04:00,26.575000762939453,26.599899291992188,26.549999237060547,26.559999465942383,6291,0.0,0.0,ARLP,2m
2026-04-09 15:52:00-04:00,26.559999465942383,26.57990074157715,26.53499984741211,26.53499984741211,12052,0.0,0.0,ARLP,2m
2026-04-09 15:54:00-04:00,26.559999465942383,26.559999465942383,26.520000457763672,26.559900283813477,4765,0.0,0.0,ARLP,2m
2026-04-09 15:56:00-04:00,26.559900283813477,26.559999465942383,26.52519989013672,26.530000686645508,5405,0.0,0.0,ARLP,2m
2026-04-09 15:58:00-04:00,26.510000228881836,26.53499984741211,26.489999771118164,26.53499984741211,8573,0.0,0.0,ARLP,2m
2026-04-10 09:30:00-04:00,26.6200008392334,26.6200008392334,26.510000228881836,26.510000228881836,3290,0.0,0.0,ARLP,2m
2026-04-10 09:34:00-04:00,26.559999465942383,26.559999465942383,26.559999465942383,26.559999465942383,199,0.0,0.0,ARLP,2m
2026-04-10 09:36:00-04:00,26.559999465942383,26.559999465942383,26.559999465942383,26.559999465942383,461,0.0,0.0,ARLP,2m
2026-04-10 09:38:00-04:00,26.540199279785156,26.540199279785156,26.540199279785156,26.540199279785156,363,0.0,0.0,ARLP,2m
2026-04-10 09:42:00-04:00,26.579999923706055,26.579999923706055,26.579999923706055,26.579999923706055,177,0.0,0.0,ARLP,2m
2026-04-10 09:44:00-04:00,26.655399322509766,26.655399322509766,26.655399322509766,26.655399322509766,1817,0.0,0.0,ARLP,2m
2026-04-10 09:50:00-04:00,26.56999969482422,26.68000030517578,26.56999969482422,26.68000030517578,1734,0.0,0.0,ARLP,2m
2026-04-10 09:52:00-04:00,26.490100860595703,26.670000076293945,26.490100860595703,26.649999618530273,810,0.0,0.0,ARLP,2m
2026-04-10 09:54:00-04:00,26.790000915527344,26.790000915527344,26.790000915527344,26.790000915527344,584,0.0,0.0,ARLP,2m
2026-04-10 10:00:00-04:00,26.639999389648438,26.639999389648438,26.639999389648438,26.639999389648438,308,0.0,0.0,ARLP,2m
2026-04-10 10:04:00-04:00,26.639999389648438,26.639999389648438,26.639999389648438,26.639999389648438,294,0.0,0.0,ARLP,2m
2026-04-10 10:06:00-04:00,26.639999389648438,26.639999389648438,26.639999389648438,26.639999389648438,976,0.0,0.0,ARLP,2m
2026-04-10 10:08:00-04:00,26.639999389648438,26.639999389648438,26.639999389648438,26.639999389648438,972,0.0,0.0,ARLP,2m
2026-04-10 10:12:00-04:00,26.639999389648438,26.639999389648438,26.639999389648438,26.639999389648438,902,0.0,0.0,ARLP,2m
2026-04-10 10:14:00-04:00,26.600000381469727,26.742000579833984,26.490100860595703,26.490100860595703,2636,0.0,0.0,ARLP,2m
2026-04-10 10:16:00-04:00,26.6200008392334,26.6200008392334,26.6200008392334,26.6200008392334,2130,0.0,0.0,ARLP,2m
2026-04-10 10:20:00-04:00,26.540000915527344,26.6200008392334,26.530000686645508,26.6200008392334,1002,0.0,0.0,ARLP,2m
2026-04-10 10:22:00-04:00,26.5,26.5,26.5,26.5,763,0.0,0.0,ARLP,2m
2026-04-10 10:28:00-04:00,26.545000076293945,26.545000076293945,26.545000076293945,26.545000076293945,221,0.0,0.0,ARLP,2m
2026-04-10 10:32:00-04:00,26.545000076293945,26.545000076293945,26.545000076293945,26.545000076293945,249,0.0,0.0,ARLP,2m
2026-04-10 10:34:00-04:00,26.5,26.5,26.5,26.5,183,0.0,0.0,ARLP,2m
2026-04-10 10:40:00-04:00,26.489999771118164,26.489999771118164,26.440000534057617,26.440000534057617,1426,0.0,0.0,ARLP,2m
2026-04-10 10:42:00-04:00,26.450000762939453,26.450000762939453,26.450000762939453,26.450000762939453,590,0.0,0.0,ARLP,2m
2026-04-10 10:44:00-04:00,26.469999313354492,26.469999313354492,26.469999313354492,26.469999313354492,575,0.0,0.0,ARLP,2m
2026-04-10 10:54:00-04:00,26.40999984741211,26.469900131225586,26.399999618530273,26.469900131225586,4404,0.0,0.0,ARLP,2m
2026-04-10 10:56:00-04:00,26.3700008392334,26.3700008392334,26.3700008392334,26.3700008392334,340,0.0,0.0,ARLP,2m
2026-04-10 10:58:00-04:00,26.3700008392334,26.3700008392334,26.3700008392334,26.3700008392334,422,0.0,0.0,ARLP,2m
2026-04-10 11:00:00-04:00,26.3799991607666,26.3799991607666,26.3799991607666,26.3799991607666,1042,0.0,0.0,ARLP,2m
2026-04-10 11:04:00-04:00,26.3799991607666,26.3799991607666,26.3799991607666,26.3799991607666,212,0.0,0.0,ARLP,2m
2026-04-10 11:06:00-04:00,26.350000381469727,26.350000381469727,26.290300369262695,26.290300369262695,1290,0.0,0.0,ARLP,2m
2026-04-10 11:08:00-04:00,26.3700008392334,26.3700008392334,26.3700008392334,26.3700008392334,147,0.0,0.0,ARLP,2m
2026-04-10 11:12:00-04:00,26.469999313354492,26.469999313354492,26.360000610351562,26.360000610351562,336,0.0,0.0,ARLP,2m
2026-04-10 11:16:00-04:00,26.314300537109375,26.3799991607666,26.314300537109375,26.3799991607666,548,0.0,0.0,ARLP,2m
2026-04-10 11:20:00-04:00,26.29010009765625,26.29010009765625,26.29010009765625,26.29010009765625,1200,0.0,0.0,ARLP,2m
2026-04-10 11:22:00-04:00,26.350000381469727,26.350000381469727,26.350000381469727,26.350000381469727,326,0.0,0.0,ARLP,2m
2026-04-10 11:28:00-04:00,26.41990089416504,26.41990089416504,26.344999313354492,26.344999313354492,2023,0.0,0.0,ARLP,2m
2026-04-10 11:36:00-04:00,26.3700008392334,26.399999618530273,26.3700008392334,26.389999389648438,6380,0.0,0.0,ARLP,2m
2026-04-10 11:38:00-04:00,26.364999771118164,26.399999618530273,26.364999771118164,26.399999618530273,1190,0.0,0.0,ARLP,2m
2026-04-10 11:44:00-04:00,26.364999771118164,26.364999771118164,26.31999969482422,26.31999969482422,2245,0.0,0.0,ARLP,2m
2026-04-10 11:54:00-04:00,26.375,26.375,26.375,26.375,2186,0.0,0.0,ARLP,2m
2026-04-10 11:56:00-04:00,26.375,26.375,26.375,26.375,3653,0.0,0.0,ARLP,2m
2026-04-10 11:58:00-04:00,26.34000015258789,26.375,26.34000015258789,26.375,1909,0.0,0.0,ARLP,2m
2026-04-10 12:00:00-04:00,26.40999984741211,26.440000534057617,26.409900665283203,26.440000534057617,3042,0.0,0.0,ARLP,2m
2026-04-10 12:02:00-04:00,26.424999237060547,26.424999237060547,26.424999237060547,26.424999237060547,1439,0.0,0.0,ARLP,2m
2026-04-10 12:06:00-04:00,26.5,26.5,26.5,26.5,1594,0.0,0.0,ARLP,2m
2026-04-10 12:08:00-04:00,26.59000015258789,26.59000015258789,26.59000015258789,26.59000015258789,0,0.0,0.0,ARLP,2m
2026-04-10 12:18:00-04:00,26.549999237060547,26.549999237060547,26.549999237060547,26.549999237060547,273,0.0,0.0,ARLP,2m
2026-04-10 12:24:00-04:00,26.549999237060547,26.549999237060547,26.549999237060547,26.549999237060547,726,0.0,0.0,ARLP,2m
2026-04-10 12:34:00-04:00,26.565000534057617,26.579999923706055,26.559999465942383,26.559999465942383,1024,0.0,0.0,ARLP,2m
2026-04-10 12:38:00-04:00,26.510000228881836,26.510000228881836,26.510000228881836,26.510000228881836,1258,0.0,0.0,ARLP,2m
2026-04-10 12:40:00-04:00,26.520000457763672,26.520000457763672,26.510000228881836,26.510099411010742,3842,0.0,0.0,ARLP,2m
2026-04-10 12:42:00-04:00,26.563400268554688,26.563400268554688,26.5,26.510099411010742,9447,0.0,0.0,ARLP,2m
2026-04-10 12:44:00-04:00,26.450000762939453,26.450000762939453,26.415000915527344,26.415000915527344,2377,0.0,0.0,ARLP,2m
2026-04-10 12:52:00-04:00,26.36009979248047,26.36009979248047,26.36009979248047,26.36009979248047,356,0.0,0.0,ARLP,2m
2026-04-10 13:02:00-04:00,26.40999984741211,26.40999984741211,26.40999984741211,26.40999984741211,300,0.0,0.0,ARLP,2m
2026-04-10 13:08:00-04:00,26.458599090576172,26.458599090576172,26.458599090576172,26.458599090576172,310,0.0,0.0,ARLP,2m
2026-04-10 13:10:00-04:00,26.36009979248047,26.36009979248047,26.36009979248047,26.36009979248047,1066,0.0,0.0,ARLP,2m
2026-04-10 13:12:00-04:00,26.382299423217773,26.382299423217773,26.382299423217773,26.382299423217773,559,0.0,0.0,ARLP,2m
2026-04-10 13:16:00-04:00,26.3700008392334,26.3700008392334,26.3700008392334,26.3700008392334,313,0.0,0.0,ARLP,2m
2026-04-10 13:24:00-04:00,26.402799606323242,26.402799606323242,26.402799606323242,26.402799606323242,251,0.0,0.0,ARLP,2m
2026-04-10 13:26:00-04:00,26.399999618530273,26.399999618530273,26.399999618530273,26.399999618530273,814,0.0,0.0,ARLP,2m
2026-04-10 13:28:00-04:00,26.36009979248047,26.399999618530273,26.36009979248047,26.399999618530273,600,0.0,0.0,ARLP,2m
2026-04-10 13:32:00-04:00,26.399999618530273,26.440000534057617,26.399999618530273,26.399999618530273,2274,0.0,0.0,ARLP,2m
2026-04-10 13:34:00-04:00,26.420000076293945,26.420000076293945,26.420000076293945,26.420000076293945,157,0.0,0.0,ARLP,2m
2026-04-10 13:40:00-04:00,26.434999465942383,26.434999465942383,26.434999465942383,26.434999465942383,890,0.0,0.0,ARLP,2m
2026-04-10 13:46:00-04:00,26.40999984741211,26.439899444580078,26.40999984741211,26.40999984741211,2887,0.0,0.0,ARLP,2m
2026-04-10 13:48:00-04:00,26.445499420166016,26.445499420166016,26.445499420166016,26.445499420166016,434,0.0,0.0,ARLP,2m
2026-04-10 13:52:00-04:00,26.44260025024414,26.44260025024414,26.400100708007812,26.420000076293945,1387,0.0,0.0,ARLP,2m
2026-04-10 13:54:00-04:00,26.399999618530273,26.399999618530273,26.399999618530273,26.399999618530273,550,0.0,0.0,ARLP,2m
2026-04-10 13:58:00-04:00,26.415000915527344,26.415000915527344,26.415000915527344,26.415000915527344,629,0.0,0.0,ARLP,2m
2026-04-10 14:00:00-04:00,26.415000915527344,26.415000915527344,26.415000915527344,26.415000915527344,783,0.0,0.0,ARLP,2m
2026-04-10 14:04:00-04:00,26.38010025024414,26.38010025024414,26.3799991607666,26.3799991607666,2792,0.0,0.0,ARLP,2m
2026-04-10 14:12:00-04:00,26.360000610351562,26.360000610351562,26.334999084472656,26.334999084472656,2100,0.0,0.0,ARLP,2m
2026-04-10 14:14:00-04:00,26.329999923706055,26.329999923706055,26.301799774169922,26.301799774169922,927,0.0,0.0,ARLP,2m
2026-04-10 14:20:00-04:00,26.329999923706055,26.329999923706055,26.329999923706055,26.329999923706055,1225,0.0,0.0,ARLP,2m
2026-04-10 14:22:00-04:00,26.309999465942383,26.309999465942383,26.309999465942383,26.309999465942383,436,0.0,0.0,ARLP,2m
2026-04-10 14:36:00-04:00,26.334999084472656,26.334999084472656,26.329999923706055,26.33489990234375,2117,0.0,0.0,ARLP,2m
2026-04-10 14:38:00-04:00,26.334999084472656,26.334999084472656,26.334999084472656,26.334999084472656,241,0.0,0.0,ARLP,2m
2026-04-10 14:40:00-04:00,26.31999969482422,26.31999969482422,26.31999969482422,26.31999969482422,790,0.0,0.0,ARLP,2m
2026-04-10 14:46:00-04:00,26.329999923706055,26.43000030517578,26.329999923706055,26.43000030517578,4513,0.0,0.0,ARLP,2m
2026-04-10 14:50:00-04:00,26.405000686645508,26.405000686645508,26.405000686645508,26.405000686645508,677,0.0,0.0,ARLP,2m
2026-04-10 15:04:00-04:00,26.440000534057617,26.440000534057617,26.405000686645508,26.405000686645508,887,0.0,0.0,ARLP,2m
2026-04-10 15:12:00-04:00,26.415000915527344,26.415000915527344,26.340099334716797,26.39189910888672,10277,0.0,0.0,ARLP,2m
2026-04-10 15:14:00-04:00,26.399999618530273,26.399999618530273,26.399999618530273,26.399999618530273,323,0.0,0.0,ARLP,2m
2026-04-10 15:16:00-04:00,26.399999618530273,26.42639923095703,26.399999618530273,26.42639923095703,259,0.0,0.0,ARLP,2m
2026-04-10 15:18:00-04:00,26.45560073852539,26.45560073852539,26.399999618530273,26.399999618530273,1632,0.0,0.0,ARLP,2m
2026-04-10 15:20:00-04:00,26.375,26.375,26.329999923706055,26.329999923706055,2204,0.0,0.0,ARLP,2m
2026-04-10 15:28:00-04:00,26.375,26.375,26.375,26.375,1775,0.0,0.0,ARLP,2m
2026-04-10 15:36:00-04:00,26.350000381469727,26.350000381469727,26.270000457763672,26.270000457763672,2109,0.0,0.0,ARLP,2m
2026-04-10 15:38:00-04:00,26.270000457763672,26.270000457763672,26.260000228881836,26.260000228881836,300,0.0,0.0,ARLP,2m
2026-04-10 15:40:00-04:00,26.260000228881836,26.260000228881836,26.260000228881836,26.260000228881836,676,0.0,0.0,ARLP,2m
2026-04-10 15:42:00-04:00,26.28499984741211,26.28499984741211,26.28499984741211,26.28499984741211,254,0.0,0.0,ARLP,2m
2026-04-10 15:44:00-04:00,26.280000686645508,26.290000915527344,26.280000686645508,26.290000915527344,1751,0.0,0.0,ARLP,2m
2026-04-10 15:46:00-04:00,26.32990074157715,26.32990074157715,26.299999237060547,26.299999237060547,1824,0.0,0.0,ARLP,2m
2026-04-10 15:48:00-04:00,26.329999923706055,26.329999923706055,26.329999923706055,26.329999923706055,1010,0.0,0.0,ARLP,2m
2026-04-10 15:50:00-04:00,26.299999237060547,26.329999923706055,26.299999237060547,26.31999969482422,3362,0.0,0.0,ARLP,2m
2026-04-10 15:52:00-04:00,26.299999237060547,26.32990074157715,26.290000915527344,26.307300567626953,2551,0.0,0.0,ARLP,2m
2026-04-10 15:54:00-04:00,26.299299240112305,26.302200317382812,26.290000915527344,26.290000915527344,1286,0.0,0.0,ARLP,2m
2026-04-10 15:56:00-04:00,26.294700622558594,26.32990074157715,26.28499984741211,26.32990074157715,3477,0.0,0.0,ARLP,2m
2026-04-10 15:58:00-04:00,26.31999969482422,26.350000381469727,26.290000915527344,26.350000381469727,4321,0.0,0.0,ARLP,2m
2026-04-13 09:30:00-04:00,26.280000686645508,26.395000457763672,26.280000686645508,26.395000457763672,11589,0.0,0.0,ARLP,2m
2026-04-13 09:32:00-04:00,26.399999618530273,26.399999618530273,26.399999618530273,26.399999618530273,500,0.0,0.0,ARLP,2m
2026-04-13 09:34:00-04:00,26.405000686645508,26.405000686645508,26.405000686645508,26.405000686645508,214,0.0,0.0,ARLP,2m
2026-04-13 09:36:00-04:00,26.405000686645508,26.43000030517578,26.389999389648438,26.43000030517578,1480,0.0,0.0,ARLP,2m
2026-04-13 09:38:00-04:00,26.420000076293945,26.420000076293945,26.420000076293945,26.420000076293945,1218,0.0,0.0,ARLP,2m
2026-04-13 09:40:00-04:00,26.450000762939453,26.450000762939453,26.424999237060547,26.424999237060547,9518,0.0,0.0,ARLP,2m
2026-04-13 09:44:00-04:00,26.540000915527344,26.540000915527344,26.540000915527344,26.540000915527344,769,0.0,0.0,ARLP,2m
2026-04-13 09:46:00-04:00,26.540000915527344,26.540000915527344,26.540000915527344,26.540000915527344,719,0.0,0.0,ARLP,2m
2026-04-13 09:48:00-04:00,26.540000915527344,26.540000915527344,26.540000915527344,26.540000915527344,204,0.0,0.0,ARLP,2m
2026-04-13 09:50:00-04:00,26.579999923706055,26.600000381469727,26.56999969482422,26.600000381469727,2992,0.0,0.0,ARLP,2m
2026-04-13 09:52:00-04:00,26.65999984741211,26.739999771118164,26.6200008392334,26.670000076293945,5523,0.0,0.0,ARLP,2m
2026-04-13 09:54:00-04:00,26.670000076293945,26.670000076293945,26.639999389648438,26.639999389648438,1138,0.0,0.0,ARLP,2m
2026-04-13 10:00:00-04:00,26.639999389648438,26.649999618530273,26.56999969482422,26.56999969482422,1220,0.0,0.0,ARLP,2m
2026-04-13 10:02:00-04:00,26.56999969482422,26.56999969482422,26.5,26.5,1422,0.0,0.0,ARLP,2m
2026-04-13 10:04:00-04:00,26.430099487304688,26.430099487304688,26.430099487304688,26.430099487304688,1762,0.0,0.0,ARLP,2m
2026-04-13 10:06:00-04:00,26.594999313354492,26.594999313354492,26.594999313354492,26.594999313354492,748,0.0,0.0,ARLP,2m
2026-04-13 10:08:00-04:00,26.760000228881836,26.760000228881836,26.604999542236328,26.604999542236328,254,0.0,0.0,ARLP,2m
2026-04-13 10:14:00-04:00,26.55500030517578,26.55500030517578,26.55500030517578,26.55500030517578,819,0.0,0.0,ARLP,2m
2026-04-13 10:18:00-04:00,26.55500030517578,26.6299991607666,26.55500030517578,26.559999465942383,2535,0.0,0.0,ARLP,2m
2026-04-13 10:20:00-04:00,26.540000915527344,26.599899291992188,26.530000686645508,26.56999969482422,1708,0.0,0.0,ARLP,2m
2026-04-13 10:22:00-04:00,26.575000762939453,26.614999771118164,26.56999969482422,26.614999771118164,4051,0.0,0.0,ARLP,2m
2026-04-13 10:24:00-04:00,26.614999771118164,26.66990089416504,26.614999771118164,26.66990089416504,3376,0.0,0.0,ARLP,2m
2026-04-13 10:26:00-04:00,26.65999984741211,26.65999984741211,26.65999984741211,26.65999984741211,299,0.0,0.0,ARLP,2m
2026-04-13 10:30:00-04:00,26.56999969482422,26.610000610351562,26.56999969482422,26.610000610351562,2052,0.0,0.0,ARLP,2m
2026-04-13 10:34:00-04:00,26.59000015258789,26.59000015258789,26.59000015258789,26.59000015258789,398,0.0,0.0,ARLP,2m
2026-04-13 10:36:00-04:00,26.610000610351562,26.610000610351562,26.610000610351562,26.610000610351562,297,0.0,0.0,ARLP,2m
2026-04-13 10:38:00-04:00,26.579999923706055,26.58489990234375,26.579999923706055,26.58489990234375,1194,0.0,0.0,ARLP,2m
2026-04-13 10:40:00-04:00,26.59000015258789,26.59000015258789,26.56999969482422,26.56999969482422,1024,0.0,0.0,ARLP,2m
2026-04-13 10:42:00-04:00,26.55500030517578,26.55500030517578,26.55500030517578,26.55500030517578,814,0.0,0.0,ARLP,2m
2026-04-13 10:56:00-04:00,26.56999969482422,26.56999969482422,26.56999969482422,26.56999969482422,200,0.0,0.0,ARLP,2m
2026-04-13 10:58:00-04:00,26.56999969482422,26.6299991607666,26.56999969482422,26.6299991607666,3808,0.0,0.0,ARLP,2m
2026-04-13 11:00:00-04:00,26.639999389648438,26.639999389648438,26.600000381469727,26.600000381469727,3637,0.0,0.0,ARLP,2m
2026-04-13 11:10:00-04:00,26.565000534057617,26.600000381469727,26.565000534057617,26.594999313354492,1180,0.0,0.0,ARLP,2m
2026-04-13 11:14:00-04:00,26.599700927734375,26.599700927734375,26.599700927734375,26.599700927734375,343,0.0,0.0,ARLP,2m
2026-04-13 11:16:00-04:00,26.600000381469727,26.600000381469727,26.600000381469727,26.600000381469727,473,0.0,0.0,ARLP,2m
2026-04-13 11:18:00-04:00,26.559999465942383,26.600000381469727,26.545000076293945,26.56999969482422,1943,0.0,0.0,ARLP,2m
2026-04-13 11:20:00-04:00,26.560100555419922,26.560100555419922,26.560100555419922,26.560100555419922,651,0.0,0.0,ARLP,2m
2026-04-13 11:22:00-04:00,26.553699493408203,26.553699493408203,26.5,26.5,371,0.0,0.0,ARLP,2m
2026-04-13 11:24:00-04:00,26.536100387573242,26.536100387573242,26.536100387573242,26.536100387573242,156,0.0,0.0,ARLP,2m
2026-04-13 11:30:00-04:00,26.54210090637207,26.54210090637207,26.54210090637207,26.54210090637207,408,0.0,0.0,ARLP,2m
2026-04-13 11:32:00-04:00,26.549999237060547,26.549999237060547,26.549999237060547,26.549999237060547,240,0.0,0.0,ARLP,2m
2026-04-13 11:34:00-04:00,26.549999237060547,26.549999237060547,26.549999237060547,26.549999237060547,700,0.0,0.0,ARLP,2m
2026-04-13 11:36:00-04:00,26.549999237060547,26.55069923400879,26.549999237060547,26.549999237060547,997,0.0,0.0,ARLP,2m
2026-04-13 11:38:00-04:00,26.549999237060547,26.549999237060547,26.469999313354492,26.485000610351562,5698,0.0,0.0,ARLP,2m
2026-04-13 11:44:00-04:00,26.514999389648438,26.514999389648438,26.510000228881836,26.510000228881836,2768,0.0,0.0,ARLP,2m
2026-04-13 11:52:00-04:00,26.520000457763672,26.520000457763672,26.520000457763672,26.520000457763672,714,0.0,0.0,ARLP,2m
2026-04-13 11:58:00-04:00,26.52199935913086,26.52199935913086,26.52199935913086,26.52199935913086,110,0.0,0.0,ARLP,2m
2026-04-13 12:00:00-04:00,26.549999237060547,26.594999313354492,26.549999237060547,26.59000015258789,5110,0.0,0.0,ARLP,2m
2026-04-13 12:04:00-04:00,26.600000381469727,26.600000381469727,26.594999313354492,26.594999313354492,1482,0.0,0.0,ARLP,2m
2026-04-13 12:10:00-04:00,26.575000762939453,26.584999084472656,26.5,26.549999237060547,15360,0.0,0.0,ARLP,2m
2026-04-13 12:16:00-04:00,26.559900283813477,26.559900283813477,26.530000686645508,26.530000686645508,476,0.0,0.0,ARLP,2m
2026-04-13 12:18:00-04:00,26.530000686645508,26.530000686645508,26.530000686645508,26.530000686645508,1342,0.0,0.0,ARLP,2m
2026-04-13 12:20:00-04:00,26.520000457763672,26.520000457763672,26.520000457763672,26.520000457763672,1106,0.0,0.0,ARLP,2m
2026-04-13 12:22:00-04:00,26.519899368286133,26.530000686645508,26.519899368286133,26.530000686645508,2365,0.0,0.0,ARLP,2m
2026-04-13 12:24:00-04:00,26.559999465942383,26.559999465942383,26.559999465942383,26.559999465942383,177,0.0,0.0,ARLP,2m
2026-04-13 12:28:00-04:00,26.559999465942383,26.559999465942383,26.559999465942383,26.559999465942383,101,0.0,0.0,ARLP,2m
2026-04-13 12:30:00-04:00,26.559999465942383,26.559999465942383,26.559999465942383,26.559999465942383,443,0.0,0.0,ARLP,2m
2026-04-13 12:32:00-04:00,26.53499984741211,26.559999465942383,26.53499984741211,26.559999465942383,674,0.0,0.0,ARLP,2m
2026-04-13 12:34:00-04:00,26.559999465942383,26.559999465942383,26.5,26.5,3043,0.0,0.0,ARLP,2m
2026-04-13 12:36:00-04:00,26.469999313354492,26.520000457763672,26.469999313354492,26.520000457763672,2568,0.0,0.0,ARLP,2m
2026-04-13 12:38:00-04:00,26.5393009185791,26.5393009185791,26.5393009185791,26.5393009185791,141,0.0,0.0,ARLP,2m
2026-04-13 12:40:00-04:00,26.530000686645508,26.530000686645508,26.530000686645508,26.530000686645508,301,0.0,0.0,ARLP,2m
2026-04-13 12:42:00-04:00,26.530000686645508,26.530000686645508,26.5049991607666,26.5049991607666,926,0.0,0.0,ARLP,2m
2026-04-13 12:54:00-04:00,26.549999237060547,26.549999237060547,26.549999237060547,26.549999237060547,798,0.0,0.0,ARLP,2m
2026-04-13 12:58:00-04:00,26.53499984741211,26.53499984741211,26.53499984741211,26.53499984741211,110,0.0,0.0,ARLP,2m
2026-04-13 13:00:00-04:00,26.53499984741211,26.579999923706055,26.53499984741211,26.579999923706055,1365,0.0,0.0,ARLP,2m
2026-04-13 13:02:00-04:00,26.559999465942383,26.559999465942383,26.516199111938477,26.540000915527344,2652,0.0,0.0,ARLP,2m
2026-04-13 13:04:00-04:00,26.520000457763672,26.520000457763672,26.460100173950195,26.5,25147,0.0,0.0,ARLP,2m
2026-04-13 13:06:00-04:00,26.520000457763672,26.520000457763672,26.5,26.5,1074,0.0,0.0,ARLP,2m
2026-04-13 13:14:00-04:00,26.520000457763672,26.520000457763672,26.5,26.5,700,0.0,0.0,ARLP,2m
2026-04-13 13:16:00-04:00,26.50659942626953,26.50659942626953,26.50659942626953,26.50659942626953,1344,0.0,0.0,ARLP,2m
2026-04-13 13:18:00-04:00,26.479999542236328,26.479999542236328,26.479999542236328,26.479999542236328,655,0.0,0.0,ARLP,2m
2026-04-13 13:24:00-04:00,26.489999771118164,26.489999771118164,26.469999313354492,26.469999313354492,1454,0.0,0.0,ARLP,2m
2026-04-13 13:30:00-04:00,26.489999771118164,26.489999771118164,26.489999771118164,26.489999771118164,200,0.0,0.0,ARLP,2m
2026-04-13 13:32:00-04:00,26.489999771118164,26.489999771118164,26.450000762939453,26.454999923706055,1347,0.0,0.0,ARLP,2m
2026-04-13 13:34:00-04:00,26.450000762939453,26.450000762939453,26.43000030517578,26.450000762939453,5289,0.0,0.0,ARLP,2m
2026-04-13 13:36:00-04:00,26.420000076293945,26.46500015258789,26.420000076293945,26.46500015258789,301,0.0,0.0,ARLP,2m
2026-04-13 13:38:00-04:00,26.440000534057617,26.440000534057617,26.420000076293945,26.420000076293945,1452,0.0,0.0,ARLP,2m
2026-04-13 13:50:00-04:00,26.40999984741211,26.40999984741211,26.40999984741211,26.40999984741211,1037,0.0,0.0,ARLP,2m
2026-04-13 13:54:00-04:00,26.420000076293945,26.420000076293945,26.3799991607666,26.3799991607666,3805,0.0,0.0,ARLP,2m
2026-04-13 14:04:00-04:00,26.399999618530273,26.399999618530273,26.385499954223633,26.385499954223633,1382,0.0,0.0,ARLP,2m
2026-04-13 14:08:00-04:00,26.364999771118164,26.364999771118164,26.364999771118164,26.364999771118164,354,0.0,0.0,ARLP,2m
2026-04-13 14:12:00-04:00,26.341999053955078,26.341999053955078,26.34000015258789,26.34000015258789,3474,0.0,0.0,ARLP,2m
2026-04-13 14:14:00-04:00,26.3799991607666,26.3799991607666,26.309999465942383,26.309999465942383,0,0.0,0.0,ARLP,2m
2026-04-13 14:18:00-04:00,26.350000381469727,26.350000381469727,26.350000381469727,26.350000381469727,558,0.0,0.0,ARLP,2m
2026-04-13 14:20:00-04:00,26.350000381469727,26.350000381469727,26.350000381469727,26.350000381469727,550,0.0,0.0,ARLP,2m
2026-04-13 14:24:00-04:00,26.350000381469727,26.350000381469727,26.350000381469727,26.350000381469727,576,0.0,0.0,ARLP,2m
2026-04-13 14:30:00-04:00,26.34000015258789,26.34000015258789,26.31999969482422,26.329999923706055,1188,0.0,0.0,ARLP,2m
2026-04-13 14:32:00-04:00,26.327699661254883,26.33880043029785,26.327699661254883,26.33880043029785,2239,0.0,0.0,ARLP,2m
2026-04-13 14:34:00-04:00,26.334999084472656,26.334999084472656,26.329999923706055,26.329999923706055,1256,0.0,0.0,ARLP,2m
2026-04-13 14:36:00-04:00,26.309999465942383,26.309999465942383,26.299999237060547,26.309999465942383,1567,0.0,0.0,ARLP,2m
2026-04-13 14:42:00-04:00,26.350000381469727,26.350000381469727,26.350000381469727,26.350000381469727,226,0.0,0.0,ARLP,2m
2026-04-13 14:44:00-04:00,26.350000381469727,26.350000381469727,26.350000381469727,26.350000381469727,1087,0.0,0.0,ARLP,2m
2026-04-13 14:46:00-04:00,26.350000381469727,26.3799991607666,26.350000381469727,26.3799991607666,450,0.0,0.0,ARLP,2m
2026-04-13 14:48:00-04:00,26.385000228881836,26.385000228881836,26.385000228881836,26.385000228881836,807,0.0,0.0,ARLP,2m
2026-04-13 14:56:00-04:00,26.299999237060547,26.344999313354492,26.299999237060547,26.344999313354492,1991,0.0,0.0,ARLP,2m
2026-04-13 15:00:00-04:00,26.344999313354492,26.344999313354492,26.344999313354492,26.344999313354492,2122,0.0,0.0,ARLP,2m
2026-04-13 15:10:00-04:00,26.280000686645508,26.280000686645508,26.280000686645508,26.280000686645508,495,0.0,0.0,ARLP,2m
2026-04-13 15:14:00-04:00,26.280000686645508,26.280000686645508,26.260000228881836,26.260000228881836,1375,0.0,0.0,ARLP,2m
2026-04-13 15:22:00-04:00,26.25,26.25,26.25,26.25,385,0.0,0.0,ARLP,2m
2026-04-13 15:26:00-04:00,26.260000228881836,26.260000228881836,26.260000228881836,26.260000228881836,135,0.0,0.0,ARLP,2m
2026-04-13 15:28:00-04:00,26.260000228881836,26.260000228881836,26.260000228881836,26.260000228881836,1498,0.0,0.0,ARLP,2m
2026-04-13 15:34:00-04:00,26.28499984741211,26.28499984741211,26.28499984741211,26.28499984741211,169,0.0,0.0,ARLP,2m
2026-04-13 15:36:00-04:00,26.219999313354492,26.2367000579834,26.219999313354492,26.2367000579834,1323,0.0,0.0,ARLP,2m
2026-04-13 15:38:00-04:00,26.239999771118164,26.270000457763672,26.239999771118164,26.270000457763672,1126,0.0,0.0,ARLP,2m
2026-04-13 15:42:00-04:00,26.290000915527344,26.290000915527344,26.290000915527344,26.290000915527344,204,0.0,0.0,ARLP,2m
2026-04-13 15:44:00-04:00,26.290000915527344,26.290000915527344,26.290000915527344,26.290000915527344,571,0.0,0.0,ARLP,2m
2026-04-13 15:48:00-04:00,26.274999618530273,26.31999969482422,26.274999618530273,26.309999465942383,2368,0.0,0.0,ARLP,2m
2026-04-13 15:50:00-04:00,26.30500030517578,26.30500030517578,26.30500030517578,26.30500030517578,491,0.0,0.0,ARLP,2m
2026-04-13 15:52:00-04:00,26.30500030517578,26.34000015258789,26.30500030517578,26.34000015258789,947,0.0,0.0,ARLP,2m
2026-04-13 15:54:00-04:00,26.329999923706055,26.350000381469727,26.329999923706055,26.350000381469727,1322,0.0,0.0,ARLP,2m
2026-04-13 15:56:00-04:00,26.389999389648438,26.450000762939453,26.3799991607666,26.440000534057617,6114,0.0,0.0,ARLP,2m
2026-04-13 15:58:00-04:00,26.40999984741211,26.40999984741211,26.399999618530273,26.399999618530273,3103,0.0,0.0,ARLP,2m
2026-04-14 09:30:00-04:00,26.389999389648438,26.389999389648438,26.389999389648438,26.389999389648438,19775,0.0,0.0,ARLP,2m
2026-04-14 09:32:00-04:00,26.299999237060547,26.299999237060547,26.190000534057617,26.200000762939453,5014,0.0,0.0,ARLP,2m
2026-04-14 09:34:00-04:00,26.295000076293945,26.295000076293945,26.150100708007812,26.249900817871094,1443,0.0,0.0,ARLP,2m
2026-04-14 09:36:00-04:00,26.132999420166016,26.132999420166016,26.132999420166016,26.132999420166016,582,0.0,0.0,ARLP,2m
2026-04-14 09:38:00-04:00,26.079999923706055,26.09000015258789,26.020000457763672,26.020000457763672,4068,0.0,0.0,ARLP,2m
2026-04-14 09:40:00-04:00,26.0,26.0,25.829999923706055,25.96310043334961,30227,0.0,0.0,ARLP,2m
2026-04-14 09:42:00-04:00,25.924999237060547,25.94499969482422,25.924999237060547,25.94499969482422,3540,0.0,0.0,ARLP,2m
2026-04-14 09:44:00-04:00,25.9950008392334,25.9950008392334,25.975000381469727,25.975000381469727,2693,0.0,0.0,ARLP,2m
2026-04-14 09:46:00-04:00,25.969999313354492,25.969999313354492,25.969999313354492,25.969999313354492,253,0.0,0.0,ARLP,2m
2026-04-14 09:48:00-04:00,25.969999313354492,25.969999313354492,25.920000076293945,25.940000534057617,4415,0.0,0.0,ARLP,2m
2026-04-14 09:50:00-04:00,25.90999984741211,25.940000534057617,25.888099670410156,25.940000534057617,1779,0.0,0.0,ARLP,2m
2026-04-14 09:52:00-04:00,25.950000762939453,25.950000762939453,25.93000030517578,25.93000030517578,3435,0.0,0.0,ARLP,2m
2026-04-14 09:54:00-04:00,25.959999084472656,26.0,25.959999084472656,25.969999313354492,2501,0.0,0.0,ARLP,2m
2026-04-14 09:56:00-04:00,25.969999313354492,25.969999313354492,25.920000076293945,25.920000076293945,593,0.0,0.0,ARLP,2m
2026-04-14 10:00:00-04:00,26.010000228881836,26.010000228881836,25.920000076293945,25.920000076293945,9745,0.0,0.0,ARLP,2m
2026-04-14 10:02:00-04:00,25.924999237060547,25.924999237060547,25.850000381469727,25.850000381469727,2549,0.0,0.0,ARLP,2m
2026-04-14 10:04:00-04:00,25.88990020751953,25.889999389648438,25.810100555419922,25.860000610351562,4298,0.0,0.0,ARLP,2m
2026-04-14 10:06:00-04:00,25.875,25.875,25.875,25.875,131,0.0,0.0,ARLP,2m
2026-04-14 10:08:00-04:00,25.8799991607666,25.8799991607666,25.875,25.875,661,0.0,0.0,ARLP,2m
2026-04-14 10:10:00-04:00,25.8799991607666,25.8799991607666,25.860000610351562,25.860000610351562,1538,0.0,0.0,ARLP,2m
2026-04-14 10:12:00-04:00,25.860000610351562,25.860000610351562,25.84000015258789,25.84000015258789,1436,0.0,0.0,ARLP,2m
2026-04-14 10:14:00-04:00,25.83799934387207,25.84000015258789,25.83650016784668,25.84000015258789,1750,0.0,0.0,ARLP,2m
2026-04-14 10:16:00-04:00,25.81999969482422,25.860000610351562,25.81999969482422,25.860000610351562,3327,0.0,0.0,ARLP,2m
2026-04-14 10:18:00-04:00,25.860000610351562,25.940000534057617,25.790000915527344,25.80500030517578,9273,0.0,0.0,ARLP,2m
2026-04-14 10:20:00-04:00,25.80500030517578,25.80500030517578,25.799999237060547,25.799999237060547,488,0.0,0.0,ARLP,2m
2026-04-14 10:22:00-04:00,25.760000228881836,25.760000228881836,25.739999771118164,25.760000228881836,1768,0.0,0.0,ARLP,2m
2026-04-14 10:24:00-04:00,25.789899826049805,25.789899826049805,25.68000030517578,25.68000030517578,1737,0.0,0.0,ARLP,2m
2026-04-14 10:26:00-04:00,25.670000076293945,25.760000228881836,25.6200008392334,25.670000076293945,2603,0.0,0.0,ARLP,2m
2026-04-14 10:28:00-04:00,25.68000030517578,25.719900131225586,25.68000030517578,25.719900131225586,9647,0.0,0.0,ARLP,2m
2026-04-14 10:30:00-04:00,25.701499938964844,25.719999313354492,25.700000762939453,25.719999313354492,522,0.0,0.0,ARLP,2m
2026-04-14 10:32:00-04:00,25.700000762939453,25.788799285888672,25.700000762939453,25.788799285888672,825,0.0,0.0,ARLP,2m
2026-04-14 10:34:00-04:00,25.670000076293945,25.670000076293945,25.670000076293945,25.670000076293945,2565,0.0,0.0,ARLP,2m
2026-04-14 10:40:00-04:00,25.65999984741211,25.65999984741211,25.56999969482422,25.625,15149,0.0,0.0,ARLP,2m
2026-04-14 10:42:00-04:00,25.625,25.625,25.57979965209961,25.579999923706055,981,0.0,0.0,ARLP,2m
2026-04-14 10:44:00-04:00,25.679000854492188,25.68000030517578,25.6200008392334,25.68000030517578,1672,0.0,0.0,ARLP,2m
2026-04-14 10:46:00-04:00,25.65999984741211,25.65999984741211,25.65999984741211,25.65999984741211,600,0.0,0.0,ARLP,2m
2026-04-14 10:50:00-04:00,25.65999984741211,25.65999984741211,25.579999923706055,25.6299991607666,2137,0.0,0.0,ARLP,2m
2026-04-14 10:52:00-04:00,25.649999618530273,25.700000762939453,25.645000457763672,25.700000762939453,4831,0.0,0.0,ARLP,2m
2026-04-14 10:54:00-04:00,25.649999618530273,25.649999618530273,25.639999389648438,25.639999389648438,3560,0.0,0.0,ARLP,2m
2026-04-14 10:56:00-04:00,25.65999984741211,25.729999542236328,25.65999984741211,25.670000076293945,2665,0.0,0.0,ARLP,2m
2026-04-14 10:58:00-04:00,25.670000076293945,25.670000076293945,25.610000610351562,25.65999984741211,1257,0.0,0.0,ARLP,2m
2026-04-14 11:00:00-04:00,25.665000915527344,25.665000915527344,25.665000915527344,25.665000915527344,424,0.0,0.0,ARLP,2m
2026-04-14 11:02:00-04:00,25.649999618530273,25.655000686645508,25.649999618530273,25.655000686645508,5803,0.0,0.0,ARLP,2m
2026-04-14 11:04:00-04:00,25.68000030517578,25.68000030517578,25.68000030517578,25.68000030517578,3484,0.0,0.0,ARLP,2m
2026-04-14 11:06:00-04:00,25.75279998779297,25.75279998779297,25.75279998779297,25.75279998779297,229,0.0,0.0,ARLP,2m
2026-04-14 11:10:00-04:00,25.709999084472656,25.709999084472656,25.700000762939453,25.700000762939453,2447,0.0,0.0,ARLP,2m
2026-04-14 11:12:00-04:00,25.73509979248047,25.73509979248047,25.735000610351562,25.735000610351562,1403,0.0,0.0,ARLP,2m
2026-04-14 11:14:00-04:00,25.719999313354492,25.729999542236328,25.719999313354492,25.729999542236328,1186,0.0,0.0,ARLP,2m
2026-04-14 11:16:00-04:00,25.725000381469727,25.725000381469727,25.725000381469727,25.725000381469727,1944,0.0,0.0,ARLP,2m
2026-04-14 11:18:00-04:00,25.725000381469727,25.725000381469727,25.725000381469727,25.725000381469727,332,0.0,0.0,ARLP,2m
2026-04-14 11:20:00-04:00,25.690099716186523,25.690099716186523,25.690000534057617,25.690000534057617,825,0.0,0.0,ARLP,2m
2026-04-14 11:22:00-04:00,25.719999313354492,25.719999313354492,25.719999313354492,25.719999313354492,1215,0.0,0.0,ARLP,2m
2026-04-14 11:24:00-04:00,25.630399703979492,25.630399703979492,25.6299991607666,25.6299991607666,5236,0.0,0.0,ARLP,2m
2026-04-14 11:28:00-04:00,25.65999984741211,25.65999984741211,25.65999984741211,25.65999984741211,190,0.0,0.0,ARLP,2m
2026-04-14 11:30:00-04:00,25.65999984741211,25.677400588989258,25.65999984741211,25.665000915527344,3177,0.0,0.0,ARLP,2m
2026-04-14 11:32:00-04:00,25.679899215698242,25.679899215698242,25.679899215698242,25.679899215698242,1099,0.0,0.0,ARLP,2m
2026-04-14 11:34:00-04:00,25.635000228881836,25.635000228881836,25.635000228881836,25.635000228881836,409,0.0,0.0,ARLP,2m
2026-04-14 11:36:00-04:00,25.639999389648438,25.649999618530273,25.639999389648438,25.649999618530273,1658,0.0,0.0,ARLP,2m
2026-04-14 11:38:00-04:00,25.649999618530273,25.649999618530273,25.639999389648438,25.649999618530273,1781,0.0,0.0,ARLP,2m
2026-04-14 11:40:00-04:00,25.639999389648438,25.640100479125977,25.579999923706055,25.579999923706055,9792,0.0,0.0,ARLP,2m
2026-04-14 11:42:00-04:00,25.594999313354492,25.594999313354492,25.56999969482422,25.56999969482422,4211,0.0,0.0,ARLP,2m
2026-04-14 11:44:00-04:00,25.56999969482422,25.610000610351562,25.56999969482422,25.594999313354492,9426,0.0,0.0,ARLP,2m
2026-04-14 11:48:00-04:00,25.594999313354492,25.594999313354492,25.594999313354492,25.594999313354492,2374,0.0,0.0,ARLP,2m
2026-04-14 11:56:00-04:00,25.530000686645508,25.579999923706055,25.530000686645508,25.579999923706055,5380,0.0,0.0,ARLP,2m
2026-04-14 11:58:00-04:00,25.530000686645508,25.530000686645508,25.530000686645508,25.530000686645508,557,0.0,0.0,ARLP,2m
2026-04-14 12:00:00-04:00,25.55500030517578,25.55500030517578,25.530000686645508,25.549999237060547,3719,0.0,0.0,ARLP,2m
2026-04-14 12:02:00-04:00,25.549999237060547,25.549999237060547,25.41320037841797,25.454999923706055,21563,0.0,0.0,ARLP,2m
2026-04-14 12:04:00-04:00,25.420000076293945,25.454999923706055,25.420000076293945,25.43000030517578,3725,0.0,0.0,ARLP,2m
2026-04-14 12:06:00-04:00,25.444900512695312,25.454999923706055,25.43000030517578,25.454999923706055,4400,0.0,0.0,ARLP,2m
2026-04-14 12:08:00-04:00,25.454999923706055,25.549999237060547,25.43000030517578,25.485000610351562,7091,0.0,0.0,ARLP,2m
2026-04-14 12:10:00-04:00,25.508800506591797,25.510900497436523,25.5049991607666,25.510900497436523,699,0.0,0.0,ARLP,2m
2026-04-14 12:12:00-04:00,25.510000228881836,25.549999237060547,25.5,25.540000915527344,4610,0.0,0.0,ARLP,2m
2026-04-14 12:16:00-04:00,25.510000228881836,25.510000228881836,25.510000228881836,25.510000228881836,316,0.0,0.0,ARLP,2m
2026-04-14 12:18:00-04:00,25.469999313354492,25.47010040283203,25.469999313354492,25.47010040283203,1182,0.0,0.0,ARLP,2m
2026-04-14 12:20:00-04:00,25.485000610351562,25.5,25.459999084472656,25.5,2676,0.0,0.0,ARLP,2m
2026-04-14 12:22:00-04:00,25.46500015258789,25.46500015258789,25.46500015258789,25.46500015258789,658,0.0,0.0,ARLP,2m
2026-04-14 12:24:00-04:00,25.46500015258789,25.469999313354492,25.459999084472656,25.459999084472656,1386,0.0,0.0,ARLP,2m
2026-04-14 12:26:00-04:00,25.480100631713867,25.480100631713867,25.480100631713867,25.480100631713867,320,0.0,0.0,ARLP,2m
2026-04-14 12:28:00-04:00,25.454999923706055,25.5,25.440000534057617,25.5,3796,0.0,0.0,ARLP,2m
2026-04-14 12:32:00-04:00,25.510000228881836,25.510000228881836,25.510000228881836,25.510000228881836,216,0.0,0.0,ARLP,2m
2026-04-14 12:34:00-04:00,25.47949981689453,25.520000457763672,25.47949981689453,25.520000457763672,823,0.0,0.0,ARLP,2m
2026-04-14 12:36:00-04:00,25.530000686645508,25.610000610351562,25.530000686645508,25.610000610351562,5353,0.0,0.0,ARLP,2m
2026-04-14 12:38:00-04:00,25.549999237060547,25.549999237060547,25.549999237060547,25.549999237060547,277,0.0,0.0,ARLP,2m
2026-04-14 12:40:00-04:00,25.559999465942383,25.559999465942383,25.559999465942383,25.559999465942383,1182,0.0,0.0,ARLP,2m
2026-04-14 12:42:00-04:00,25.560100555419922,25.560100555419922,25.559999465942383,25.559999465942383,3359,0.0,0.0,ARLP,2m
2026-04-14 12:44:00-04:00,25.5856990814209,25.5856990814209,25.5856990814209,25.5856990814209,2785,0.0,0.0,ARLP,2m
2026-04-14 12:46:00-04:00,25.6299991607666,25.6299991607666,25.610000610351562,25.610000610351562,1412,0.0,0.0,ARLP,2m
2026-04-14 12:48:00-04:00,25.6200008392334,25.649999618530273,25.610000610351562,25.649999618530273,2519,0.0,0.0,ARLP,2m
2026-04-14 12:52:00-04:00,25.604999542236328,25.604999542236328,25.604999542236328,25.604999542236328,556,0.0,0.0,ARLP,2m
2026-04-14 12:54:00-04:00,25.610000610351562,25.610000610351562,25.610000610351562,25.610000610351562,1392,0.0,0.0,ARLP,2m
2026-04-14 12:56:00-04:00,25.6200008392334,25.6200008392334,25.56999969482422,25.59000015258789,3803,0.0,0.0,ARLP,2m
2026-04-14 13:00:00-04:00,25.575000762939453,25.575000762939453,25.575000762939453,25.575000762939453,327,0.0,0.0,ARLP,2m
2026-04-14 13:02:00-04:00,25.579999923706055,25.709999084472656,25.579999923706055,25.709999084472656,1722,0.0,0.0,ARLP,2m
2026-04-14 13:04:00-04:00,25.70989990234375,25.70989990234375,25.70989990234375,25.70989990234375,294,0.0,0.0,ARLP,2m
2026-04-14 13:06:00-04:00,25.65999984741211,25.65999984741211,25.65999984741211,25.65999984741211,357,0.0,0.0,ARLP,2m
2026-04-14 13:08:00-04:00,25.655000686645508,25.655000686645508,25.655000686645508,25.655000686645508,343,0.0,0.0,ARLP,2m
2026-04-14 13:10:00-04:00,25.70989990234375,25.70989990234375,25.70989990234375,25.70989990234375,331,0.0,0.0,ARLP,2m
2026-04-14 13:12:00-04:00,25.65999984741211,25.65999984741211,25.65999984741211,25.65999984741211,909,0.0,0.0,ARLP,2m
2026-04-14 13:14:00-04:00,25.649999618530273,25.690000534057617,25.584999084472656,25.584999084472656,5520,0.0,0.0,ARLP,2m
2026-04-14 13:18:00-04:00,25.549999237060547,25.549999237060547,25.549999237060547,25.549999237060547,707,0.0,0.0,ARLP,2m
2026-04-14 13:20:00-04:00,25.584999084472656,25.584999084472656,25.551700592041016,25.584999084472656,5919,0.0,0.0,ARLP,2m
2026-04-14 13:26:00-04:00,25.584999084472656,25.6200008392334,25.584999084472656,25.6200008392334,1319,0.0,0.0,ARLP,2m
2026-04-14 13:28:00-04:00,25.584999084472656,25.584999084472656,25.584999084472656,25.584999084472656,368,0.0,0.0,ARLP,2m
2026-04-14 13:30:00-04:00,25.584999084472656,25.584999084472656,25.584999084472656,25.584999084472656,1188,0.0,0.0,ARLP,2m
2026-04-14 13:34:00-04:00,25.584999084472656,25.584999084472656,25.569700241088867,25.569700241088867,753,0.0,0.0,ARLP,2m
2026-04-14 13:36:00-04:00,25.575000762939453,25.575000762939453,25.575000762939453,25.575000762939453,863,0.0,0.0,ARLP,2m
2026-04-14 13:38:00-04:00,25.584999084472656,25.59000015258789,25.56999969482422,25.5762996673584,3638,0.0,0.0,ARLP,2m
2026-04-14 13:40:00-04:00,25.550100326538086,25.575000762939453,25.479999542236328,25.479999542236328,6199,0.0,0.0,ARLP,2m
2026-04-14 13:44:00-04:00,25.5049991607666,25.5049991607666,25.5049991607666,25.5049991607666,2000,0.0,0.0,ARLP,2m
2026-04-14 13:46:00-04:00,25.4950008392334,25.4950008392334,25.4950008392334,25.4950008392334,297,0.0,0.0,ARLP,2m
2026-04-14 13:48:00-04:00,25.4950008392334,25.4950008392334,25.350000381469727,25.360000610351562,5283,0.0,0.0,ARLP,2m
2026-04-14 13:50:00-04:00,25.309999465942383,25.31999969482422,25.309999465942383,25.31999969482422,5817,0.0,0.0,ARLP,2m
2026-04-14 13:52:00-04:00,25.349899291992188,25.350000381469727,25.34000015258789,25.350000381469727,2426,0.0,0.0,ARLP,2m
2026-04-14 13:58:00-04:00,25.349899291992188,25.349899291992188,25.31999969482422,25.31999969482422,448,0.0,0.0,ARLP,2m
2026-04-14 14:00:00-04:00,25.350000381469727,25.350000381469727,25.350000381469727,25.350000381469727,800,0.0,0.0,ARLP,2m
2026-04-14 14:02:00-04:00,25.3700008392334,25.489999771118164,25.3700008392334,25.489999771118164,8855,0.0,0.0,ARLP,2m
2026-04-14 14:04:00-04:00,25.395000457763672,25.395000457763672,25.395000457763672,25.395000457763672,260,0.0,0.0,ARLP,2m
2026-04-14 14:06:00-04:00,25.40999984741211,25.40999984741211,25.389999389648438,25.389999389648438,1201,0.0,0.0,ARLP,2m
2026-04-14 14:08:00-04:00,25.420900344848633,25.420900344848633,25.420900344848633,25.420900344848633,1008,0.0,0.0,ARLP,2m
2026-04-14 14:12:00-04:00,25.43000030517578,25.43000030517578,25.415000915527344,25.420000076293945,2607,0.0,0.0,ARLP,2m
2026-04-14 14:14:00-04:00,25.449899673461914,25.449899673461914,25.449899673461914,25.449899673461914,2000,0.0,0.0,ARLP,2m
2026-04-14 14:16:00-04:00,25.420000076293945,25.434999465942383,25.420000076293945,25.434999465942383,401,0.0,0.0,ARLP,2m
2026-04-14 14:18:00-04:00,25.420000076293945,25.420000076293945,25.420000076293945,25.420000076293945,549,0.0,0.0,ARLP,2m
2026-04-14 14:20:00-04:00,25.420000076293945,25.420000076293945,25.40999984741211,25.40999984741211,3468,0.0,0.0,ARLP,2m
2026-04-14 14:24:00-04:00,25.389999389648438,25.389999389648438,25.389999389648438,25.389999389648438,943,0.0,0.0,ARLP,2m
2026-04-14 14:28:00-04:00,25.3799991607666,25.389999389648438,25.3799991607666,25.389999389648438,1053,0.0,0.0,ARLP,2m
2026-04-14 14:30:00-04:00,25.3700008392334,25.389999389648438,25.3700008392334,25.386199951171875,1120,0.0,0.0,ARLP,2m
2026-04-14 14:32:00-04:00,25.389999389648438,25.40999984741211,25.389999389648438,25.40999984741211,2156,0.0,0.0,ARLP,2m
2026-04-14 14:34:00-04:00,25.3981990814209,25.40999984741211,25.3981990814209,25.40999984741211,6124,0.0,0.0,ARLP,2m
2026-04-14 14:36:00-04:00,25.389999389648438,25.389999389648438,25.389999389648438,25.389999389648438,3423,0.0,0.0,ARLP,2m
2026-04-14 14:40:00-04:00,25.399999618530273,25.420000076293945,25.399999618530273,25.420000076293945,2055,0.0,0.0,ARLP,2m
2026-04-14 14:42:00-04:00,25.399999618530273,25.399999618530273,25.399999618530273,25.399999618530273,3417,0.0,0.0,ARLP,2m
2026-04-14 14:48:00-04:00,25.440000534057617,25.440000534057617,25.440000534057617,25.440000534057617,6391,0.0,0.0,ARLP,2m
2026-04-14 14:50:00-04:00,25.40999984741211,25.40999984741211,25.40999984741211,25.40999984741211,1320,0.0,0.0,ARLP,2m
2026-04-14 14:54:00-04:00,25.420000076293945,25.420000076293945,25.420000076293945,25.420000076293945,800,0.0,0.0,ARLP,2m
2026-04-14 14:56:00-04:00,25.440000534057617,25.440000534057617,25.420000076293945,25.420000076293945,864,0.0,0.0,ARLP,2m
2026-04-14 14:58:00-04:00,25.399999618530273,25.420000076293945,25.399999618530273,25.420000076293945,1299,0.0,0.0,ARLP,2m
2026-04-14 15:00:00-04:00,25.399999618530273,25.454999923706055,25.389999389648438,25.454999923706055,9205,0.0,0.0,ARLP,2m
2026-04-14 15:02:00-04:00,25.431499481201172,25.431499481201172,25.431499481201172,25.431499481201172,415,0.0,0.0,ARLP,2m
2026-04-14 15:04:00-04:00,25.43000030517578,25.43000030517578,25.43000030517578,25.43000030517578,682,0.0,0.0,ARLP,2m
2026-04-14 15:06:00-04:00,25.43000030517578,25.469999313354492,25.40999984741211,25.469999313354492,6427,0.0,0.0,ARLP,2m
2026-04-14 15:08:00-04:00,25.440000534057617,25.440000534057617,25.40999984741211,25.40999984741211,2244,0.0,0.0,ARLP,2m
2026-04-14 15:10:00-04:00,25.399999618530273,25.399999618530273,25.396299362182617,25.396299362182617,1333,0.0,0.0,ARLP,2m
2026-04-14 15:12:00-04:00,25.399999618530273,25.399999618530273,25.399999618530273,25.399999618530273,911,0.0,0.0,ARLP,2m
2026-04-14 15:14:00-04:00,25.399999618530273,25.399999618530273,25.399999618530273,25.399999618530273,522,0.0,0.0,ARLP,2m
2026-04-14 15:16:00-04:00,25.399999618530273,25.399999618530273,25.399999618530273,25.399999618530273,1767,0.0,0.0,ARLP,2m
2026-04-14 15:20:00-04:00,25.3799991607666,25.3799991607666,25.3799991607666,25.3799991607666,1154,0.0,0.0,ARLP,2m
2026-04-14 15:22:00-04:00,25.420000076293945,25.420000076293945,25.399999618530273,25.40999984741211,3208,0.0,0.0,ARLP,2m
2026-04-14 15:24:00-04:00,25.40999984741211,25.40999984741211,25.395000457763672,25.40999984741211,6277,0.0,0.0,ARLP,2m
2026-04-14 15:26:00-04:00,25.42889976501465,25.42889976501465,25.42889976501465,25.42889976501465,230,0.0,0.0,ARLP,2m
2026-04-14 15:28:00-04:00,25.424999237060547,25.424999237060547,25.424999237060547,25.424999237060547,260,0.0,0.0,ARLP,2m
2026-04-14 15:30:00-04:00,25.43000030517578,25.450000762939453,25.43000030517578,25.44499969482422,911,0.0,0.0,ARLP,2m
2026-04-14 15:32:00-04:00,25.44499969482422,25.44499969482422,25.44499969482422,25.44499969482422,706,0.0,0.0,ARLP,2m
2026-04-14 15:34:00-04:00,25.44499969482422,25.44499969482422,25.440000534057617,25.440000534057617,3087,0.0,0.0,ARLP,2m
2026-04-14 15:36:00-04:00,25.434999465942383,25.434999465942383,25.434999465942383,25.434999465942383,1233,0.0,0.0,ARLP,2m
2026-04-14 15:38:00-04:00,25.434999465942383,25.44499969482422,25.434999465942383,25.440000534057617,2426,0.0,0.0,ARLP,2m
2026-04-14 15:40:00-04:00,25.434999465942383,25.434999465942383,25.420900344848633,25.43000030517578,1732,0.0,0.0,ARLP,2m
2026-04-14 15:42:00-04:00,25.43000030517578,25.469999313354492,25.421499252319336,25.469999313354492,5425,0.0,0.0,ARLP,2m
2026-04-14 15:44:00-04:00,25.469999313354492,25.540000915527344,25.469999313354492,25.516599655151367,4889,0.0,0.0,ARLP,2m
2026-04-14 15:46:00-04:00,25.520000457763672,25.540000915527344,25.520000457763672,25.530000686645508,6637,0.0,0.0,ARLP,2m
2026-04-14 15:48:00-04:00,25.549999237060547,25.6299991607666,25.549999237060547,25.59600067138672,9677,0.0,0.0,ARLP,2m
2026-04-14 15:50:00-04:00,25.579999923706055,25.6299991607666,25.579999923706055,25.594999313354492,4405,0.0,0.0,ARLP,2m
2026-04-14 15:52:00-04:00,25.6299991607666,25.6299991607666,25.600000381469727,25.6299991607666,3898,0.0,0.0,ARLP,2m
2026-04-14 15:54:00-04:00,25.6299991607666,25.6299991607666,25.604999542236328,25.629899978637695,7914,0.0,0.0,ARLP,2m
2026-04-14 15:56:00-04:00,25.6299991607666,25.6299991607666,25.56999969482422,25.56999969482422,9133,0.0,0.0,ARLP,2m
2026-04-14 15:58:00-04:00,25.559999465942383,25.649999618530273,25.549999237060547,25.649999618530273,17700,0.0,0.0,ARLP,2m
2026-04-15 09:30:00-04:00,25.530000686645508,25.530000686645508,25.530000686645508,25.530000686645508,5041,0.0,0.0,ARLP,2m
2026-04-15 09:32:00-04:00,25.948200225830078,25.948200225830078,25.948200225830078,25.948200225830078,515,0.0,0.0,ARLP,2m
2026-04-15 09:34:00-04:00,25.655000686645508,25.655000686645508,25.655000686645508,25.655000686645508,1101,0.0,0.0,ARLP,2m
2026-04-15 09:36:00-04:00,25.56999969482422,25.56999969482422,25.56999969482422,25.56999969482422,1144,0.0,0.0,ARLP,2m
2026-04-15 09:38:00-04:00,25.634300231933594,25.634300231933594,25.634300231933594,25.634300231933594,170,0.0,0.0,ARLP,2m
2026-04-15 09:42:00-04:00,25.579999923706055,25.770000457763672,25.579999923706055,25.770000457763672,1689,0.0,0.0,ARLP,2m
2026-04-15 09:44:00-04:00,25.54010009765625,25.54010009765625,25.54010009765625,25.54010009765625,1342,0.0,0.0,ARLP,2m
2026-04-15 09:52:00-04:00,25.649999618530273,25.649999618530273,25.649999618530273,25.649999618530273,427,0.0,0.0,ARLP,2m
2026-04-15 09:54:00-04:00,25.649999618530273,25.649999618530273,25.649999618530273,25.649999618530273,306,0.0,0.0,ARLP,2m
2026-04-15 09:58:00-04:00,25.649999618530273,25.649999618530273,25.649999618530273,25.649999618530273,666,0.0,0.0,ARLP,2m
2026-04-15 10:04:00-04:00,25.64929962158203,25.64929962158203,25.64929962158203,25.64929962158203,6215,0.0,0.0,ARLP,2m
2026-04-15 10:08:00-04:00,25.639999389648438,25.649999618530273,25.639999389648438,25.649999618530273,2464,0.0,0.0,ARLP,2m
2026-04-15 10:10:00-04:00,25.6299991607666,25.6299991607666,25.600000381469727,25.600000381469727,12296,0.0,0.0,ARLP,2m
2026-04-15 10:12:00-04:00,25.670000076293945,25.670000076293945,25.670000076293945,25.670000076293945,596,0.0,0.0,ARLP,2m
2026-04-15 10:16:00-04:00,25.670000076293945,25.670000076293945,25.670000076293945,25.670000076293945,306,0.0,0.0,ARLP,2m
2026-04-15 10:24:00-04:00,25.604999542236328,25.604999542236328,25.55500030517578,25.559999465942383,3571,0.0,0.0,ARLP,2m
2026-04-15 10:26:00-04:00,25.565000534057617,25.59000015258789,25.565000534057617,25.59000015258789,4524,0.0,0.0,ARLP,2m
2026-04-15 10:28:00-04:00,25.56999969482422,25.604999542236328,25.56999969482422,25.604999542236328,4539,0.0,0.0,ARLP,2m
2026-04-15 10:44:00-04:00,25.614999771118164,25.614999771118164,25.614999771118164,25.614999771118164,256,0.0,0.0,ARLP,2m
2026-04-15 10:50:00-04:00,25.600000381469727,25.6382999420166,25.600000381469727,25.6382999420166,935,0.0,0.0,ARLP,2m
2026-04-15 10:52:00-04:00,25.651599884033203,25.670000076293945,25.651599884033203,25.670000076293945,579,0.0,0.0,ARLP,2m
2026-04-15 10:54:00-04:00,25.701400756835938,25.701400756835938,25.701400756835938,25.701400756835938,208,0.0,0.0,ARLP,2m
2026-04-15 10:56:00-04:00,25.665000915527344,25.665000915527344,25.665000915527344,25.665000915527344,555,0.0,0.0,ARLP,2m
2026-04-15 10:58:00-04:00,25.70989990234375,25.70989990234375,25.66010093688965,25.66010093688965,925,0.0,0.0,ARLP,2m
2026-04-15 11:00:00-04:00,25.665000915527344,25.665000915527344,25.665000915527344,25.665000915527344,1654,0.0,0.0,ARLP,2m
2026-04-15 11:04:00-04:00,25.639999389648438,25.65999984741211,25.639999389648438,25.65999984741211,2000,0.0,0.0,ARLP,2m
2026-04-15 11:10:00-04:00,25.65999984741211,25.719999313354492,25.65999984741211,25.719999313354492,1424,0.0,0.0,ARLP,2m
2026-04-15 11:12:00-04:00,25.700000762939453,25.700000762939453,25.700000762939453,25.700000762939453,2077,0.0,0.0,ARLP,2m
2026-04-15 11:18:00-04:00,25.6299991607666,25.6299991607666,25.6299991607666,25.6299991607666,784,0.0,0.0,ARLP,2m
2026-04-15 11:22:00-04:00,25.704999923706055,25.704999923706055,25.700000762939453,25.700000762939453,2877,0.0,0.0,ARLP,2m
2026-04-15 11:28:00-04:00,25.725000381469727,25.725000381469727,25.725000381469727,25.725000381469727,101,0.0,0.0,ARLP,2m
2026-04-15 11:30:00-04:00,25.725000381469727,25.780000686645508,25.70009994506836,25.70009994506836,564,0.0,0.0,ARLP,2m
2026-04-15 11:36:00-04:00,25.700000762939453,25.700000762939453,25.700000762939453,25.700000762939453,299,0.0,0.0,ARLP,2m
2026-04-15 11:38:00-04:00,25.700000762939453,25.749900817871094,25.700000762939453,25.749900817871094,415,0.0,0.0,ARLP,2m
2026-04-15 11:44:00-04:00,25.719900131225586,25.719900131225586,25.719900131225586,25.719900131225586,132,0.0,0.0,ARLP,2m
2026-04-15 11:48:00-04:00,25.68000030517578,25.68000030517578,25.68000030517578,25.68000030517578,2331,0.0,0.0,ARLP,2m
2026-04-15 12:00:00-04:00,25.6299991607666,25.65999984741211,25.6299991607666,25.65999984741211,361,0.0,0.0,ARLP,2m
2026-04-15 12:02:00-04:00,25.635099411010742,25.635099411010742,25.635099411010742,25.635099411010742,172,0.0,0.0,ARLP,2m
2026-04-15 12:04:00-04:00,25.65999984741211,25.65999984741211,25.65999984741211,25.65999984741211,436,0.0,0.0,ARLP,2m
2026-04-15 12:06:00-04:00,25.700000762939453,25.700000762939453,25.700000762939453,25.700000762939453,279,0.0,0.0,ARLP,2m
2026-04-15 12:10:00-04:00,25.700000762939453,25.700000762939453,25.700000762939453,25.700000762939453,245,0.0,0.0,ARLP,2m
2026-04-15 12:12:00-04:00,25.684999465942383,25.684999465942383,25.684999465942383,25.684999465942383,500,0.0,0.0,ARLP,2m
2026-04-15 12:14:00-04:00,25.684999465942383,25.684999465942383,25.684999465942383,25.684999465942383,250,0.0,0.0,ARLP,2m
2026-04-15 12:16:00-04:00,25.684999465942383,25.684999465942383,25.684999465942383,25.684999465942383,0,0.0,0.0,ARLP,2m
2026-04-15 12:20:00-04:00,25.684999465942383,25.684999465942383,25.649999618530273,25.649999618530273,2782,0.0,0.0,ARLP,2m
2026-04-15 12:22:00-04:00,25.655000686645508,25.655000686645508,25.655000686645508,25.655000686645508,155,0.0,0.0,ARLP,2m
2026-04-15 12:32:00-04:00,25.670000076293945,25.709999084472656,25.670000076293945,25.709999084472656,1059,0.0,0.0,ARLP,2m
2026-04-15 12:34:00-04:00,25.69499969482422,25.69499969482422,25.649999618530273,25.69499969482422,595,0.0,0.0,ARLP,2m
2026-04-15 12:42:00-04:00,25.67060089111328,25.67060089111328,25.67060089111328,25.67060089111328,1167,0.0,0.0,ARLP,2m
2026-04-15 12:44:00-04:00,25.674999237060547,25.674999237060547,25.674999237060547,25.674999237060547,146,0.0,0.0,ARLP,2m
2026-04-15 12:46:00-04:00,25.684999465942383,25.700000762939453,25.684999465942383,25.700000762939453,748,0.0,0.0,ARLP,2m
2026-04-15 12:50:00-04:00,25.71780014038086,25.71780014038086,25.71780014038086,25.71780014038086,703,0.0,0.0,ARLP,2m
2026-04-15 12:54:00-04:00,25.719900131225586,25.719900131225586,25.719900131225586,25.719900131225586,144,0.0,0.0,ARLP,2m
2026-04-15 13:02:00-04:00,25.709999084472656,25.709999084472656,25.709999084472656,25.709999084472656,374,0.0,0.0,ARLP,2m
2026-04-15 13:06:00-04:00,25.709999084472656,25.709999084472656,25.709999084472656,25.709999084472656,206,0.0,0.0,ARLP,2m
2026-04-15 13:08:00-04:00,25.709999084472656,25.719999313354492,25.709999084472656,25.719999313354492,4022,0.0,0.0,ARLP,2m
2026-04-15 13:12:00-04:00,25.68000030517578,25.71969985961914,25.68000030517578,25.71969985961914,453,0.0,0.0,ARLP,2m
2026-04-15 13:16:00-04:00,25.75,25.75,25.75,25.75,103,0.0,0.0,ARLP,2m
2026-04-15 13:20:00-04:00,25.719999313354492,25.729999542236328,25.6299991607666,25.639999389648438,15148,0.0,0.0,ARLP,2m
2026-04-15 13:22:00-04:00,25.604999542236328,25.649999618530273,25.575000762939453,25.58009910583496,5546,0.0,0.0,ARLP,2m
2026-04-15 13:24:00-04:00,25.639999389648438,25.639999389648438,25.639999389648438,25.639999389648438,597,0.0,0.0,ARLP,2m
2026-04-15 13:32:00-04:00,25.6299991607666,25.6299991607666,25.6299991607666,25.6299991607666,188,0.0,0.0,ARLP,2m
2026-04-15 13:40:00-04:00,25.625,25.625,25.625,25.625,1931,0.0,0.0,ARLP,2m
2026-04-15 13:44:00-04:00,25.621700286865234,25.621700286865234,25.621700286865234,25.621700286865234,1430,0.0,0.0,ARLP,2m
2026-04-15 13:46:00-04:00,25.649999618530273,25.649999618530273,25.635099411010742,25.635099411010742,1102,0.0,0.0,ARLP,2m
2026-04-15 13:48:00-04:00,25.649999618530273,25.66950035095215,25.6210994720459,25.6210994720459,4915,0.0,0.0,ARLP,2m
2026-04-15 13:58:00-04:00,25.606700897216797,25.606700897216797,25.606700897216797,25.606700897216797,282,0.0,0.0,ARLP,2m
2026-04-15 14:04:00-04:00,25.575000762939453,25.575000762939453,25.575000762939453,25.575000762939453,131,0.0,0.0,ARLP,2m
2026-04-15 14:08:00-04:00,25.604999542236328,25.604999542236328,25.604999542236328,25.604999542236328,269,0.0,0.0,ARLP,2m
2026-04-15 14:10:00-04:00,25.579999923706055,25.579999923706055,25.579999923706055,25.579999923706055,664,0.0,0.0,ARLP,2m
2026-04-15 14:18:00-04:00,25.530099868774414,25.55500030517578,25.530099868774414,25.55500030517578,534,0.0,0.0,ARLP,2m
2026-04-15 14:20:00-04:00,25.564599990844727,25.564599990844727,25.564599990844727,25.564599990844727,819,0.0,0.0,ARLP,2m
2026-04-15 14:24:00-04:00,25.604999542236328,25.604999542236328,25.604999542236328,25.604999542236328,508,0.0,0.0,ARLP,2m
2026-04-15 14:30:00-04:00,25.6299991607666,25.6299991607666,25.6299991607666,25.6299991607666,640,0.0,0.0,ARLP,2m
2026-04-15 14:32:00-04:00,25.645000457763672,25.645000457763672,25.645000457763672,25.645000457763672,1735,0.0,0.0,ARLP,2m
2026-04-15 14:40:00-04:00,25.649999618530273,25.649999618530273,25.649999618530273,25.649999618530273,429,0.0,0.0,ARLP,2m
2026-04-15 14:42:00-04:00,25.650100708007812,25.68000030517578,25.650100708007812,25.68000030517578,900,0.0,0.0,ARLP,2m
2026-04-15 14:50:00-04:00,25.674999237060547,25.700000762939453,25.649999618530273,25.700000762939453,2300,0.0,0.0,ARLP,2m
2026-04-15 14:52:00-04:00,25.656999588012695,25.656999588012695,25.656999588012695,25.656999588012695,269,0.0,0.0,ARLP,2m
2026-04-15 14:54:00-04:00,25.65999984741211,25.65999984741211,25.65999984741211,25.65999984741211,4828,0.0,0.0,ARLP,2m
2026-04-15 14:56:00-04:00,25.700000762939453,25.709999084472656,25.639999389648438,25.639999389648438,3100,0.0,0.0,ARLP,2m
2026-04-15 15:00:00-04:00,25.670000076293945,25.670000076293945,25.670000076293945,25.670000076293945,753,0.0,0.0,ARLP,2m
2026-04-15 15:06:00-04:00,25.68000030517578,25.764999389648438,25.68000030517578,25.764999389648438,2888,0.0,0.0,ARLP,2m
2026-04-15 15:08:00-04:00,25.849899291992188,25.850000381469727,25.764999389648438,25.84000015258789,5526,0.0,0.0,ARLP,2m
2026-04-15 15:10:00-04:00,25.850000381469727,25.850000381469727,25.850000381469727,25.850000381469727,729,0.0,0.0,ARLP,2m
2026-04-15 15:12:00-04:00,25.8799991607666,25.899999618530273,25.8799991607666,25.899999618530273,869,0.0,0.0,ARLP,2m
2026-04-15 15:14:00-04:00,25.899999618530273,25.899999618530273,25.8700008392334,25.889999389648438,1318,0.0,0.0,ARLP,2m
2026-04-15 15:16:00-04:00,25.889999389648438,25.899999618530273,25.844999313354492,25.899999618530273,2678,0.0,0.0,ARLP,2m
2026-04-15 15:18:00-04:00,25.899999618530273,25.899999618530273,25.799999237060547,25.889999389648438,1570,0.0,0.0,ARLP,2m
2026-04-15 15:20:00-04:00,25.8799991607666,25.889999389648438,25.8700008392334,25.8700008392334,912,0.0,0.0,ARLP,2m
2026-04-15 15:22:00-04:00,25.8700008392334,25.8799991607666,25.84000015258789,25.84000015258789,1341,0.0,0.0,ARLP,2m
2026-04-15 15:24:00-04:00,25.8700008392334,25.8799991607666,25.8700008392334,25.8799991607666,880,0.0,0.0,ARLP,2m
2026-04-15 15:26:00-04:00,25.844999313354492,25.8799991607666,25.809999465942383,25.8799991607666,2455,0.0,0.0,ARLP,2m
2026-04-15 15:28:00-04:00,25.8700008392334,25.8799991607666,25.8700008392334,25.8799991607666,979,0.0,0.0,ARLP,2m
2026-04-15 15:30:00-04:00,25.8799991607666,25.8799991607666,25.8700008392334,25.8799991607666,901,0.0,0.0,ARLP,2m
2026-04-15 15:32:00-04:00,25.850000381469727,25.8799991607666,25.84000015258789,25.860000610351562,2332,0.0,0.0,ARLP,2m
2026-04-15 15:34:00-04:00,25.8799991607666,25.8799991607666,25.854999542236328,25.854999542236328,945,0.0,0.0,ARLP,2m
2026-04-15 15:36:00-04:00,25.8799991607666,25.8799991607666,25.850000381469727,25.850000381469727,868,0.0,0.0,ARLP,2m
2026-04-15 15:38:00-04:00,25.8700008392334,25.8700008392334,25.829999923706055,25.829999923706055,1360,0.0,0.0,ARLP,2m
2026-04-15 15:40:00-04:00,25.829999923706055,25.84000015258789,25.80500030517578,25.80500030517578,2287,0.0,0.0,ARLP,2m
2026-04-15 15:42:00-04:00,25.80500030517578,25.829999923706055,25.770000457763672,25.780000686645508,3321,0.0,0.0,ARLP,2m
2026-04-15 15:44:00-04:00,25.760000228881836,25.790000915527344,25.75,25.75,1765,0.0,0.0,ARLP,2m
2026-04-15 15:46:00-04:00,25.75,25.760000228881836,25.735599517822266,25.760000228881836,1559,0.0,0.0,ARLP,2m
2026-04-15 15:48:00-04:00,25.75860023498535,25.780000686645508,25.753799438476562,25.753799438476562,3937,0.0,0.0,ARLP,2m
2026-04-15 15:50:00-04:00,25.795000076293945,25.795000076293945,25.75,25.774999618530273,1461,0.0,0.0,ARLP,2m
2026-04-15 15:52:00-04:00,25.760099411010742,25.770000457763672,25.760000228881836,25.770000457763672,1533,0.0,0.0,ARLP,2m
2026-04-15 15:54:00-04:00,25.760000228881836,25.760000228881836,25.760000228881836,25.760000228881836,3462,0.0,0.0,ARLP,2m
2026-04-15 15:56:00-04:00,25.71500015258789,25.71500015258789,25.70009994506836,25.71500015258789,1230,0.0,0.0,ARLP,2m
2026-04-15 15:58:00-04:00,25.729999542236328,25.770000457763672,25.700000762939453,25.710599899291992,11315,0.0,0.0,ARLP,2m
2026-04-16 09:30:00-04:00,25.979999542236328,25.979999542236328,25.979999542236328,25.979999542236328,6021,0.0,0.0,ARLP,2m
2026-04-16 09:32:00-04:00,25.850000381469727,25.987199783325195,25.709999084472656,25.987199783325195,1658,0.0,0.0,ARLP,2m
2026-04-16 09:36:00-04:00,25.850000381469727,25.850000381469727,25.850000381469727,25.850000381469727,228,0.0,0.0,ARLP,2m
2026-04-16 09:38:00-04:00,25.989900588989258,25.989900588989258,25.834999084472656,25.834999084472656,6516,0.0,0.0,ARLP,2m
2026-04-16 09:40:00-04:00,25.959999084472656,25.959999084472656,25.834999084472656,25.834999084472656,3200,0.0,0.0,ARLP,2m
2026-04-16 09:42:00-04:00,25.834999084472656,25.8799991607666,25.834999084472656,25.8799991607666,803,0.0,0.0,ARLP,2m
2026-04-16 09:44:00-04:00,25.850000381469727,25.850000381469727,25.850000381469727,25.850000381469727,210,0.0,0.0,ARLP,2m
2026-04-16 09:46:00-04:00,25.850000381469727,25.850000381469727,25.850000381469727,25.850000381469727,944,0.0,0.0,ARLP,2m
2026-04-16 09:48:00-04:00,25.834999084472656,25.889999389648438,25.829999923706055,25.829999923706055,817,0.0,0.0,ARLP,2m
2026-04-16 09:50:00-04:00,25.889999389648438,25.899900436401367,25.860000610351562,25.860000610351562,2332,0.0,0.0,ARLP,2m
2026-04-16 09:52:00-04:00,25.860000610351562,25.860000610351562,25.81999969482422,25.81999969482422,2209,0.0,0.0,ARLP,2m
2026-04-16 09:54:00-04:00,25.90999984741211,25.93000030517578,25.844999313354492,25.90999984741211,2101,0.0,0.0,ARLP,2m
2026-04-16 09:56:00-04:00,25.825000762939453,25.825000762939453,25.825000762939453,25.825000762939453,1085,0.0,0.0,ARLP,2m
2026-04-16 09:58:00-04:00,25.90999984741211,25.90999984741211,25.905000686645508,25.905000686645508,3051,0.0,0.0,ARLP,2m
2026-04-16 10:00:00-04:00,25.8700008392334,25.8700008392334,25.8700008392334,25.8700008392334,304,0.0,0.0,ARLP,2m
2026-04-16 10:02:00-04:00,25.8700008392334,25.875,25.8700008392334,25.8700008392334,3501,0.0,0.0,ARLP,2m
2026-04-16 10:04:00-04:00,25.8700008392334,25.8700008392334,25.8700008392334,25.8700008392334,200,0.0,0.0,ARLP,2m
2026-04-16 10:06:00-04:00,25.8700008392334,25.8700008392334,25.8700008392334,25.8700008392334,128,0.0,0.0,ARLP,2m
2026-04-16 10:08:00-04:00,25.896699905395508,25.939899444580078,25.8700008392334,25.939899444580078,1782,0.0,0.0,ARLP,2m
2026-04-16 10:12:00-04:00,25.940000534057617,25.950000762939453,25.940000534057617,25.940000534057617,1050,0.0,0.0,ARLP,2m
2026-04-16 10:14:00-04:00,25.950000762939453,25.950000762939453,25.950000762939453,25.950000762939453,170,0.0,0.0,ARLP,2m
2026-04-16 10:18:00-04:00,25.940099716186523,25.940099716186523,25.899999618530273,25.899999618530273,241,0.0,0.0,ARLP,2m
2026-04-16 10:20:00-04:00,25.895000457763672,25.950000762939453,25.895000457763672,25.899999618530273,3156,0.0,0.0,ARLP,2m
2026-04-16 10:22:00-04:00,25.94499969482422,25.94499969482422,25.94499969482422,25.94499969482422,130,0.0,0.0,ARLP,2m
2026-04-16 10:24:00-04:00,25.959999084472656,25.979999542236328,25.899999618530273,25.899999618530273,812,0.0,0.0,ARLP,2m
2026-04-16 10:26:00-04:00,25.979999542236328,25.979999542236328,25.94499969482422,25.94499969482422,900,0.0,0.0,ARLP,2m
2026-04-16 10:38:00-04:00,25.895000457763672,25.895000457763672,25.895000457763672,25.895000457763672,158,0.0,0.0,ARLP,2m
2026-04-16 10:42:00-04:00,25.8700008392334,25.8700008392334,25.8700008392334,25.8700008392334,260,0.0,0.0,ARLP,2m
2026-04-16 10:48:00-04:00,25.885000228881836,25.885000228881836,25.885000228881836,25.885000228881836,513,0.0,0.0,ARLP,2m
2026-04-16 10:52:00-04:00,25.850000381469727,25.850000381469727,25.850000381469727,25.850000381469727,1011,0.0,0.0,ARLP,2m
2026-04-16 10:54:00-04:00,25.850000381469727,25.850000381469727,25.850000381469727,25.850000381469727,241,0.0,0.0,ARLP,2m
2026-04-16 10:56:00-04:00,25.88990020751953,25.88990020751953,25.844999313354492,25.844999313354492,1379,0.0,0.0,ARLP,2m
2026-04-16 10:58:00-04:00,25.889999389648438,25.889999389648438,25.80389976501465,25.854999542236328,2159,0.0,0.0,ARLP,2m
2026-04-16 11:06:00-04:00,25.8700008392334,25.8700008392334,25.8700008392334,25.8700008392334,418,0.0,0.0,ARLP,2m
2026-04-16 11:12:00-04:00,25.831100463867188,25.8700008392334,25.831100463867188,25.8700008392334,758,0.0,0.0,ARLP,2m
2026-04-16 11:16:00-04:00,25.8700008392334,25.8700008392334,25.8700008392334,25.8700008392334,442,0.0,0.0,ARLP,2m
2026-04-16 11:20:00-04:00,25.875,25.875,25.875,25.875,759,0.0,0.0,ARLP,2m
2026-04-16 11:22:00-04:00,25.850000381469727,25.850000381469727,25.850000381469727,25.850000381469727,612,0.0,0.0,ARLP,2m
2026-04-16 11:24:00-04:00,25.820100784301758,25.820100784301758,25.774999618530273,25.774999618530273,2101,0.0,0.0,ARLP,2m
2026-04-16 11:26:00-04:00,25.829999923706055,25.829999923706055,25.799999237060547,25.815000534057617,630,0.0,0.0,ARLP,2m
2026-04-16 11:28:00-04:00,25.809999465942383,25.81220054626465,25.809999465942383,25.81220054626465,1230,0.0,0.0,ARLP,2m
2026-04-16 11:30:00-04:00,25.770000457763672,25.83989906311035,25.770000457763672,25.809999465942383,978,0.0,0.0,ARLP,2m
2026-04-16 11:38:00-04:00,25.829999923706055,25.829999923706055,25.829999923706055,25.829999923706055,1969,0.0,0.0,ARLP,2m
2026-04-16 11:48:00-04:00,25.879899978637695,25.879899978637695,25.879899978637695,25.879899978637695,839,0.0,0.0,ARLP,2m
2026-04-16 12:00:00-04:00,25.875,25.875,25.875,25.875,250,0.0,0.0,ARLP,2m
2026-04-16 12:02:00-04:00,25.8700008392334,25.8700008392334,25.84000015258789,25.84000015258789,1287,0.0,0.0,ARLP,2m
2026-04-16 12:06:00-04:00,25.800100326538086,25.81999969482422,25.800100326538086,25.81999969482422,2197,0.0,0.0,ARLP,2m
2026-04-16 12:08:00-04:00,25.809999465942383,25.809999465942383,25.809999465942383,25.809999465942383,228,0.0,0.0,ARLP,2m
2026-04-16 12:10:00-04:00,25.809999465942383,25.809999465942383,25.809999465942383,25.809999465942383,353,0.0,0.0,ARLP,2m
2026-04-16 12:14:00-04:00,25.829999923706055,25.829999923706055,25.829999923706055,25.829999923706055,232,0.0,0.0,ARLP,2m
2026-04-16 12:16:00-04:00,25.81999969482422,25.81999969482422,25.81999969482422,25.81999969482422,1776,0.0,0.0,ARLP,2m
2026-04-16 12:20:00-04:00,25.80500030517578,25.80500030517578,25.80500030517578,25.80500030517578,226,0.0,0.0,ARLP,2m
2026-04-16 12:24:00-04:00,25.799999237060547,25.799999237060547,25.790000915527344,25.790000915527344,902,0.0,0.0,ARLP,2m
2026-04-16 12:28:00-04:00,25.790000915527344,25.799999237060547,25.790000915527344,25.790000915527344,8471,0.0,0.0,ARLP,2m
2026-04-16 12:30:00-04:00,25.809999465942383,25.809999465942383,25.809999465942383,25.809999465942383,4129,0.0,0.0,ARLP,2m
2026-04-16 12:44:00-04:00,25.825000762939453,25.825000762939453,25.809999465942383,25.825000762939453,714,0.0,0.0,ARLP,2m
2026-04-16 12:46:00-04:00,25.825000762939453,25.825000762939453,25.825000762939453,25.825000762939453,940,0.0,0.0,ARLP,2m
2026-04-16 12:48:00-04:00,25.84000015258789,25.84000015258789,25.84000015258789,25.84000015258789,218,0.0,0.0,ARLP,2m
2026-04-16 12:50:00-04:00,25.829999923706055,25.829999923706055,25.829999923706055,25.829999923706055,2299,0.0,0.0,ARLP,2m
2026-04-16 12:52:00-04:00,25.850000381469727,25.850000381469727,25.850000381469727,25.850000381469727,297,0.0,0.0,ARLP,2m
2026-04-16 13:00:00-04:00,25.844999313354492,25.844999313354492,25.844999313354492,25.844999313354492,374,0.0,0.0,ARLP,2m
2026-04-16 13:02:00-04:00,25.844999313354492,25.844999313354492,25.809999465942383,25.81999969482422,1353,0.0,0.0,ARLP,2m
2026-04-16 13:04:00-04:00,25.81999969482422,25.81999969482422,25.81999969482422,25.81999969482422,206,0.0,0.0,ARLP,2m
2026-04-16 13:06:00-04:00,25.809999465942383,25.829999923706055,25.809999465942383,25.829999923706055,1039,0.0,0.0,ARLP,2m
2026-04-16 13:10:00-04:00,25.829999923706055,25.829999923706055,25.829999923706055,25.829999923706055,853,0.0,0.0,ARLP,2m
2026-04-16 13:12:00-04:00,25.850000381469727,25.850000381469727,25.850000381469727,25.850000381469727,557,0.0,0.0,ARLP,2m
2026-04-16 13:20:00-04:00,25.844999313354492,25.844999313354492,25.844999313354492,25.844999313354492,4406,0.0,0.0,ARLP,2m
2026-04-16 13:22:00-04:00,25.844999313354492,25.844999313354492,25.844999313354492,25.844999313354492,1158,0.0,0.0,ARLP,2m
2026-04-16 13:30:00-04:00,25.889999389648438,25.889999389648438,25.889999389648438,25.889999389648438,896,0.0,0.0,ARLP,2m
2026-04-16 13:40:00-04:00,25.81999969482422,25.81999969482422,25.7549991607666,25.7549991607666,2732,0.0,0.0,ARLP,2m
2026-04-16 13:42:00-04:00,25.7549991607666,25.780000686645508,25.7549991607666,25.780000686645508,723,0.0,0.0,ARLP,2m
2026-04-16 13:44:00-04:00,25.790000915527344,25.790000915527344,25.790000915527344,25.790000915527344,1286,0.0,0.0,ARLP,2m
2026-04-16 13:46:00-04:00,25.780000686645508,25.780000686645508,25.780000686645508,25.780000686645508,0,0.0,0.0,ARLP,2m
2026-04-16 13:48:00-04:00,25.770000457763672,25.770000457763672,25.770000457763672,25.770000457763672,1004,0.0,0.0,ARLP,2m
2026-04-16 13:50:00-04:00,25.799999237060547,25.803499221801758,25.774999618530273,25.774999618530273,1277,0.0,0.0,ARLP,2m
2026-04-16 14:00:00-04:00,25.739999771118164,25.739999771118164,25.739999771118164,25.739999771118164,211,0.0,0.0,ARLP,2m
2026-04-16 14:10:00-04:00,25.760000228881836,25.760000228881836,25.760000228881836,25.760000228881836,539,0.0,0.0,ARLP,2m
2026-04-16 14:12:00-04:00,25.760000228881836,25.760000228881836,25.760000228881836,25.760000228881836,58,0.0,0.0,ARLP,2m
2026-04-16 14:18:00-04:00,25.770000457763672,25.770000457763672,25.770000457763672,25.770000457763672,427,0.0,0.0,ARLP,2m
2026-04-16 14:20:00-04:00,25.790000915527344,25.790000915527344,25.790000915527344,25.790000915527344,740,0.0,0.0,ARLP,2m
2026-04-16 14:24:00-04:00,25.790000915527344,25.790000915527344,25.790000915527344,25.790000915527344,209,0.0,0.0,ARLP,2m
2026-04-16 14:26:00-04:00,25.774999618530273,25.774999618530273,25.774999618530273,25.774999618530273,409,0.0,0.0,ARLP,2m
2026-04-16 14:28:00-04:00,25.774999618530273,25.774999618530273,25.75,25.75,1148,0.0,0.0,ARLP,2m
2026-04-16 14:30:00-04:00,25.75589942932129,25.75589942932129,25.75589942932129,25.75589942932129,200,0.0,0.0,ARLP,2m
2026-04-16 14:32:00-04:00,25.774999618530273,25.774999618530273,25.774999618530273,25.774999618530273,159,0.0,0.0,ARLP,2m
2026-04-16 14:34:00-04:00,25.77039909362793,25.77039909362793,25.77039909362793,25.77039909362793,170,0.0,0.0,ARLP,2m
2026-04-16 14:40:00-04:00,25.770000457763672,25.770000457763672,25.770000457763672,25.770000457763672,388,0.0,0.0,ARLP,2m
2026-04-16 14:42:00-04:00,25.79990005493164,25.79990005493164,25.79990005493164,25.79990005493164,853,0.0,0.0,ARLP,2m
2026-04-16 14:44:00-04:00,25.799999237060547,25.799999237060547,25.799999237060547,25.799999237060547,232,0.0,0.0,ARLP,2m
2026-04-16 14:50:00-04:00,25.815000534057617,25.815000534057617,25.815000534057617,25.815000534057617,260,0.0,0.0,ARLP,2m
2026-04-16 14:52:00-04:00,25.815000534057617,25.815000534057617,25.809999465942383,25.815000534057617,1079,0.0,0.0,ARLP,2m
2026-04-16 14:54:00-04:00,25.8164005279541,25.8164005279541,25.799999237060547,25.799999237060547,2525,0.0,0.0,ARLP,2m
2026-04-16 14:58:00-04:00,25.75,25.75,25.75,25.75,945,0.0,0.0,ARLP,2m
2026-04-16 15:04:00-04:00,25.739999771118164,25.739999771118164,25.739999771118164,25.739999771118164,149,0.0,0.0,ARLP,2m
2026-04-16 15:06:00-04:00,25.739999771118164,25.739999771118164,25.725000381469727,25.725000381469727,1240,0.0,0.0,ARLP,2m
2026-04-16 15:08:00-04:00,25.760000228881836,25.790000915527344,25.760000228881836,25.760000228881836,1489,0.0,0.0,ARLP,2m
2026-04-16 15:14:00-04:00,25.770000457763672,25.770000457763672,25.770000457763672,25.770000457763672,300,0.0,0.0,ARLP,2m
2026-04-16 15:16:00-04:00,25.779399871826172,25.790000915527344,25.779399871826172,25.790000915527344,1238,0.0,0.0,ARLP,2m
2026-04-16 15:20:00-04:00,25.780000686645508,25.780000686645508,25.780000686645508,25.780000686645508,630,0.0,0.0,ARLP,2m
2026-04-16 15:24:00-04:00,25.760000228881836,25.760000228881836,25.760000228881836,25.760000228881836,554,0.0,0.0,ARLP,2m
2026-04-16 15:30:00-04:00,25.719999313354492,25.719999313354492,25.704999923706055,25.704999923706055,5325,0.0,0.0,ARLP,2m
2026-04-16 15:34:00-04:00,25.68000030517578,25.68000030517578,25.670000076293945,25.670000076293945,2121,0.0,0.0,ARLP,2m
2026-04-16 15:36:00-04:00,25.649999618530273,25.670000076293945,25.649999618530273,25.670000076293945,560,0.0,0.0,ARLP,2m
2026-04-16 15:40:00-04:00,25.649999618530273,25.649999618530273,25.649999618530273,25.649999618530273,254,0.0,0.0,ARLP,2m
2026-04-16 15:42:00-04:00,25.639999389648438,25.639999389648438,25.584199905395508,25.584199905395508,3130,0.0,0.0,ARLP,2m
2026-04-16 15:44:00-04:00,25.6299991607666,25.6299991607666,25.590099334716797,25.590099334716797,1535,0.0,0.0,ARLP,2m
2026-04-16 15:48:00-04:00,25.600000381469727,25.600000381469727,25.600000381469727,25.600000381469727,151,0.0,0.0,ARLP,2m
2026-04-16 15:50:00-04:00,25.59000015258789,25.600000381469727,25.559999465942383,25.56999969482422,4206,0.0,0.0,ARLP,2m
2026-04-16 15:52:00-04:00,25.56999969482422,25.56999969482422,25.540000915527344,25.540000915527344,1001,0.0,0.0,ARLP,2m
2026-04-16 15:54:00-04:00,25.56999969482422,25.56999969482422,25.549999237060547,25.55500030517578,5873,0.0,0.0,ARLP,2m
2026-04-16 15:56:00-04:00,25.540000915527344,25.559999465942383,25.524999618530273,25.549999237060547,5734,0.0,0.0,ARLP,2m
2026-04-16 15:58:00-04:00,25.56999969482422,25.56999969482422,25.540000915527344,25.559999465942383,4440,0.0,0.0,ARLP,2m
2026-04-17 09:30:00-04:00,25.549999237060547,25.549999237060547,25.549999237060547,25.549999237060547,5391,0.0,0.0,ARLP,2m
2026-04-17 09:32:00-04:00,25.6299991607666,25.6299991607666,25.524999618530273,25.524999618530273,1256,0.0,0.0,ARLP,2m
2026-04-17 09:34:00-04:00,25.606599807739258,25.606599807739258,25.450000762939453,25.450000762939453,2025,0.0,0.0,ARLP,2m
2026-04-17 09:36:00-04:00,25.415000915527344,25.415000915527344,25.290000915527344,25.290000915527344,10611,0.0,0.0,ARLP,2m
2026-04-17 09:38:00-04:00,25.360000610351562,25.360000610351562,25.25,25.31999969482422,8076,0.0,0.0,ARLP,2m
2026-04-17 09:40:00-04:00,25.210100173950195,25.256000518798828,25.210100173950195,25.256000518798828,636,0.0,0.0,ARLP,2m
2026-04-17 09:44:00-04:00,25.25,25.25,25.1200008392334,25.1200008392334,1786,0.0,0.0,ARLP,2m
2026-04-17 09:46:00-04:00,25.100000381469727,25.100000381469727,24.8700008392334,24.940000534057617,28146,0.0,0.0,ARLP,2m
2026-04-17 09:48:00-04:00,24.940000534057617,24.950000762939453,24.940000534057617,24.950000762939453,5123,0.0,0.0,ARLP,2m
2026-04-17 09:50:00-04:00,24.902000427246094,24.950000762939453,24.8799991607666,24.90999984741211,7473,0.0,0.0,ARLP,2m
2026-04-17 09:52:00-04:00,24.889999389648438,24.924999237060547,24.889999389648438,24.899999618530273,544,0.0,0.0,ARLP,2m
2026-04-17 09:54:00-04:00,24.889999389648438,24.920000076293945,24.860000610351562,24.88990020751953,5374,0.0,0.0,ARLP,2m
2026-04-17 09:56:00-04:00,24.875,24.889999389648438,24.860000610351562,24.8799991607666,10392,0.0,0.0,ARLP,2m
2026-04-17 09:58:00-04:00,24.90999984741211,24.90999984741211,24.780000686645508,24.829999923706055,18739,0.0,0.0,ARLP,2m
2026-04-17 10:00:00-04:00,24.84000015258789,24.84000015258789,24.649999618530273,24.709999084472656,31841,0.0,0.0,ARLP,2m
2026-04-17 10:02:00-04:00,24.725000381469727,24.75,24.649999618530273,24.690000534057617,3573,0.0,0.0,ARLP,2m
2026-04-17 10:04:00-04:00,24.700000762939453,24.746700286865234,24.649999618530273,24.709999084472656,15252,0.0,0.0,ARLP,2m
2026-04-17 10:06:00-04:00,24.690000534057617,24.759199142456055,24.68000030517578,24.719999313354492,12223,0.0,0.0,ARLP,2m
2026-04-17 10:08:00-04:00,24.700000762939453,24.729999542236328,24.700000762939453,24.719999313354492,9345,0.0,0.0,ARLP,2m
2026-04-17 10:10:00-04:00,24.700000762939453,24.73870086669922,24.68000030517578,24.690000534057617,8545,0.0,0.0,ARLP,2m
2026-04-17 10:12:00-04:00,24.68000030517578,24.69499969482422,24.670000076293945,24.674999237060547,7244,0.0,0.0,ARLP,2m
2026-04-17 10:14:00-04:00,24.670000076293945,24.700000762939453,24.65999984741211,24.65999984741211,1849,0.0,0.0,ARLP,2m
2026-04-17 10:16:00-04:00,24.670000076293945,24.700000762939453,24.649999618530273,24.690000534057617,7404,0.0,0.0,ARLP,2m
2026-04-17 10:18:00-04:00,24.690000534057617,24.7549991607666,24.690000534057617,24.7549991607666,13514,0.0,0.0,ARLP,2m
2026-04-17 10:20:00-04:00,24.729999542236328,24.7450008392334,24.68000030517578,24.700000762939453,4695,0.0,0.0,ARLP,2m
2026-04-17 10:22:00-04:00,24.69499969482422,24.780000686645508,24.69499969482422,24.780000686645508,8690,0.0,0.0,ARLP,2m
2026-04-17 10:24:00-04:00,24.729999542236328,24.774999618530273,24.719999313354492,24.719999313354492,3131,0.0,0.0,ARLP,2m
2026-04-17 10:26:00-04:00,24.690000534057617,24.75,24.68000030517578,24.690000534057617,3505,0.0,0.0,ARLP,2m
2026-04-17 10:28:00-04:00,24.670000076293945,24.709999084472656,24.639999389648438,24.665000915527344,2937,0.0,0.0,ARLP,2m
2026-04-17 10:30:00-04:00,24.640199661254883,24.674999237060547,24.639999389648438,24.674999237060547,3521,0.0,0.0,ARLP,2m
2026-04-17 10:32:00-04:00,24.68000030517578,24.68000030517578,24.639999389648438,24.649999618530273,3106,0.0,0.0,ARLP,2m
2026-04-17 10:34:00-04:00,24.709999084472656,24.780000686645508,24.639999389648438,24.780000686645508,13327,0.0,0.0,ARLP,2m
2026-04-17 10:36:00-04:00,24.760000228881836,24.770000457763672,24.674999237060547,24.690000534057617,7292,0.0,0.0,ARLP,2m
2026-04-17 10:38:00-04:00,24.684999465942383,24.729999542236328,24.6200008392334,24.703699111938477,13175,0.0,0.0,ARLP,2m
2026-04-17 10:40:00-04:00,24.704999923706055,24.725000381469727,24.700000762939453,24.725000381469727,2634,0.0,0.0,ARLP,2m
2026-04-17 10:42:00-04:00,24.709999084472656,24.711599349975586,24.68000030517578,24.68000030517578,2181,0.0,0.0,ARLP,2m
2026-04-17 10:44:00-04:00,24.69499969482422,24.700000762939453,24.684999465942383,24.684999465942383,1898,0.0,0.0,ARLP,2m
2026-04-17 10:46:00-04:00,24.709999084472656,24.770000457763672,24.69499969482422,24.700000762939453,11511,0.0,0.0,ARLP,2m
2026-04-17 10:48:00-04:00,24.74220085144043,24.8700008392334,24.719999313354492,24.84000015258789,14634,0.0,0.0,ARLP,2m
2026-04-17 10:50:00-04:00,24.8799991607666,24.895000457763672,24.829999923706055,24.895000457763672,3799,0.0,0.0,ARLP,2m
2026-04-17 10:52:00-04:00,24.899999618530273,24.920000076293945,24.899999618530273,24.920000076293945,3964,0.0,0.0,ARLP,2m
2026-04-17 10:54:00-04:00,24.899999618530273,24.899999618530273,24.850000381469727,24.854999542236328,4156,0.0,0.0,ARLP,2m
2026-04-17 10:56:00-04:00,24.844999313354492,24.864999771118164,24.809999465942383,24.810100555419922,3603,0.0,0.0,ARLP,2m
2026-04-17 10:58:00-04:00,24.809999465942383,24.93000030517578,24.809999465942383,24.8700008392334,8311,0.0,0.0,ARLP,2m
2026-04-17 11:00:00-04:00,24.8700008392334,24.885000228881836,24.864999771118164,24.864999771118164,741,0.0,0.0,ARLP,2m
2026-04-17 11:02:00-04:00,24.864999771118164,24.875099182128906,24.854999542236328,24.854999542236328,2023,0.0,0.0,ARLP,2m
2026-04-17 11:04:00-04:00,24.790000915527344,24.790000915527344,24.75,24.75,1744,0.0,0.0,ARLP,2m
2026-04-17 11:06:00-04:00,24.773000717163086,24.780000686645508,24.760000228881836,24.760000228881836,4048,0.0,0.0,ARLP,2m
2026-04-17 11:08:00-04:00,24.79990005493164,24.829999923706055,24.75,24.825000762939453,6975,0.0,0.0,ARLP,2m
2026-04-17 11:10:00-04:00,24.844999313354492,24.844999313354492,24.831300735473633,24.831300735473633,1239,0.0,0.0,ARLP,2m
2026-04-17 11:12:00-04:00,24.81999969482422,24.822200775146484,24.760099411010742,24.760099411010742,2236,0.0,0.0,ARLP,2m
2026-04-17 11:14:00-04:00,24.799999237060547,24.799999237060547,24.75,24.760000228881836,5626,0.0,0.0,ARLP,2m
2026-04-17 11:16:00-04:00,24.780000686645508,24.790000915527344,24.780000686645508,24.790000915527344,3307,0.0,0.0,ARLP,2m
2026-04-17 11:18:00-04:00,24.790000915527344,24.790000915527344,24.790000915527344,24.790000915527344,1182,0.0,0.0,ARLP,2m
2026-04-17 11:20:00-04:00,24.78499984741211,24.799999237060547,24.770000457763672,24.770000457763672,2315,0.0,0.0,ARLP,2m
2026-04-17 11:22:00-04:00,24.790000915527344,24.790000915527344,24.790000915527344,24.790000915527344,949,0.0,0.0,ARLP,2m
2026-04-17 11:24:00-04:00,24.780000686645508,24.784099578857422,24.760000228881836,24.782400131225586,3665,0.0,0.0,ARLP,2m
2026-04-17 11:26:00-04:00,24.780000686645508,24.799999237060547,24.774999618530273,24.799999237060547,5449,0.0,0.0,ARLP,2m
2026-04-17 11:28:00-04:00,24.790000915527344,24.809900283813477,24.790000915527344,24.805599212646484,1417,0.0,0.0,ARLP,2m
2026-04-17 11:30:00-04:00,24.78499984741211,24.809999465942383,24.770000457763672,24.770000457763672,4921,0.0,0.0,ARLP,2m
2026-04-17 11:32:00-04:00,24.770000457763672,24.770000457763672,24.770000457763672,24.770000457763672,547,0.0,0.0,ARLP,2m
2026-04-17 11:34:00-04:00,24.775100708007812,24.790000915527344,24.75,24.756900787353516,2820,0.0,0.0,ARLP,2m
2026-04-17 11:36:00-04:00,24.760000228881836,24.760000228881836,24.729999542236328,24.7450008392334,2509,0.0,0.0,ARLP,2m
2026-04-17 11:38:00-04:00,24.719999313354492,24.725000381469727,24.719999313354492,24.725000381469727,2372,0.0,0.0,ARLP,2m
2026-04-17 11:40:00-04:00,24.690000534057617,24.719999313354492,24.690000534057617,24.700000762939453,734,0.0,0.0,ARLP,2m
2026-04-17 11:42:00-04:00,24.719999313354492,24.719999313354492,24.700000762939453,24.709999084472656,2163,0.0,0.0,ARLP,2m
2026-04-17 11:44:00-04:00,24.739999771118164,24.739999771118164,24.690000534057617,24.690000534057617,4494,0.0,0.0,ARLP,2m
2026-04-17 11:46:00-04:00,24.719999313354492,24.719999313354492,24.69499969482422,24.69499969482422,1063,0.0,0.0,ARLP,2m
2026-04-17 11:48:00-04:00,24.68950080871582,24.68950080871582,24.68950080871582,24.68950080871582,923,0.0,0.0,ARLP,2m
2026-04-17 11:50:00-04:00,24.690000534057617,24.690000534057617,24.690000534057617,24.690000534057617,214,0.0,0.0,ARLP,2m
2026-04-17 11:52:00-04:00,24.690000534057617,24.690000534057617,24.690000534057617,24.690000534057617,1813,0.0,0.0,ARLP,2m
2026-04-17 11:54:00-04:00,24.690000534057617,24.69930076599121,24.68000030517578,24.691600799560547,1628,0.0,0.0,ARLP,2m
2026-04-17 11:56:00-04:00,24.65999984741211,24.700000762939453,24.649999618530273,24.690000534057617,5910,0.0,0.0,ARLP,2m
2026-04-17 11:58:00-04:00,24.684999465942383,24.684999465942383,24.684999465942383,24.684999465942383,653,0.0,0.0,ARLP,2m
2026-04-17 12:00:00-04:00,24.65999984741211,24.685100555419922,24.65999984741211,24.685100555419922,1908,0.0,0.0,ARLP,2m
2026-04-17 12:02:00-04:00,24.670000076293945,24.684999465942383,24.670000076293945,24.684999465942383,1148,0.0,0.0,ARLP,2m
2026-04-17 12:04:00-04:00,24.670000076293945,24.690000534057617,24.670000076293945,24.690000534057617,2847,0.0,0.0,ARLP,2m
2026-04-17 12:06:00-04:00,24.690000534057617,24.69499969482422,24.68000030517578,24.690399169921875,6394,0.0,0.0,ARLP,2m
2026-04-17 12:08:00-04:00,24.68000030517578,24.700000762939453,24.65999984741211,24.700000762939453,5242,0.0,0.0,ARLP,2m
2026-04-17 12:10:00-04:00,24.68000030517578,24.68000030517578,24.649999618530273,24.665000915527344,2657,0.0,0.0,ARLP,2m
2026-04-17 12:12:00-04:00,24.670000076293945,24.685100555419922,24.665000915527344,24.685100555419922,2754,0.0,0.0,ARLP,2m
2026-04-17 12:14:00-04:00,24.68000030517578,24.68000030517578,24.649999618530273,24.649999618530273,2639,0.0,0.0,ARLP,2m
2026-04-17 12:16:00-04:00,24.65999984741211,24.700000762939453,24.65999984741211,24.69499969482422,3784,0.0,0.0,ARLP,2m
2026-04-17 12:18:00-04:00,24.684999465942383,24.684999465942383,24.65999984741211,24.65999984741211,814,0.0,0.0,ARLP,2m
2026-04-17 12:20:00-04:00,24.670000076293945,24.70989990234375,24.65999984741211,24.690000534057617,2992,0.0,0.0,ARLP,2m
2026-04-17 12:22:00-04:00,24.690000534057617,24.690000534057617,24.670000076293945,24.670000076293945,312,0.0,0.0,ARLP,2m
2026-04-17 12:24:00-04:00,24.684999465942383,24.709999084472656,24.684999465942383,24.709999084472656,2957,0.0,0.0,ARLP,2m
2026-04-17 12:26:00-04:00,24.709999084472656,24.709999084472656,24.700000762939453,24.700000762939453,1517,0.0,0.0,ARLP,2m
2026-04-17 12:28:00-04:00,24.69499969482422,24.69499969482422,24.670000076293945,24.670000076293945,778,0.0,0.0,ARLP,2m
2026-04-17 12:30:00-04:00,24.670000076293945,24.690000534057617,24.670000076293945,24.674999237060547,2016,0.0,0.0,ARLP,2m
2026-04-17 12:32:00-04:00,24.709999084472656,24.709999084472656,24.700000762939453,24.700000762939453,3174,0.0,0.0,ARLP,2m
2026-04-17 12:34:00-04:00,24.68000030517578,24.700000762939453,24.68000030517578,24.700000762939453,2101,0.0,0.0,ARLP,2m
2026-04-17 12:36:00-04:00,24.700000762939453,24.700000762939453,24.700000762939453,24.700000762939453,1855,0.0,0.0,ARLP,2m
2026-04-17 12:40:00-04:00,24.684999465942383,24.684999465942383,24.68000030517578,24.68000030517578,1837,0.0,0.0,ARLP,2m
2026-04-17 12:42:00-04:00,24.690000534057617,24.709999084472656,24.690000534057617,24.709999084472656,3008,0.0,0.0,ARLP,2m
2026-04-17 12:44:00-04:00,24.69499969482422,24.69499969482422,24.690000534057617,24.690000534057617,1648,0.0,0.0,ARLP,2m
2026-04-17 12:46:00-04:00,24.719999313354492,24.719999313354492,24.69499969482422,24.69499969482422,1289,0.0,0.0,ARLP,2m
2026-04-17 12:48:00-04:00,24.690000534057617,24.719999313354492,24.690000534057617,24.704999923706055,1437,0.0,0.0,ARLP,2m
2026-04-17 12:50:00-04:00,24.704999923706055,24.709999084472656,24.690000534057617,24.709999084472656,3789,0.0,0.0,ARLP,2m
2026-04-17 12:52:00-04:00,24.700000762939453,24.709999084472656,24.700000762939453,24.709999084472656,2550,0.0,0.0,ARLP,2m
2026-04-17 12:54:00-04:00,24.709999084472656,24.709999084472656,24.680099487304688,24.680099487304688,1320,0.0,0.0,ARLP,2m
2026-04-17 12:56:00-04:00,24.69499969482422,24.69499969482422,24.68000030517578,24.68000030517578,2539,0.0,0.0,ARLP,2m
2026-04-17 12:58:00-04:00,24.690000534057617,24.690000534057617,24.679899215698242,24.68000030517578,2072,0.0,0.0,ARLP,2m
2026-04-17 13:00:00-04:00,24.68000030517578,24.700000762939453,24.68000030517578,24.690000534057617,6445,0.0,0.0,ARLP,2m
2026-04-17 13:02:00-04:00,24.690000534057617,24.690000534057617,24.670000076293945,24.670000076293945,1805,0.0,0.0,ARLP,2m
2026-04-17 13:04:00-04:00,24.665000915527344,24.670000076293945,24.655000686645508,24.670000076293945,2551,0.0,0.0,ARLP,2m
2026-04-17 13:06:00-04:00,24.690000534057617,24.690000534057617,24.690000534057617,24.690000534057617,708,0.0,0.0,ARLP,2m
2026-04-17 13:08:00-04:00,24.690000534057617,24.700000762939453,24.690000534057617,24.690000534057617,2276,0.0,0.0,ARLP,2m
2026-04-17 13:10:00-04:00,24.690000534057617,24.712499618530273,24.690000534057617,24.712499618530273,3245,0.0,0.0,ARLP,2m
2026-04-17 13:12:00-04:00,24.719999313354492,24.719999313354492,24.719999313354492,24.719999313354492,1275,0.0,0.0,ARLP,2m
2026-04-17 13:14:00-04:00,24.719999313354492,24.719999313354492,24.719999313354492,24.719999313354492,656,0.0,0.0,ARLP,2m
2026-04-17 13:16:00-04:00,24.719999313354492,24.719999313354492,24.704999923706055,24.704999923706055,322,0.0,0.0,ARLP,2m
2026-04-17 13:18:00-04:00,24.704999923706055,24.72010040283203,24.704999923706055,24.72010040283203,1049,0.0,0.0,ARLP,2m
2026-04-17 13:22:00-04:00,24.71500015258789,24.719999313354492,24.71500015258789,24.719999313354492,659,0.0,0.0,ARLP,2m
2026-04-17 13:24:00-04:00,24.739999771118164,24.739999771118164,24.725000381469727,24.725000381469727,3201,0.0,0.0,ARLP,2m
2026-04-17 13:26:00-04:00,24.739999771118164,24.760000228881836,24.729999542236328,24.739999771118164,12899,0.0,0.0,ARLP,2m
2026-04-17 13:30:00-04:00,24.739999771118164,24.739999771118164,24.700000762939453,24.700000762939453,5072,0.0,0.0,ARLP,2m
2026-04-17 13:32:00-04:00,24.719999313354492,24.725000381469727,24.719999313354492,24.725000381469727,951,0.0,0.0,ARLP,2m
2026-04-17 13:34:00-04:00,24.75,24.844999313354492,24.75,24.844999313354492,6580,0.0,0.0,ARLP,2m
2026-04-17 13:36:00-04:00,24.84000015258789,24.860000610351562,24.84000015258789,24.860000610351562,3173,0.0,0.0,ARLP,2m
2026-04-17 13:38:00-04:00,24.84000015258789,24.84000015258789,24.84000015258789,24.84000015258789,1427,0.0,0.0,ARLP,2m
2026-04-17 13:40:00-04:00,24.84000015258789,24.850000381469727,24.84000015258789,24.850000381469727,1109,0.0,0.0,ARLP,2m
2026-04-17 13:42:00-04:00,24.85409927368164,24.85409927368164,24.829999923706055,24.84000015258789,2576,0.0,0.0,ARLP,2m
2026-04-17 13:48:00-04:00,24.815000534057617,24.84000015258789,24.815000534057617,24.84000015258789,521,0.0,0.0,ARLP,2m
2026-04-17 13:50:00-04:00,24.815000534057617,24.850000381469727,24.815000534057617,24.850000381469727,3946,0.0,0.0,ARLP,2m
2026-04-17 13:54:00-04:00,24.8799991607666,24.8799991607666,24.8799991607666,24.8799991607666,295,0.0,0.0,ARLP,2m
2026-04-17 13:56:00-04:00,24.889999389648438,24.889999389648438,24.885000228881836,24.885000228881836,5562,0.0,0.0,ARLP,2m
2026-04-17 13:58:00-04:00,24.899999618530273,24.924999237060547,24.889999389648438,24.924999237060547,5864,0.0,0.0,ARLP,2m
2026-04-17 14:00:00-04:00,24.920000076293945,24.93000030517578,24.920000076293945,24.93000030517578,2028,0.0,0.0,ARLP,2m
2026-04-17 14:02:00-04:00,24.900100708007812,24.900100708007812,24.900100708007812,24.900100708007812,1604,0.0,0.0,ARLP,2m
2026-04-17 14:04:00-04:00,24.924800872802734,24.924800872802734,24.924800872802734,24.924800872802734,500,0.0,0.0,ARLP,2m
2026-04-17 14:06:00-04:00,24.90999984741211,24.940000534057617,24.90999984741211,24.940000534057617,3081,0.0,0.0,ARLP,2m
2026-04-17 14:08:00-04:00,24.940000534057617,24.959999084472656,24.939899444580078,24.940000534057617,5671,0.0,0.0,ARLP,2m
2026-04-17 14:10:00-04:00,24.96500015258789,24.96500015258789,24.96500015258789,24.96500015258789,6572,0.0,0.0,ARLP,2m
2026-04-17 14:12:00-04:00,24.920000076293945,24.920000076293945,24.890100479125977,24.890100479125977,1391,0.0,0.0,ARLP,2m
2026-04-17 14:14:00-04:00,24.929899215698242,24.93000030517578,24.90999984741211,24.93000030517578,2203,0.0,0.0,ARLP,2m
2026-04-17 14:18:00-04:00,24.90999984741211,24.90999984741211,24.90999984741211,24.90999984741211,1324,0.0,0.0,ARLP,2m
2026-04-17 14:20:00-04:00,24.940000534057617,24.940000534057617,24.940000534057617,24.940000534057617,301,0.0,0.0,ARLP,2m
2026-04-17 14:22:00-04:00,24.950000762939453,24.950000762939453,24.950000762939453,24.950000762939453,273,0.0,0.0,ARLP,2m
2026-04-17 14:24:00-04:00,24.959999084472656,24.969999313354492,24.959999084472656,24.969999313354492,1029,0.0,0.0,ARLP,2m
2026-04-17 14:28:00-04:00,24.950000762939453,24.954999923706055,24.950000762939453,24.954999923706055,929,0.0,0.0,ARLP,2m
2026-04-17 14:30:00-04:00,24.96500015258789,24.979999542236328,24.959999084472656,24.979999542236328,3254,0.0,0.0,ARLP,2m
2026-04-17 14:32:00-04:00,24.985000610351562,24.985000610351562,24.985000610351562,24.985000610351562,503,0.0,0.0,ARLP,2m
2026-04-17 14:34:00-04:00,24.979999542236328,24.989999771118164,24.979999542236328,24.989999771118164,1302,0.0,0.0,ARLP,2m
2026-04-17 14:36:00-04:00,24.989999771118164,25.010000228881836,24.979999542236328,25.0,14984,0.0,0.0,ARLP,2m
2026-04-17 14:42:00-04:00,25.020000457763672,25.020000457763672,25.014999389648438,25.014999389648438,989,0.0,0.0,ARLP,2m
2026-04-17 14:44:00-04:00,25.020000457763672,25.03499984741211,25.020000457763672,25.03499984741211,6470,0.0,0.0,ARLP,2m
2026-04-17 14:46:00-04:00,25.049999237060547,25.049999237060547,25.040000915527344,25.040000915527344,720,0.0,0.0,ARLP,2m
2026-04-17 14:50:00-04:00,25.045000076293945,25.045000076293945,25.030000686645508,25.030000686645508,1589,0.0,0.0,ARLP,2m
2026-04-17 14:52:00-04:00,25.0,25.039899826049805,25.0,25.039899826049805,1039,0.0,0.0,ARLP,2m
2026-04-17 14:54:00-04:00,25.020000457763672,25.020000457763672,25.020000457763672,25.020000457763672,882,0.0,0.0,ARLP,2m
2026-04-17 14:56:00-04:00,25.010000228881836,25.09000015258789,25.010000228881836,25.09000015258789,4953,0.0,0.0,ARLP,2m
2026-04-17 15:00:00-04:00,25.05500030517578,25.059999465942383,25.030099868774414,25.05500030517578,3661,0.0,0.0,ARLP,2m
2026-04-17 15:02:00-04:00,25.05500030517578,25.05500030517578,25.010000228881836,25.010000228881836,1196,0.0,0.0,ARLP,2m
2026-04-17 15:04:00-04:00,25.049999237060547,25.049999237060547,25.049999237060547,25.049999237060547,1415,0.0,0.0,ARLP,2m
2026-04-17 15:06:00-04:00,25.049999237060547,25.059999465942383,25.030000686645508,25.030000686645508,2002,0.0,0.0,ARLP,2m
2026-04-17 15:08:00-04:00,25.030000686645508,25.030000686645508,25.020000457763672,25.020000457763672,2224,0.0,0.0,ARLP,2m
2026-04-17 15:12:00-04:00,25.024999618530273,25.040000915527344,25.024999618530273,25.024999618530273,1323,0.0,0.0,ARLP,2m
2026-04-17 15:14:00-04:00,25.024999618530273,25.024999618530273,24.989999771118164,24.9950008392334,1827,0.0,0.0,ARLP,2m
2026-04-17 15:16:00-04:00,24.989999771118164,24.989999771118164,24.989999771118164,24.989999771118164,358,0.0,0.0,ARLP,2m
2026-04-17 15:18:00-04:00,24.989999771118164,24.989999771118164,24.969999313354492,24.979999542236328,2727,0.0,0.0,ARLP,2m
2026-04-17 15:20:00-04:00,24.959999084472656,24.969999313354492,24.954999923706055,24.954999923706055,529,0.0,0.0,ARLP,2m
2026-04-17 15:22:00-04:00,24.979999542236328,24.979999542236328,24.979999542236328,24.979999542236328,426,0.0,0.0,ARLP,2m
2026-04-17 15:24:00-04:00,24.959999084472656,25.0,24.959999084472656,24.979999542236328,2026,0.0,0.0,ARLP,2m
2026-04-17 15:26:00-04:00,25.0,25.020000457763672,25.0,25.0,2700,0.0,0.0,ARLP,2m
2026-04-17 15:28:00-04:00,25.0,25.020000457763672,25.0,25.020000457763672,902,0.0,0.0,ARLP,2m
2026-04-17 15:30:00-04:00,25.024999618530273,25.024999618530273,25.024999618530273,25.024999618530273,404,0.0,0.0,ARLP,2m
2026-04-17 15:32:00-04:00,25.024999618530273,25.024999618530273,25.024999618530273,25.024999618530273,1826,0.0,0.0,ARLP,2m
2026-04-17 15:36:00-04:00,25.020000457763672,25.020000457763672,25.020000457763672,25.020000457763672,730,0.0,0.0,ARLP,2m
2026-04-17 15:38:00-04:00,25.024999618530273,25.024999618530273,24.950000762939453,24.950000762939453,5066,0.0,0.0,ARLP,2m
2026-04-17 15:40:00-04:00,24.93000030517578,24.950000762939453,24.93000030517578,24.950000762939453,902,0.0,0.0,ARLP,2m
2026-04-17 15:42:00-04:00,24.954999923706055,24.989999771118164,24.954999923706055,24.979999542236328,4676,0.0,0.0,ARLP,2m
2026-04-17 15:44:00-04:00,24.989999771118164,25.059999465942383,24.989999771118164,25.059999465942383,4624,0.0,0.0,ARLP,2m
2026-04-17 15:46:00-04:00,25.059999465942383,25.149900436401367,25.059999465942383,25.149900436401367,3097,0.0,0.0,ARLP,2m
2026-04-17 15:48:00-04:00,25.114999771118164,25.11989974975586,25.09000015258789,25.094999313354492,5153,0.0,0.0,ARLP,2m
2026-04-17 15:50:00-04:00,25.079999923706055,25.08880043029785,25.0,25.020000457763672,6270,0.0,0.0,ARLP,2m
2026-04-17 15:52:00-04:00,25.014799118041992,25.030000686645508,25.0049991607666,25.0049991607666,14273,0.0,0.0,ARLP,2m
2026-04-17 15:54:00-04:00,25.00830078125,25.010000228881836,24.959999084472656,24.979999542236328,19342,0.0,0.0,ARLP,2m
2026-04-17 15:56:00-04:00,24.969999313354492,24.989999771118164,24.959999084472656,24.979999542236328,19317,0.0,0.0,ARLP,2m
2026-04-17 15:58:00-04:00,24.989999771118164,25.010000228881836,24.979999542236328,25.0,12210,0.0,0.0,ARLP,2m
