datetime,open,high,low,close,volume,dividends,stock_splits,capital_gains,ticker,interval
2026-01-22 09:30:00-05:00,99.72000122070312,99.72000122070312,99.44999694824219,99.4800033569336,18073,0.0,0.0,0.0,AAXJ,15m
2026-01-22 09:45:00-05:00,99.44000244140625,99.47000122070312,99.25,99.38999938964844,30358,0.0,0.0,0.0,AAXJ,15m
2026-01-22 10:00:00-05:00,99.41000366210938,99.62000274658203,99.38999938964844,99.62000274658203,11446,0.0,0.0,0.0,AAXJ,15m
2026-01-22 10:15:00-05:00,99.58000183105469,99.79000091552734,99.58000183105469,99.7699966430664,14014,0.0,0.0,0.0,AAXJ,15m
2026-01-22 10:30:00-05:00,99.73529815673828,99.82499694824219,99.72000122070312,99.82499694824219,9563,0.0,0.0,0.0,AAXJ,15m
2026-01-22 10:45:00-05:00,99.81500244140625,99.81999969482422,99.73500061035156,99.73999786376953,19775,0.0,0.0,0.0,AAXJ,15m
2026-01-22 11:00:00-05:00,99.76000213623047,99.9000015258789,99.76000213623047,99.9000015258789,19529,0.0,0.0,0.0,AAXJ,15m
2026-01-22 11:15:00-05:00,99.9000015258789,99.94000244140625,99.88999938964844,99.8949966430664,10271,0.0,0.0,0.0,AAXJ,15m
2026-01-22 11:30:00-05:00,99.87999725341797,99.8949966430664,99.83999633789062,99.86000061035156,3543,0.0,0.0,0.0,AAXJ,15m
2026-01-22 11:45:00-05:00,99.86499786376953,99.91000366210938,99.80999755859375,99.80999755859375,6742,0.0,0.0,0.0,AAXJ,15m
2026-01-22 12:00:00-05:00,99.7699966430664,99.875,99.7699966430664,99.81999969482422,11442,0.0,0.0,0.0,AAXJ,15m
2026-01-22 12:15:00-05:00,99.80999755859375,99.80999755859375,99.7699966430664,99.79000091552734,2302,0.0,0.0,0.0,AAXJ,15m
2026-01-22 12:30:00-05:00,99.80999755859375,99.88500213623047,99.80999755859375,99.875,7827,0.0,0.0,0.0,AAXJ,15m
2026-01-22 12:45:00-05:00,99.875,99.88999938964844,99.83999633789062,99.86000061035156,5893,0.0,0.0,0.0,AAXJ,15m
2026-01-22 13:00:00-05:00,99.87000274658203,99.9000015258789,99.83000183105469,99.83000183105469,7121,0.0,0.0,0.0,AAXJ,15m
2026-01-22 13:15:00-05:00,99.81999969482422,99.875,99.80999755859375,99.86499786376953,8196,0.0,0.0,0.0,AAXJ,15m
2026-01-22 13:30:00-05:00,99.87999725341797,99.90799713134766,99.86499786376953,99.86499786376953,8009,0.0,0.0,0.0,AAXJ,15m
2026-01-22 13:45:00-05:00,99.8499984741211,99.875,99.80999755859375,99.81999969482422,10258,0.0,0.0,0.0,AAXJ,15m
2026-01-22 14:00:00-05:00,99.8499984741211,99.8949966430664,99.8499984741211,99.8949966430664,3650,0.0,0.0,0.0,AAXJ,15m
2026-01-22 14:15:00-05:00,99.87999725341797,99.87999725341797,99.83000183105469,99.8550033569336,6534,0.0,0.0,0.0,AAXJ,15m
2026-01-22 14:30:00-05:00,99.83999633789062,99.83999633789062,99.7750015258789,99.77999877929688,8706,0.0,0.0,0.0,AAXJ,15m
2026-01-22 14:45:00-05:00,99.77999877929688,99.77999877929688,99.66999816894531,99.66999816894531,19703,0.0,0.0,0.0,AAXJ,15m
2026-01-22 15:00:00-05:00,99.66999816894531,99.68000030517578,99.65499877929688,99.66999816894531,221202,0.0,0.0,0.0,AAXJ,15m
2026-01-22 15:15:00-05:00,99.70999908447266,99.71499633789062,99.68000030517578,99.69000244140625,5882,0.0,0.0,0.0,AAXJ,15m
2026-01-22 15:30:00-05:00,99.6500015258789,99.66000366210938,99.6050033569336,99.62999725341797,7068,0.0,0.0,0.0,AAXJ,15m
2026-01-22 15:45:00-05:00,99.61000061035156,99.63999938964844,99.5199966430664,99.55000305175781,33749,0.0,0.0,0.0,AAXJ,15m
2026-01-23 09:30:00-05:00,99.27999877929688,99.36000061035156,99.18000030517578,99.19999694824219,31339,0.0,0.0,0.0,AAXJ,15m
2026-01-23 09:45:00-05:00,99.19999694824219,99.37000274658203,99.0999984741211,99.36000061035156,25569,0.0,0.0,0.0,AAXJ,15m
2026-01-23 10:00:00-05:00,99.38999938964844,99.44999694824219,99.37999725341797,99.38999938964844,5462,0.0,0.0,0.0,AAXJ,15m
2026-01-23 10:15:00-05:00,99.37999725341797,99.58999633789062,99.37000274658203,99.5333023071289,9563,0.0,0.0,0.0,AAXJ,15m
2026-01-23 10:30:00-05:00,99.56999969482422,99.62000274658203,99.56999969482422,99.5999984741211,9653,0.0,0.0,0.0,AAXJ,15m
2026-01-23 10:45:00-05:00,99.58999633789062,99.63999938964844,99.58999633789062,99.62999725341797,6060,0.0,0.0,0.0,AAXJ,15m
2026-01-23 11:00:00-05:00,99.66000366210938,99.66000366210938,99.55999755859375,99.55999755859375,3274,0.0,0.0,0.0,AAXJ,15m
2026-01-23 11:15:00-05:00,99.56999969482422,99.62999725341797,99.56999969482422,99.5999984741211,4811,0.0,0.0,0.0,AAXJ,15m
2026-01-23 11:30:00-05:00,99.63999938964844,99.75,99.5999984741211,99.75,4629,0.0,0.0,0.0,AAXJ,15m
2026-01-23 11:45:00-05:00,99.72000122070312,99.79000091552734,99.69000244140625,99.69000244140625,3775,0.0,0.0,0.0,AAXJ,15m
2026-01-23 12:00:00-05:00,99.66000366210938,99.83000183105469,99.66000366210938,99.83000183105469,2431,0.0,0.0,0.0,AAXJ,15m
2026-01-23 12:15:00-05:00,99.81999969482422,99.94999694824219,99.81999969482422,99.94999694824219,3770,0.0,0.0,0.0,AAXJ,15m
2026-01-23 12:30:00-05:00,99.94000244140625,100.04000091552734,99.83000183105469,99.83000183105469,18289,0.0,0.0,0.0,AAXJ,15m
2026-01-23 12:45:00-05:00,99.77999877929688,99.81999969482422,99.75,99.75,5463,0.0,0.0,0.0,AAXJ,15m
2026-01-23 13:00:00-05:00,99.76000213623047,99.88999938964844,99.76000213623047,99.8499984741211,12064,0.0,0.0,0.0,AAXJ,15m
2026-01-23 13:15:00-05:00,99.87000274658203,100.08000183105469,99.87000274658203,100.06999969482422,3667,0.0,0.0,0.0,AAXJ,15m
2026-01-23 13:30:00-05:00,100.08000183105469,100.08000183105469,100.0199966430664,100.0250015258789,7289,0.0,0.0,0.0,AAXJ,15m
2026-01-23 13:45:00-05:00,100.00499725341797,100.01000213623047,99.97000122070312,99.9800033569336,8004,0.0,0.0,0.0,AAXJ,15m
2026-01-23 14:00:00-05:00,99.98999786376953,100.12000274658203,99.98999786376953,100.12000274658203,4071,0.0,0.0,0.0,AAXJ,15m
2026-01-23 14:15:00-05:00,100.12000274658203,100.20999908447266,100.12000274658203,100.12989807128906,2232,0.0,0.0,0.0,AAXJ,15m
2026-01-23 14:30:00-05:00,100.11000061035156,100.12999725341797,100.08000183105469,100.11969757080078,2699,0.0,0.0,0.0,AAXJ,15m
2026-01-23 14:45:00-05:00,100.12000274658203,100.19000244140625,100.11000061035156,100.18000030517578,3731,0.0,0.0,0.0,AAXJ,15m
2026-01-23 15:00:00-05:00,100.19000244140625,100.19999694824219,100.13999938964844,100.16999816894531,9540,0.0,0.0,0.0,AAXJ,15m
2026-01-23 15:15:00-05:00,100.19000244140625,100.2300033569336,100.16000366210938,100.16000366210938,7563,0.0,0.0,0.0,AAXJ,15m
2026-01-23 15:30:00-05:00,100.12999725341797,100.19999694824219,100.125,100.18550109863281,6500,0.0,0.0,0.0,AAXJ,15m
2026-01-23 15:45:00-05:00,100.18810272216797,100.19000244140625,100.11000061035156,100.13999938964844,22750,0.0,0.0,0.0,AAXJ,15m
2026-01-26 09:30:00-05:00,99.83000183105469,100.04000091552734,99.81999969482422,100.01499938964844,31335,0.0,0.0,0.0,AAXJ,15m
2026-01-26 09:45:00-05:00,100.0479965209961,100.16000366210938,99.9800033569336,100.16000366210938,54148,0.0,0.0,0.0,AAXJ,15m
2026-01-26 10:00:00-05:00,100.16999816894531,100.26000213623047,100.16000366210938,100.23999786376953,30850,0.0,0.0,0.0,AAXJ,15m
2026-01-26 10:15:00-05:00,100.2699966430664,100.31999969482422,100.22000122070312,100.2300033569336,22564,0.0,0.0,0.0,AAXJ,15m
2026-01-26 10:30:00-05:00,100.20999908447266,100.2699966430664,100.1500015258789,100.1500015258789,14689,0.0,0.0,0.0,AAXJ,15m
2026-01-26 10:45:00-05:00,100.19000244140625,100.2750015258789,100.19000244140625,100.2699966430664,10008,0.0,0.0,0.0,AAXJ,15m
2026-01-26 11:00:00-05:00,100.25,100.27999877929688,100.19999694824219,100.20999908447266,16359,0.0,0.0,0.0,AAXJ,15m
2026-01-26 11:15:00-05:00,100.19000244140625,100.19499969482422,100.0999984741211,100.16999816894531,12097,0.0,0.0,0.0,AAXJ,15m
2026-01-26 11:30:00-05:00,100.16000366210938,100.22000122070312,100.16000366210938,100.19999694824219,2732,0.0,0.0,0.0,AAXJ,15m
2026-01-26 11:45:00-05:00,100.22000122070312,100.26499938964844,100.20999908447266,100.26000213623047,4244,0.0,0.0,0.0,AAXJ,15m
2026-01-26 12:00:00-05:00,100.30000305175781,100.3499984741211,100.28900146484375,100.3499984741211,18072,0.0,0.0,0.0,AAXJ,15m
2026-01-26 12:15:00-05:00,100.37000274658203,100.37249755859375,100.30000305175781,100.30000305175781,10369,0.0,0.0,0.0,AAXJ,15m
2026-01-26 12:30:00-05:00,100.30500030517578,100.36000061035156,100.2699966430664,100.3499984741211,188346,0.0,0.0,0.0,AAXJ,15m
2026-01-26 12:45:00-05:00,100.36000061035156,100.37000274658203,100.31500244140625,100.37000274658203,1714,0.0,0.0,0.0,AAXJ,15m
2026-01-26 13:00:00-05:00,100.36000061035156,100.36000061035156,100.30999755859375,100.32499694824219,179642,0.0,0.0,0.0,AAXJ,15m
2026-01-26 13:15:00-05:00,100.29499816894531,100.36000061035156,100.29499816894531,100.3499984741211,7936,0.0,0.0,0.0,AAXJ,15m
2026-01-26 13:30:00-05:00,100.36000061035156,100.36000061035156,100.30000305175781,100.30000305175781,2805,0.0,0.0,0.0,AAXJ,15m
2026-01-26 13:45:00-05:00,100.30999755859375,100.33999633789062,100.29000091552734,100.30500030517578,5424,0.0,0.0,0.0,AAXJ,15m
2026-01-26 14:00:00-05:00,100.29000091552734,100.30500030517578,100.25,100.26000213623047,3100,0.0,0.0,0.0,AAXJ,15m
2026-01-26 14:15:00-05:00,100.2699966430664,100.2699966430664,100.18990325927734,100.21499633789062,8233,0.0,0.0,0.0,AAXJ,15m
2026-01-26 14:30:00-05:00,100.20999908447266,100.2300033569336,100.18499755859375,100.18499755859375,6334,0.0,0.0,0.0,AAXJ,15m
2026-01-26 14:45:00-05:00,100.19000244140625,100.19000244140625,100.13999938964844,100.15499877929688,10159,0.0,0.0,0.0,AAXJ,15m
2026-01-26 15:00:00-05:00,100.13999938964844,100.19000244140625,100.13999938964844,100.19000244140625,2424,0.0,0.0,0.0,AAXJ,15m
2026-01-26 15:15:00-05:00,100.19999694824219,100.20539855957031,100.16999816894531,100.19999694824219,1684,0.0,0.0,0.0,AAXJ,15m
2026-01-26 15:30:00-05:00,100.20999908447266,100.2300033569336,100.20500183105469,100.2300033569336,8099,0.0,0.0,0.0,AAXJ,15m
2026-01-26 15:45:00-05:00,100.2300033569336,100.23500061035156,100.13999938964844,100.15499877929688,7108,0.0,0.0,0.0,AAXJ,15m
2026-01-27 09:30:00-05:00,101.4000015258789,101.62000274658203,101.31999969482422,101.58000183105469,25854,0.0,0.0,0.0,AAXJ,15m
2026-01-27 09:45:00-05:00,101.58999633789062,101.62999725341797,101.48500061035156,101.59860229492188,29656,0.0,0.0,0.0,AAXJ,15m
2026-01-27 10:00:00-05:00,101.5999984741211,101.67669677734375,101.58999633789062,101.67669677734375,13092,0.0,0.0,0.0,AAXJ,15m
2026-01-27 10:15:00-05:00,101.66000366210938,101.68000030517578,101.61000061035156,101.63999938964844,12757,0.0,0.0,0.0,AAXJ,15m
2026-01-27 10:30:00-05:00,101.58999633789062,101.73500061035156,101.58000183105469,101.69999694824219,20754,0.0,0.0,0.0,AAXJ,15m
2026-01-27 10:45:00-05:00,101.69999694824219,101.72000122070312,101.66999816894531,101.70459747314453,15930,0.0,0.0,0.0,AAXJ,15m
2026-01-27 11:00:00-05:00,101.72000122070312,101.77999877929688,101.70999908447266,101.73500061035156,5602,0.0,0.0,0.0,AAXJ,15m
2026-01-27 11:15:00-05:00,101.75,101.77999877929688,101.7300033569336,101.75,6057,0.0,0.0,0.0,AAXJ,15m
2026-01-27 11:30:00-05:00,101.76000213623047,101.79000091552734,101.7301025390625,101.75499725341797,14868,0.0,0.0,0.0,AAXJ,15m
2026-01-27 11:45:00-05:00,101.76000213623047,101.76000213623047,101.68000030517578,101.70500183105469,7826,0.0,0.0,0.0,AAXJ,15m
2026-01-27 12:00:00-05:00,101.66000366210938,101.68009948730469,101.62999725341797,101.66999816894531,5617,0.0,0.0,0.0,AAXJ,15m
2026-01-27 12:15:00-05:00,101.66000366210938,101.66000366210938,101.56919860839844,101.58000183105469,4567,0.0,0.0,0.0,AAXJ,15m
2026-01-27 12:30:00-05:00,101.58999633789062,101.61000061035156,101.58000183105469,101.58999633789062,9812,0.0,0.0,0.0,AAXJ,15m
2026-01-27 12:45:00-05:00,101.6500015258789,101.68900299072266,101.62000274658203,101.63999938964844,10397,0.0,0.0,0.0,AAXJ,15m
2026-01-27 13:00:00-05:00,101.63999938964844,101.66000366210938,101.61000061035156,101.66000366210938,1702,0.0,0.0,0.0,AAXJ,15m
2026-01-27 13:15:00-05:00,101.66999816894531,101.7699966430664,101.66999816894531,101.76000213623047,3624,0.0,0.0,0.0,AAXJ,15m
2026-01-27 13:30:00-05:00,101.79000091552734,101.80000305175781,101.7300033569336,101.7300033569336,9041,0.0,0.0,0.0,AAXJ,15m
2026-01-27 13:45:00-05:00,101.73999786376953,101.80000305175781,101.73999786376953,101.80000305175781,1215,0.0,0.0,0.0,AAXJ,15m
2026-01-27 14:00:00-05:00,101.76000213623047,101.81500244140625,101.76000213623047,101.81500244140625,1732,0.0,0.0,0.0,AAXJ,15m
2026-01-27 14:15:00-05:00,101.82540130615234,101.83999633789062,101.81060028076172,101.83999633789062,1836,0.0,0.0,0.0,AAXJ,15m
2026-01-27 14:30:00-05:00,101.8499984741211,101.8550033569336,101.84100341796875,101.84100341796875,1407,0.0,0.0,0.0,AAXJ,15m
2026-01-27 14:45:00-05:00,101.83000183105469,101.86000061035156,101.83000183105469,101.8499984741211,1591,0.0,0.0,0.0,AAXJ,15m
2026-01-27 15:00:00-05:00,101.8499984741211,101.94000244140625,101.8499984741211,101.94000244140625,1189,0.0,0.0,0.0,AAXJ,15m
2026-01-27 15:15:00-05:00,101.94999694824219,101.95500183105469,101.91000366210938,101.91999816894531,5570,0.0,0.0,0.0,AAXJ,15m
2026-01-27 15:30:00-05:00,101.88999938964844,101.91500091552734,101.83000183105469,101.83999633789062,3154,0.0,0.0,0.0,AAXJ,15m
2026-01-27 15:45:00-05:00,101.87000274658203,102.07550048828125,101.86499786376953,102.05000305175781,38938,0.0,0.0,0.0,AAXJ,15m
2026-01-28 09:30:00-05:00,102.91500091552734,102.97000122070312,102.79000091552734,102.88999938964844,52153,0.0,0.0,0.0,AAXJ,15m
2026-01-28 09:45:00-05:00,102.87000274658203,102.91000366210938,102.72000122070312,102.72000122070312,16625,0.0,0.0,0.0,AAXJ,15m
2026-01-28 10:00:00-05:00,102.66999816894531,102.73999786376953,102.26000213623047,102.26000213623047,10460,0.0,0.0,0.0,AAXJ,15m
2026-01-28 10:15:00-05:00,102.20999908447266,102.31999969482422,102.12999725341797,102.1500015258789,37229,0.0,0.0,0.0,AAXJ,15m
2026-01-28 10:30:00-05:00,102.16999816894531,102.29000091552734,102.13500213623047,102.29000091552734,20815,0.0,0.0,0.0,AAXJ,15m
2026-01-28 10:45:00-05:00,102.30999755859375,102.33999633789062,102.23500061035156,102.29499816894531,8073,0.0,0.0,0.0,AAXJ,15m
2026-01-28 11:00:00-05:00,102.33000183105469,102.43000030517578,102.30999755859375,102.4000015258789,8968,0.0,0.0,0.0,AAXJ,15m
2026-01-28 11:15:00-05:00,102.46990203857422,102.46990203857422,102.33000183105469,102.33000183105469,6496,0.0,0.0,0.0,AAXJ,15m
2026-01-28 11:30:00-05:00,102.30999755859375,102.30999755859375,102.19499969482422,102.20989990234375,18669,0.0,0.0,0.0,AAXJ,15m
2026-01-28 11:45:00-05:00,102.20500183105469,102.30000305175781,102.20500183105469,102.23999786376953,203697,0.0,0.0,0.0,AAXJ,15m
2026-01-28 12:00:00-05:00,102.24500274658203,102.36499786376953,102.24500274658203,102.36000061035156,5222,0.0,0.0,0.0,AAXJ,15m
2026-01-28 12:15:00-05:00,102.3499984741211,102.4000015258789,102.34500122070312,102.37000274658203,218586,0.0,0.0,0.0,AAXJ,15m
2026-01-28 12:30:00-05:00,102.37000274658203,102.38999938964844,102.33000183105469,102.38999938964844,6048,0.0,0.0,0.0,AAXJ,15m
2026-01-28 12:45:00-05:00,102.37999725341797,102.51000213623047,102.37999725341797,102.47000122070312,5760,0.0,0.0,0.0,AAXJ,15m
2026-01-28 13:00:00-05:00,102.41999816894531,102.47000122070312,102.40499877929688,102.45999908447266,236727,0.0,0.0,0.0,AAXJ,15m
2026-01-28 13:15:00-05:00,102.45999908447266,102.55000305175781,102.44999694824219,102.5199966430664,239851,0.0,0.0,0.0,AAXJ,15m
2026-01-28 13:30:00-05:00,102.51499938964844,102.51499938964844,102.37000274658203,102.4000015258789,4319,0.0,0.0,0.0,AAXJ,15m
2026-01-28 13:45:00-05:00,102.37000274658203,102.4000015258789,102.3499984741211,102.36000061035156,5997,0.0,0.0,0.0,AAXJ,15m
2026-01-28 14:00:00-05:00,102.36499786376953,102.5199966430664,102.29000091552734,102.4800033569336,7809,0.0,0.0,0.0,AAXJ,15m
2026-01-28 14:15:00-05:00,102.48999786376953,102.5250015258789,102.30999755859375,102.30999755859375,8358,0.0,0.0,0.0,AAXJ,15m
2026-01-28 14:30:00-05:00,102.33000183105469,102.58000183105469,102.26000213623047,102.51000213623047,292140,0.0,0.0,0.0,AAXJ,15m
2026-01-28 14:45:00-05:00,102.51000213623047,102.7750015258789,102.48999786376953,102.76000213623047,5291,0.0,0.0,0.0,AAXJ,15m
2026-01-28 15:00:00-05:00,102.68499755859375,102.8550033569336,102.68180084228516,102.79000091552734,314751,0.0,0.0,0.0,AAXJ,15m
2026-01-28 15:15:00-05:00,102.78500366210938,102.84500122070312,102.76499938964844,102.78500366210938,9393,0.0,0.0,0.0,AAXJ,15m
2026-01-28 15:30:00-05:00,102.80000305175781,102.875,102.79239654541016,102.81500244140625,328248,0.0,0.0,0.0,AAXJ,15m
2026-01-28 15:45:00-05:00,102.81500244140625,102.81999969482422,102.69000244140625,102.69000244140625,26596,0.0,0.0,0.0,AAXJ,15m
2026-01-29 09:30:00-05:00,102.94000244140625,103.05000305175781,102.75,102.90499877929688,47484,0.0,0.0,0.0,AAXJ,15m
2026-01-29 09:45:00-05:00,102.87000274658203,102.91000366210938,102.47000122070312,102.4800033569336,20767,0.0,0.0,0.0,AAXJ,15m
2026-01-29 10:00:00-05:00,102.41999816894531,102.43000030517578,101.81539916992188,101.81999969482422,16519,0.0,0.0,0.0,AAXJ,15m
2026-01-29 10:15:00-05:00,101.7300033569336,101.75,101.36000061035156,101.41999816894531,8687,0.0,0.0,0.0,AAXJ,15m
2026-01-29 10:30:00-05:00,101.41000366210938,101.50499725341797,100.97000122070312,100.9749984741211,11278,0.0,0.0,0.0,AAXJ,15m
2026-01-29 10:45:00-05:00,100.98500061035156,101.17500305175781,100.8499984741211,100.91999816894531,13974,0.0,0.0,0.0,AAXJ,15m
2026-01-29 11:00:00-05:00,100.94999694824219,101.33000183105469,100.9000015258789,101.33000183105469,15512,0.0,0.0,0.0,AAXJ,15m
2026-01-29 11:15:00-05:00,101.37000274658203,101.47000122070312,101.29000091552734,101.47000122070312,14609,0.0,0.0,0.0,AAXJ,15m
2026-01-29 11:30:00-05:00,101.47000122070312,101.625,101.44000244140625,101.59010314941406,5723,0.0,0.0,0.0,AAXJ,15m
2026-01-29 11:45:00-05:00,101.56999969482422,101.58999633789062,101.4800033569336,101.58999633789062,3144,0.0,0.0,0.0,AAXJ,15m
2026-01-29 12:00:00-05:00,101.56999969482422,101.87999725341797,101.56999969482422,101.87999725341797,3352,0.0,0.0,0.0,AAXJ,15m
2026-01-29 12:15:00-05:00,101.9000015258789,102.01000213623047,101.87000274658203,102.01000213623047,3932,0.0,0.0,0.0,AAXJ,15m
2026-01-29 12:30:00-05:00,101.98999786376953,102.08999633789062,101.9000015258789,101.95999908447266,1555,0.0,0.0,0.0,AAXJ,15m
2026-01-29 12:45:00-05:00,101.88999938964844,101.88999938964844,101.73999786376953,101.75,3905,0.0,0.0,0.0,AAXJ,15m
2026-01-29 13:00:00-05:00,101.7699966430664,102.03209686279297,101.7699966430664,102.03209686279297,4623,0.0,0.0,0.0,AAXJ,15m
2026-01-29 13:15:00-05:00,101.98999786376953,101.98999786376953,101.94999694824219,101.95999908447266,1568,0.0,0.0,0.0,AAXJ,15m
2026-01-29 13:30:00-05:00,101.87999725341797,102.09500122070312,101.87999725341797,102.06999969482422,3550,0.0,0.0,0.0,AAXJ,15m
2026-01-29 13:45:00-05:00,102.05000305175781,102.05999755859375,102.0250015258789,102.04000091552734,3805,0.0,0.0,0.0,AAXJ,15m
2026-01-29 14:00:00-05:00,101.94000244140625,102.08499908447266,101.93599700927734,102.05069732666016,1718,0.0,0.0,0.0,AAXJ,15m
2026-01-29 14:15:00-05:00,102.05999755859375,102.13999938964844,102.05999755859375,102.12999725341797,2653,0.0,0.0,0.0,AAXJ,15m
2026-01-29 14:30:00-05:00,102.12000274658203,102.12000274658203,102.01000213623047,102.06999969482422,22743,0.0,0.0,0.0,AAXJ,15m
2026-01-29 14:45:00-05:00,102.08000183105469,102.08999633789062,101.94000244140625,101.94000244140625,15984,0.0,0.0,0.0,AAXJ,15m
2026-01-29 15:00:00-05:00,101.91999816894531,102.04000091552734,101.91000366210938,102.04000091552734,3197,0.0,0.0,0.0,AAXJ,15m
2026-01-29 15:15:00-05:00,102.04000091552734,102.05000305175781,101.9749984741211,101.9749984741211,3098,0.0,0.0,0.0,AAXJ,15m
2026-01-29 15:30:00-05:00,101.98999786376953,102.16999816894531,101.98500061035156,102.1500015258789,5737,0.0,0.0,0.0,AAXJ,15m
2026-01-29 15:45:00-05:00,102.12999725341797,102.29000091552734,102.0999984741211,102.2699966430664,32693,0.0,0.0,0.0,AAXJ,15m
2026-01-30 09:30:00-05:00,101.45999908447266,101.80000305175781,101.45999908447266,101.66000366210938,50945,0.0,0.0,0.0,AAXJ,15m
2026-01-30 09:45:00-05:00,101.6500015258789,101.87999725341797,101.5,101.5199966430664,40032,0.0,0.0,0.0,AAXJ,15m
2026-01-30 10:00:00-05:00,101.55000305175781,101.69000244140625,101.33999633789062,101.5199966430664,9378,0.0,0.0,0.0,AAXJ,15m
2026-01-30 10:15:00-05:00,101.55999755859375,101.66000366210938,101.33999633789062,101.36000061035156,13033,0.0,0.0,0.0,AAXJ,15m
2026-01-30 10:30:00-05:00,101.30000305175781,101.31999969482422,101.26000213623047,101.29000091552734,3366,0.0,0.0,0.0,AAXJ,15m
2026-02-02 14:00:00-05:00,100.63999938964844,100.67500305175781,100.5999984741211,100.5999984741211,290999,0.0,0.0,0.0,AAXJ,15m
2026-02-02 14:15:00-05:00,100.59989929199219,100.5999984741211,100.54000091552734,100.55000305175781,8516,0.0,0.0,0.0,AAXJ,15m
2026-02-02 14:30:00-05:00,100.55000305175781,100.61000061035156,100.5199966430664,100.61000061035156,3614,0.0,0.0,0.0,AAXJ,15m
2026-02-02 14:45:00-05:00,100.58000183105469,100.65499877929688,100.44499969482422,100.44499969482422,6000,0.0,0.0,0.0,AAXJ,15m
2026-02-02 15:00:00-05:00,100.4800033569336,100.55999755859375,100.4000015258789,100.4800033569336,5837,0.0,0.0,0.0,AAXJ,15m
2026-02-02 15:15:00-05:00,100.44000244140625,100.4800033569336,100.4000015258789,100.44999694824219,5045,0.0,0.0,0.0,AAXJ,15m
2026-02-02 15:30:00-05:00,100.45999908447266,100.52999877929688,100.44000244140625,100.52999877929688,17265,0.0,0.0,0.0,AAXJ,15m
2026-02-02 15:45:00-05:00,100.51000213623047,100.6500015258789,100.51000213623047,100.55500030517578,22527,0.0,0.0,0.0,AAXJ,15m
2026-02-03 09:30:00-05:00,101.48999786376953,101.55999755859375,101.18000030517578,101.23999786376953,32751,0.0,0.0,0.0,AAXJ,15m
2026-02-03 09:45:00-05:00,101.27999877929688,101.47000122070312,100.86000061035156,100.86000061035156,16383,0.0,0.0,0.0,AAXJ,15m
2026-02-03 10:00:00-05:00,100.86000061035156,100.94999694824219,100.72000122070312,100.7699966430664,29687,0.0,0.0,0.0,AAXJ,15m
2026-02-03 10:15:00-05:00,100.73999786376953,100.97000122070312,100.73999786376953,100.97000122070312,16492,0.0,0.0,0.0,AAXJ,15m
2026-02-03 10:30:00-05:00,101.0,101.0022964477539,100.87999725341797,100.9000015258789,9551,0.0,0.0,0.0,AAXJ,15m
2026-02-03 10:45:00-05:00,100.86000061035156,101.20999908447266,100.83999633789062,101.19000244140625,12767,0.0,0.0,0.0,AAXJ,15m
2026-02-03 11:00:00-05:00,101.20999908447266,101.22000122070312,100.98999786376953,101.04499816894531,13285,0.0,0.0,0.0,AAXJ,15m
2026-02-03 11:15:00-05:00,101.05000305175781,101.11000061035156,100.88999938964844,100.88999938964844,198531,0.0,0.0,0.0,AAXJ,15m
2026-02-03 11:30:00-05:00,100.9000015258789,100.97000122070312,100.81999969482422,100.94999694824219,10437,0.0,0.0,0.0,AAXJ,15m
2026-02-03 11:45:00-05:00,100.95500183105469,100.95999908447266,100.77999877929688,100.83000183105469,14143,0.0,0.0,0.0,AAXJ,15m
2026-02-03 12:00:00-05:00,100.80999755859375,100.83000183105469,100.47000122070312,100.47000122070312,14871,0.0,0.0,0.0,AAXJ,15m
2026-02-03 12:15:00-05:00,100.51000213623047,100.67500305175781,100.51000213623047,100.52999877929688,10543,0.0,0.0,0.0,AAXJ,15m
2026-02-03 12:30:00-05:00,100.5250015258789,100.5250015258789,100.28500366210938,100.29000091552734,46342,0.0,0.0,0.0,AAXJ,15m
2026-02-03 12:45:00-05:00,100.30000305175781,100.5,100.27999877929688,100.31999969482422,331079,0.0,0.0,0.0,AAXJ,15m
2026-02-03 13:00:00-05:00,100.33999633789062,100.3949966430664,100.16000366210938,100.19000244140625,17069,0.0,0.0,0.0,AAXJ,15m
2026-02-03 13:15:00-05:00,100.19999694824219,100.25,100.05999755859375,100.08000183105469,385387,0.0,0.0,0.0,AAXJ,15m
2026-02-03 13:30:00-05:00,100.08000183105469,100.0999984741211,99.98500061035156,99.98500061035156,398713,0.0,0.0,0.0,AAXJ,15m
2026-02-03 13:45:00-05:00,99.95999908447266,100.01499938964844,99.88999938964844,99.88999938964844,418661,0.0,0.0,0.0,AAXJ,15m
2026-02-03 14:00:00-05:00,99.875,100.11000061035156,99.83000183105469,100.11000061035156,6021,0.0,0.0,0.0,AAXJ,15m
2026-02-03 14:15:00-05:00,100.1500015258789,100.30500030517578,100.11000061035156,100.13999938964844,28406,0.0,0.0,0.0,AAXJ,15m
2026-02-03 14:30:00-05:00,100.16999816894531,100.25,100.08999633789062,100.16999816894531,5673,0.0,0.0,0.0,AAXJ,15m
2026-02-03 14:45:00-05:00,100.12999725341797,100.2300033569336,100.0,100.2300033569336,6621,0.0,0.0,0.0,AAXJ,15m
2026-02-03 15:00:00-05:00,100.25,100.2959976196289,100.1895980834961,100.29499816894531,4828,0.0,0.0,0.0,AAXJ,15m
2026-02-03 15:15:00-05:00,100.29000091552734,100.36499786376953,100.25969696044922,100.36000061035156,4034,0.0,0.0,0.0,AAXJ,15m
2026-02-03 15:30:00-05:00,100.41999816894531,100.61000061035156,100.41999816894531,100.58000183105469,10358,0.0,0.0,0.0,AAXJ,15m
2026-02-03 15:45:00-05:00,100.58999633789062,100.80000305175781,100.58999633789062,100.79000091552734,11342,0.0,0.0,0.0,AAXJ,15m
2026-02-04 09:30:00-05:00,101.3499984741211,101.3499984741211,100.96499633789062,101.19000244140625,39845,0.0,0.0,0.0,AAXJ,15m
2026-02-04 09:45:00-05:00,101.18000030517578,101.23049926757812,100.81500244140625,100.81500244140625,36310,0.0,0.0,0.0,AAXJ,15m
2026-02-04 10:00:00-05:00,100.7300033569336,100.91999816894531,100.66000366210938,100.87999725341797,15783,0.0,0.0,0.0,AAXJ,15m
2026-02-04 10:15:00-05:00,100.87000274658203,100.91000366210938,100.69000244140625,100.75499725341797,14023,0.0,0.0,0.0,AAXJ,15m
2026-02-04 10:30:00-05:00,100.80999755859375,100.87000274658203,100.43000030517578,100.75,36206,0.0,0.0,0.0,AAXJ,15m
2026-02-04 10:45:00-05:00,100.61000061035156,100.66000366210938,100.48999786376953,100.48999786376953,12699,0.0,0.0,0.0,AAXJ,15m
2026-02-04 11:00:00-05:00,100.51000213623047,100.51000213623047,99.9800033569336,100.08999633789062,17158,0.0,0.0,0.0,AAXJ,15m
2026-02-04 11:15:00-05:00,100.08999633789062,100.08999633789062,99.80999755859375,100.05000305175781,11521,0.0,0.0,0.0,AAXJ,15m
2026-02-04 11:30:00-05:00,100.08999633789062,100.08999633789062,99.6500015258789,99.6500015258789,13842,0.0,0.0,0.0,AAXJ,15m
2026-02-04 11:45:00-05:00,99.6500015258789,99.88999938964844,99.5,99.87999725341797,180064,0.0,0.0,0.0,AAXJ,15m
2026-02-04 12:00:00-05:00,99.83000183105469,99.9800033569336,99.81999969482422,99.9800033569336,7737,0.0,0.0,0.0,AAXJ,15m
2026-02-04 12:15:00-05:00,99.9749984741211,99.9749984741211,99.41999816894531,99.45500183105469,35666,0.0,0.0,0.0,AAXJ,15m
2026-02-04 12:30:00-05:00,99.41000366210938,99.52999877929688,99.16999816894531,99.29499816894531,31852,0.0,0.0,0.0,AAXJ,15m
2026-02-04 12:45:00-05:00,99.27999877929688,99.43000030517578,99.16000366210938,99.4000015258789,11836,0.0,0.0,0.0,AAXJ,15m
2026-02-04 13:00:00-05:00,99.30000305175781,99.47000122070312,99.22000122070312,99.2699966430664,24305,0.0,0.0,0.0,AAXJ,15m
2026-02-04 13:15:00-05:00,99.27999877929688,99.52999877929688,99.13999938964844,99.5,12025,0.0,0.0,0.0,AAXJ,15m
2026-02-04 13:30:00-05:00,99.43000030517578,99.43000030517578,99.20999908447266,99.4000015258789,9309,0.0,0.0,0.0,AAXJ,15m
2026-02-04 13:45:00-05:00,99.30500030517578,99.43000030517578,99.16000366210938,99.3499984741211,8394,0.0,0.0,0.0,AAXJ,15m
2026-02-04 14:00:00-05:00,99.3499984741211,99.3499984741211,99.16000366210938,99.25,24609,0.0,0.0,0.0,AAXJ,15m
2026-02-04 14:15:00-05:00,99.26000213623047,99.3499984741211,99.1990966796875,99.26000213623047,8681,0.0,0.0,0.0,AAXJ,15m
2026-02-04 14:30:00-05:00,99.4000015258789,99.61000061035156,99.4000015258789,99.61000061035156,4914,0.0,0.0,0.0,AAXJ,15m
2026-02-04 14:45:00-05:00,99.66000366210938,99.8499984741211,99.66000366210938,99.8230972290039,9351,0.0,0.0,0.0,AAXJ,15m
2026-02-04 15:00:00-05:00,99.87999725341797,99.87999725341797,99.69000244140625,99.75,3524,0.0,0.0,0.0,AAXJ,15m
2026-02-04 15:15:00-05:00,99.7300033569336,99.7300033569336,99.66000366210938,99.69000244140625,3841,0.0,0.0,0.0,AAXJ,15m
2026-02-04 15:30:00-05:00,99.625,99.77999877929688,99.62000274658203,99.7300033569336,2832,0.0,0.0,0.0,AAXJ,15m
2026-02-04 15:45:00-05:00,99.75,99.7699966430664,99.47000122070312,99.47000122070312,498859,0.0,0.0,0.0,AAXJ,15m
2026-02-05 09:30:00-05:00,99.30999755859375,99.91000366210938,98.97000122070312,99.88999938964844,85716,0.0,0.0,0.0,AAXJ,15m
2026-02-05 09:45:00-05:00,99.87999725341797,100.02999877929688,99.5,99.5,17228,0.0,0.0,0.0,AAXJ,15m
2026-02-05 10:00:00-05:00,99.62000274658203,99.62000274658203,98.88490295410156,98.88490295410156,13962,0.0,0.0,0.0,AAXJ,15m
2026-02-05 10:15:00-05:00,98.88999938964844,99.12000274658203,98.83999633789062,98.83999633789062,11739,0.0,0.0,0.0,AAXJ,15m
2026-02-05 10:30:00-05:00,98.87999725341797,99.12999725341797,98.69000244140625,99.11000061035156,32835,0.0,0.0,0.0,AAXJ,15m
2026-02-05 10:45:00-05:00,99.08000183105469,99.0999984741211,98.76000213623047,98.95999908447266,4815,0.0,0.0,0.0,AAXJ,15m
2026-02-05 11:00:00-05:00,99.04000091552734,99.08000183105469,98.83999633789062,98.83999633789062,15747,0.0,0.0,0.0,AAXJ,15m
2026-02-05 11:15:00-05:00,98.87999725341797,99.4800033569336,98.87999725341797,99.44000244140625,11117,0.0,0.0,0.0,AAXJ,15m
2026-02-05 11:30:00-05:00,99.58999633789062,99.75,99.52999877929688,99.66000366210938,12808,0.0,0.0,0.0,AAXJ,15m
2026-02-05 11:45:00-05:00,99.62000274658203,99.83999633789062,99.50499725341797,99.83999633789062,8446,0.0,0.0,0.0,AAXJ,15m
2026-02-05 12:00:00-05:00,99.73999786376953,99.73999786376953,99.61000061035156,99.62000274658203,5538,0.0,0.0,0.0,AAXJ,15m
2026-02-05 12:15:00-05:00,99.63999938964844,99.87000274658203,99.5199966430664,99.87000274658203,3934,0.0,0.0,0.0,AAXJ,15m
2026-02-05 12:30:00-05:00,99.86000061035156,99.88999938964844,99.7300033569336,99.8499984741211,8487,0.0,0.0,0.0,AAXJ,15m
2026-02-05 12:45:00-05:00,99.88999938964844,99.94999694824219,99.58000183105469,99.60579681396484,2576,0.0,0.0,0.0,AAXJ,15m
2026-02-05 13:00:00-05:00,99.66000366210938,99.75,99.4800033569336,99.49009704589844,4770,0.0,0.0,0.0,AAXJ,15m
2026-02-05 13:15:00-05:00,99.51000213623047,99.55000305175781,99.37000274658203,99.4000015258789,6404,0.0,0.0,0.0,AAXJ,15m
2026-02-05 13:30:00-05:00,99.47000122070312,99.4999008178711,99.30999755859375,99.33999633789062,4922,0.0,0.0,0.0,AAXJ,15m
2026-02-05 13:45:00-05:00,99.28500366210938,99.28500366210938,99.16000366210938,99.26499938964844,3659,0.0,0.0,0.0,AAXJ,15m
2026-02-05 14:00:00-05:00,99.23999786376953,99.45189666748047,99.23999786376953,99.45189666748047,4183,0.0,0.0,0.0,AAXJ,15m
2026-02-05 14:15:00-05:00,99.5199966430664,99.56999969482422,99.43000030517578,99.43000030517578,15687,0.0,0.0,0.0,AAXJ,15m
2026-02-05 14:30:00-05:00,99.3499984741211,99.37000274658203,99.2699966430664,99.33000183105469,12743,0.0,0.0,0.0,AAXJ,15m
2026-02-05 14:45:00-05:00,99.31999969482422,99.3499984741211,99.25499725341797,99.33999633789062,3678,0.0,0.0,0.0,AAXJ,15m
2026-02-05 15:00:00-05:00,99.30999755859375,99.52999877929688,99.30999755859375,99.45999908447266,2987,0.0,0.0,0.0,AAXJ,15m
2026-02-05 15:15:00-05:00,99.37999725341797,99.37999725341797,99.0999984741211,99.0999984741211,4994,0.0,0.0,0.0,AAXJ,15m
2026-02-05 15:30:00-05:00,99.12000274658203,99.16000366210938,99.0,99.01000213623047,8702,0.0,0.0,0.0,AAXJ,15m
2026-02-05 15:45:00-05:00,99.0199966430664,99.13999938964844,98.95500183105469,99.11499786376953,19729,0.0,0.0,0.0,AAXJ,15m
2026-02-06 09:30:00-05:00,100.25,100.66000366210938,100.25,100.62999725341797,22446,0.0,0.0,0.0,AAXJ,15m
2026-02-06 09:45:00-05:00,100.78500366210938,101.02999877929688,100.7300033569336,100.86499786376953,26060,0.0,0.0,0.0,AAXJ,15m
2026-02-06 10:00:00-05:00,100.84500122070312,100.84500122070312,100.61000061035156,100.65499877929688,10804,0.0,0.0,0.0,AAXJ,15m
2026-02-06 10:15:00-05:00,100.63999938964844,100.95999908447266,100.5999984741211,100.87000274658203,20594,0.0,0.0,0.0,AAXJ,15m
2026-02-06 10:30:00-05:00,100.84500122070312,101.02999877929688,100.80999755859375,101.02999877929688,13680,0.0,0.0,0.0,AAXJ,15m
2026-02-06 10:45:00-05:00,100.75,100.88500213623047,100.75,100.88500213623047,6136,0.0,0.0,0.0,AAXJ,15m
2026-02-06 11:00:00-05:00,100.8499984741211,100.9800033569336,100.83000183105469,100.91999816894531,3474,0.0,0.0,0.0,AAXJ,15m
2026-02-06 11:15:00-05:00,101.02999877929688,101.08999633789062,101.01000213623047,101.02999877929688,5016,0.0,0.0,0.0,AAXJ,15m
2026-02-06 11:30:00-05:00,101.125,101.19000244140625,101.125,101.19000244140625,5527,0.0,0.0,0.0,AAXJ,15m
2026-02-06 11:45:00-05:00,101.16999816894531,101.22000122070312,101.06999969482422,101.06999969482422,5689,0.0,0.0,0.0,AAXJ,15m
2026-02-06 12:00:00-05:00,101.12000274658203,101.23999786376953,101.12000274658203,101.20999908447266,4519,0.0,0.0,0.0,AAXJ,15m
2026-02-06 12:15:00-05:00,101.22000122070312,101.2300033569336,101.20999908447266,101.2300033569336,1582,0.0,0.0,0.0,AAXJ,15m
2026-02-06 12:30:00-05:00,101.26000213623047,101.31950378417969,101.1989974975586,101.31950378417969,10919,0.0,0.0,0.0,AAXJ,15m
2026-02-06 12:45:00-05:00,101.3499984741211,101.41100311279297,101.3499984741211,101.41100311279297,2441,0.0,0.0,0.0,AAXJ,15m
2026-02-06 13:00:00-05:00,101.41000366210938,101.44499969482422,101.4000015258789,101.44499969482422,21671,0.0,0.0,0.0,AAXJ,15m
2026-02-06 13:15:00-05:00,101.43499755859375,101.44999694824219,101.33999633789062,101.38999938964844,3405,0.0,0.0,0.0,AAXJ,15m
2026-02-06 13:30:00-05:00,101.41000366210938,101.44999694824219,101.38999938964844,101.44999694824219,2359,0.0,0.0,0.0,AAXJ,15m
2026-02-06 13:45:00-05:00,101.4800033569336,101.4800033569336,101.45999908447266,101.47429656982422,1425,0.0,0.0,0.0,AAXJ,15m
2026-02-06 14:00:00-05:00,101.45999908447266,101.46749877929688,101.3949966430664,101.41000366210938,5490,0.0,0.0,0.0,AAXJ,15m
2026-02-06 14:15:00-05:00,101.4000015258789,101.45999908447266,101.38999938964844,101.45999908447266,6005,0.0,0.0,0.0,AAXJ,15m
2026-02-06 14:30:00-05:00,101.44999694824219,101.45999908447266,101.44000244140625,101.44000244140625,3038,0.0,0.0,0.0,AAXJ,15m
2026-02-06 14:45:00-05:00,101.48200225830078,101.5199966430664,101.43620300292969,101.43620300292969,1599,0.0,0.0,0.0,AAXJ,15m
2026-02-06 15:00:00-05:00,101.5,101.55000305175781,101.5,101.53820037841797,1618,0.0,0.0,0.0,AAXJ,15m
2026-02-06 15:15:00-05:00,101.55999755859375,101.63999938964844,101.55999755859375,101.63999938964844,6158,0.0,0.0,0.0,AAXJ,15m
2026-02-06 15:30:00-05:00,101.63999938964844,101.6500015258789,101.62000274658203,101.62999725341797,3459,0.0,0.0,0.0,AAXJ,15m
2026-02-06 15:45:00-05:00,101.62999725341797,101.76000213623047,101.62999725341797,101.75,18031,0.0,0.0,0.0,AAXJ,15m
2026-02-09 09:30:00-05:00,101.69000244140625,102.05999755859375,101.41999816894531,102.05999755859375,44969,0.0,0.0,0.0,AAXJ,15m
2026-02-09 09:45:00-05:00,102.16999816894531,102.23999786376953,101.93009948730469,102.12999725341797,36977,0.0,0.0,0.0,AAXJ,15m
2026-02-09 10:00:00-05:00,102.12000274658203,102.38999938964844,102.0999984741211,102.3062973022461,12657,0.0,0.0,0.0,AAXJ,15m
2026-02-09 10:15:00-05:00,102.38999938964844,102.38999938964844,102.29000091552734,102.33499908447266,7237,0.0,0.0,0.0,AAXJ,15m
2026-02-09 10:30:00-05:00,102.38999938964844,102.54000091552734,102.38999938964844,102.47000122070312,11061,0.0,0.0,0.0,AAXJ,15m
2026-02-09 10:45:00-05:00,102.5199966430664,102.55000305175781,102.5199966430664,102.55000305175781,760,0.0,0.0,0.0,AAXJ,15m
2026-02-09 11:00:00-05:00,102.54000091552734,102.54000091552734,102.44999694824219,102.51000213623047,4947,0.0,0.0,0.0,AAXJ,15m
2026-02-09 11:15:00-05:00,102.55000305175781,102.56400299072266,102.48999786376953,102.48999786376953,1827,0.0,0.0,0.0,AAXJ,15m
2026-02-09 11:30:00-05:00,102.45999908447266,102.48999786376953,102.45999908447266,102.48999786376953,1091,0.0,0.0,0.0,AAXJ,15m
2026-02-09 11:45:00-05:00,102.51499938964844,102.5199966430664,102.48999786376953,102.51000213623047,2388,0.0,0.0,0.0,AAXJ,15m
2026-02-09 12:00:00-05:00,102.47000122070312,102.51000213623047,102.47000122070312,102.51000213623047,2913,0.0,0.0,0.0,AAXJ,15m
2026-02-09 12:15:00-05:00,102.48999786376953,102.48999786376953,102.41000366210938,102.41000366210938,5201,0.0,0.0,0.0,AAXJ,15m
2026-02-09 12:30:00-05:00,102.43000030517578,102.5,102.41999816894531,102.48500061035156,3503,0.0,0.0,0.0,AAXJ,15m
2026-02-09 12:45:00-05:00,102.48999786376953,102.5199966430664,102.47000122070312,102.47799682617188,3335,0.0,0.0,0.0,AAXJ,15m
2026-02-09 13:00:00-05:00,102.47000122070312,102.55799865722656,102.44999694824219,102.52899932861328,3750,0.0,0.0,0.0,AAXJ,15m
2026-02-09 13:15:00-05:00,102.52999877929688,102.52999877929688,102.23629760742188,102.37000274658203,5836,0.0,0.0,0.0,AAXJ,15m
2026-02-09 13:30:00-05:00,102.41000366210938,102.47000122070312,102.41000366210938,102.47000122070312,1219,0.0,0.0,0.0,AAXJ,15m
2026-02-09 13:45:00-05:00,102.48999786376953,102.48999786376953,102.37999725341797,102.41999816894531,12584,0.0,0.0,0.0,AAXJ,15m
2026-02-09 14:00:00-05:00,102.3949966430664,102.44999694824219,102.3949966430664,102.41000366210938,1627,0.0,0.0,0.0,AAXJ,15m
2026-02-09 14:15:00-05:00,102.5,102.51000213623047,102.4800033569336,102.51000213623047,6153,0.0,0.0,0.0,AAXJ,15m
2026-02-09 14:30:00-05:00,102.5199966430664,102.58000183105469,102.5199966430664,102.55000305175781,1600,0.0,0.0,0.0,AAXJ,15m
2026-02-09 14:45:00-05:00,102.54000091552734,102.54000091552734,102.41000366210938,102.44999694824219,59131,0.0,0.0,0.0,AAXJ,15m
2026-02-09 15:00:00-05:00,102.44000244140625,102.47000122070312,102.4000015258789,102.4000015258789,8105,0.0,0.0,0.0,AAXJ,15m
2026-02-09 15:15:00-05:00,102.4000015258789,102.45999908447266,102.38999938964844,102.41000366210938,2783,0.0,0.0,0.0,AAXJ,15m
2026-02-09 15:30:00-05:00,102.41000366210938,102.41000366210938,102.37000274658203,102.41000366210938,3498,0.0,0.0,0.0,AAXJ,15m
2026-02-09 15:45:00-05:00,102.41000366210938,102.41000366210938,102.33999633789062,102.3499984741211,16828,0.0,0.0,0.0,AAXJ,15m
2026-02-10 09:30:00-05:00,102.79000091552734,102.79000091552734,102.30000305175781,102.38500213623047,32535,0.0,0.0,0.0,AAXJ,15m
2026-02-10 09:45:00-05:00,102.4000015258789,102.77999877929688,102.30000305175781,102.77999877929688,8765,0.0,0.0,0.0,AAXJ,15m
2026-02-10 10:00:00-05:00,102.7300033569336,102.8499984741211,102.63999938964844,102.66999816894531,7724,0.0,0.0,0.0,AAXJ,15m
2026-02-10 10:15:00-05:00,102.66000366210938,102.79000091552734,102.61000061035156,102.69499969482422,7796,0.0,0.0,0.0,AAXJ,15m
2026-02-10 10:30:00-05:00,102.70999908447266,102.7699966430664,102.61000061035156,102.73500061035156,55716,0.0,0.0,0.0,AAXJ,15m
2026-02-10 10:45:00-05:00,102.80000305175781,102.8550033569336,102.66999816894531,102.73999786376953,8903,0.0,0.0,0.0,AAXJ,15m
2026-02-10 11:00:00-05:00,102.71499633789062,102.77999877929688,102.6500015258789,102.73999786376953,9627,0.0,0.0,0.0,AAXJ,15m
2026-02-10 11:15:00-05:00,102.7300033569336,102.77999877929688,102.6500015258789,102.7699966430664,3842,0.0,0.0,0.0,AAXJ,15m
2026-02-10 11:30:00-05:00,102.73999786376953,102.79499816894531,102.68499755859375,102.69000244140625,4102,0.0,0.0,0.0,AAXJ,15m
2026-02-10 11:45:00-05:00,102.80999755859375,102.80999755859375,102.72000122070312,102.75,2629,0.0,0.0,0.0,AAXJ,15m
2026-02-10 12:00:00-05:00,102.75,102.86000061035156,102.66999816894531,102.86000061035156,2681,0.0,0.0,0.0,AAXJ,15m
2026-02-10 12:15:00-05:00,102.88999938964844,102.9800033569336,102.88500213623047,102.97000122070312,3868,0.0,0.0,0.0,AAXJ,15m
2026-02-10 12:30:00-05:00,102.95999908447266,103.03500366210938,102.94999694824219,103.03500366210938,5558,0.0,0.0,0.0,AAXJ,15m
2026-02-10 12:45:00-05:00,103.0250015258789,103.04499816894531,102.9800033569336,102.9800033569336,13245,0.0,0.0,0.0,AAXJ,15m
2026-02-10 13:00:00-05:00,102.98999786376953,102.98999786376953,102.88999938964844,102.88999938964844,142563,0.0,0.0,0.0,AAXJ,15m
2026-02-10 13:15:00-05:00,102.86000061035156,102.87000274658203,102.7699966430664,102.7699966430664,2036,0.0,0.0,0.0,AAXJ,15m
2026-02-10 13:30:00-05:00,102.7300033569336,102.77999877929688,102.67379760742188,102.77999877929688,4047,0.0,0.0,0.0,AAXJ,15m
2026-02-10 13:45:00-05:00,102.74500274658203,102.76000213623047,102.69999694824219,102.76000213623047,158774,0.0,0.0,0.0,AAXJ,15m
2026-02-10 14:00:00-05:00,102.75630187988281,102.79499816894531,102.73999786376953,102.79499816894531,2716,0.0,0.0,0.0,AAXJ,15m
2026-02-10 14:15:00-05:00,102.80000305175781,102.87999725341797,102.7699966430664,102.87999725341797,5059,0.0,0.0,0.0,AAXJ,15m
2026-02-10 14:30:00-05:00,102.88999938964844,102.9000015258789,102.83999633789062,102.83999633789062,173821,0.0,0.0,0.0,AAXJ,15m
2026-02-10 14:45:00-05:00,102.8499984741211,102.9000015258789,102.8499984741211,102.9000015258789,1679,0.0,0.0,0.0,AAXJ,15m
2026-02-10 15:00:00-05:00,102.88999938964844,102.9000015258789,102.80000305175781,102.80500030517578,4734,0.0,0.0,0.0,AAXJ,15m
2026-02-10 15:15:00-05:00,102.79499816894531,102.86000061035156,102.79499816894531,102.82499694824219,7232,0.0,0.0,0.0,AAXJ,15m
2026-02-10 15:30:00-05:00,102.82499694824219,102.86000061035156,102.79499816894531,102.81999969482422,7473,0.0,0.0,0.0,AAXJ,15m
2026-02-10 15:45:00-05:00,102.81999969482422,102.84500122070312,102.62999725341797,102.69000244140625,24032,0.0,0.0,0.0,AAXJ,15m
2026-02-11 09:30:00-05:00,103.68000030517578,103.86000061035156,103.63500213623047,103.77999877929688,83252,0.0,0.0,0.0,AAXJ,15m
2026-02-11 09:45:00-05:00,103.76000213623047,103.97000122070312,103.75,103.87000274658203,46574,0.0,0.0,0.0,AAXJ,15m
2026-02-11 10:00:00-05:00,103.87000274658203,103.98999786376953,103.30999755859375,103.4800033569336,31824,0.0,0.0,0.0,AAXJ,15m
2026-02-11 10:15:00-05:00,103.45500183105469,103.4800033569336,103.05000305175781,103.19499969482422,34871,0.0,0.0,0.0,AAXJ,15m
2026-02-11 10:30:00-05:00,103.13999938964844,103.46499633789062,103.12000274658203,103.40499877929688,22594,0.0,0.0,0.0,AAXJ,15m
2026-02-11 10:45:00-05:00,103.44000244140625,103.58999633789062,103.23999786376953,103.54000091552734,21223,0.0,0.0,0.0,AAXJ,15m
2026-02-11 11:00:00-05:00,103.55999755859375,103.68000030517578,103.41000366210938,103.66999816894531,292641,0.0,0.0,0.0,AAXJ,15m
2026-02-11 11:15:00-05:00,103.66999816894531,103.80999755859375,103.55999755859375,103.55999755859375,10134,0.0,0.0,0.0,AAXJ,15m
2026-02-11 11:30:00-05:00,103.55500030517578,103.80000305175781,103.52999877929688,103.7300033569336,19053,0.0,0.0,0.0,AAXJ,15m
2026-02-11 11:45:00-05:00,103.7249984741211,103.81999969482422,103.71499633789062,103.7699966430664,9822,0.0,0.0,0.0,AAXJ,15m
2026-02-11 12:00:00-05:00,103.7300033569336,103.9000015258789,103.65499877929688,103.87999725341797,8698,0.0,0.0,0.0,AAXJ,15m
2026-02-11 12:15:00-05:00,103.88500213623047,104.18499755859375,103.87000274658203,104.18499755859375,13992,0.0,0.0,0.0,AAXJ,15m
2026-02-11 12:30:00-05:00,104.19999694824219,104.2699966430664,104.13999938964844,104.25,13348,0.0,0.0,0.0,AAXJ,15m
2026-02-11 12:45:00-05:00,104.2300033569336,104.26000213623047,104.12000274658203,104.13999938964844,10049,0.0,0.0,0.0,AAXJ,15m
2026-02-11 13:00:00-05:00,104.12999725341797,104.2300033569336,104.0199966430664,104.02999877929688,11149,0.0,0.0,0.0,AAXJ,15m
2026-02-11 13:15:00-05:00,104.02999877929688,104.19499969482422,104.0199966430664,104.19000244140625,12600,0.0,0.0,0.0,AAXJ,15m
2026-02-11 13:30:00-05:00,104.19000244140625,104.24500274658203,104.16999816894531,104.21499633789062,24329,0.0,0.0,0.0,AAXJ,15m
2026-02-11 13:45:00-05:00,104.22000122070312,104.33000183105469,104.16000366210938,104.30000305175781,24236,0.0,0.0,0.0,AAXJ,15m
2026-02-11 14:00:00-05:00,104.29000091552734,104.47000122070312,104.26000213623047,104.45999908447266,24157,0.0,0.0,0.0,AAXJ,15m
2026-02-11 14:15:00-05:00,104.45999908447266,104.62000274658203,104.45999908447266,104.58000183105469,22621,0.0,0.0,0.0,AAXJ,15m
2026-02-11 14:30:00-05:00,104.56999969482422,104.57499694824219,104.48999786376953,104.52999877929688,22375,0.0,0.0,0.0,AAXJ,15m
2026-02-11 14:45:00-05:00,104.54000091552734,104.54000091552734,104.43000030517578,104.45999908447266,24617,0.0,0.0,0.0,AAXJ,15m
2026-02-11 15:00:00-05:00,104.44999694824219,104.48500061035156,104.4000015258789,104.44499969482422,30013,0.0,0.0,0.0,AAXJ,15m
2026-02-11 15:15:00-05:00,104.44999694824219,104.50499725341797,104.44499969482422,104.45500183105469,31344,0.0,0.0,0.0,AAXJ,15m
2026-02-11 15:30:00-05:00,104.44999694824219,104.48999786376953,104.4198989868164,104.45500183105469,43372,0.0,0.0,0.0,AAXJ,15m
2026-02-11 15:45:00-05:00,104.45999908447266,104.51000213623047,104.43000030517578,104.4800033569336,986930,0.0,0.0,0.0,AAXJ,15m
2026-02-12 09:30:00-05:00,104.81999969482422,104.87999725341797,104.63999938964844,104.72000122070312,44142,0.0,0.0,0.0,AAXJ,15m
2026-02-12 09:45:00-05:00,104.72000122070312,104.75,104.33000183105469,104.3499984741211,32296,0.0,0.0,0.0,AAXJ,15m
2026-02-12 10:00:00-05:00,104.33999633789062,104.58000183105469,104.31999969482422,104.58000183105469,18878,0.0,0.0,0.0,AAXJ,15m
2026-02-12 10:15:00-05:00,104.62000274658203,104.6863021850586,104.5999984741211,104.62000274658203,10475,0.0,0.0,0.0,AAXJ,15m
2026-02-12 10:30:00-05:00,104.6500015258789,104.69999694824219,104.29000091552734,104.30000305175781,6691,0.0,0.0,0.0,AAXJ,15m
2026-02-12 10:45:00-05:00,104.38629913330078,104.45999908447266,104.0999984741211,104.0999984741211,10535,0.0,0.0,0.0,AAXJ,15m
2026-02-12 11:00:00-05:00,104.08000183105469,104.08000183105469,103.55000305175781,103.57499694824219,23686,0.0,0.0,0.0,AAXJ,15m
2026-02-12 11:15:00-05:00,103.58000183105469,103.58999633789062,102.87999725341797,102.9000015258789,37084,0.0,0.0,0.0,AAXJ,15m
2026-02-12 11:30:00-05:00,102.91999816894531,103.41000366210938,102.91000366210938,103.27999877929688,4974,0.0,0.0,0.0,AAXJ,15m
2026-02-12 11:45:00-05:00,103.30999755859375,103.33000183105469,103.0199966430664,103.11000061035156,12013,0.0,0.0,0.0,AAXJ,15m
2026-02-12 12:00:00-05:00,103.11000061035156,103.19999694824219,103.0,103.06999969482422,8679,0.0,0.0,0.0,AAXJ,15m
2026-02-12 12:15:00-05:00,103.12000274658203,103.41000366210938,103.05999755859375,103.20999908447266,3643,0.0,0.0,0.0,AAXJ,15m
2026-02-12 12:30:00-05:00,103.25,103.43000030517578,103.22000122070312,103.43000030517578,8024,0.0,0.0,0.0,AAXJ,15m
2026-02-12 12:45:00-05:00,103.4000015258789,103.44000244140625,103.08000183105469,103.08000183105469,6667,0.0,0.0,0.0,AAXJ,15m
2026-02-12 13:00:00-05:00,103.02999877929688,103.12999725341797,102.9800033569336,103.12999725341797,6976,0.0,0.0,0.0,AAXJ,15m
2026-02-12 13:15:00-05:00,103.07009887695312,103.18000030517578,103.0199966430664,103.12000274658203,11277,0.0,0.0,0.0,AAXJ,15m
2026-02-12 13:30:00-05:00,103.0999984741211,103.38999938964844,103.0999984741211,103.38999938964844,3828,0.0,0.0,0.0,AAXJ,15m
2026-02-12 13:45:00-05:00,103.38999938964844,103.55000305175781,103.37999725341797,103.47000122070312,5001,0.0,0.0,0.0,AAXJ,15m
2026-02-12 14:00:00-05:00,103.4800033569336,103.51000213623047,103.37000274658203,103.41000366210938,3750,0.0,0.0,0.0,AAXJ,15m
2026-02-12 14:15:00-05:00,103.41999816894531,103.5999984741211,103.41999816894531,103.44000244140625,11010,0.0,0.0,0.0,AAXJ,15m
2026-02-12 14:30:00-05:00,103.44000244140625,103.68000030517578,103.44000244140625,103.62000274658203,9242,0.0,0.0,0.0,AAXJ,15m
2026-02-12 14:45:00-05:00,103.65499877929688,103.69000244140625,103.52999877929688,103.55999755859375,4528,0.0,0.0,0.0,AAXJ,15m
2026-02-12 15:00:00-05:00,103.58999633789062,103.61000061035156,103.375,103.44000244140625,3879,0.0,0.0,0.0,AAXJ,15m
2026-02-12 15:15:00-05:00,103.44000244140625,103.44000244140625,103.2699966430664,103.2699966430664,5549,0.0,0.0,0.0,AAXJ,15m
2026-02-12 15:30:00-05:00,103.25499725341797,103.4800033569336,103.20999908447266,103.4000015258789,9306,0.0,0.0,0.0,AAXJ,15m
2026-02-12 15:45:00-05:00,103.38999938964844,103.38999938964844,103.22000122070312,103.33000183105469,23263,0.0,0.0,0.0,AAXJ,15m
2026-02-13 09:30:00-05:00,103.02999877929688,103.13999938964844,102.12999725341797,102.62999725341797,81380,0.0,0.0,0.0,AAXJ,15m
2026-02-13 09:45:00-05:00,102.63999938964844,102.92500305175781,102.22000122070312,102.22000122070312,58807,0.0,0.0,0.0,AAXJ,15m
2026-02-13 10:00:00-05:00,102.30000305175781,103.01000213623047,102.29000091552734,102.79000091552734,41906,0.0,0.0,0.0,AAXJ,15m
2026-02-13 10:15:00-05:00,102.77999877929688,103.12999725341797,102.69999694824219,103.04000091552734,24929,0.0,0.0,0.0,AAXJ,15m
2026-02-13 10:30:00-05:00,103.05000305175781,103.33000183105469,103.0199966430664,103.04000091552734,20131,0.0,0.0,0.0,AAXJ,15m
2026-02-13 10:45:00-05:00,102.98999786376953,103.0999984741211,102.80500030517578,102.93000030517578,508381,0.0,0.0,0.0,AAXJ,15m
2026-02-13 11:00:00-05:00,102.94999694824219,103.20989990234375,102.91999816894531,103.11000061035156,14180,0.0,0.0,0.0,AAXJ,15m
2026-02-13 11:15:00-05:00,103.08999633789062,103.30500030517578,103.0250015258789,103.25499725341797,19222,0.0,0.0,0.0,AAXJ,15m
2026-02-13 11:30:00-05:00,103.25,103.37000274658203,103.16999816894531,103.36499786376953,9271,0.0,0.0,0.0,AAXJ,15m
2026-02-13 11:45:00-05:00,103.43000030517578,103.56999969482422,103.37000274658203,103.43000030517578,17157,0.0,0.0,0.0,AAXJ,15m
2026-02-13 12:00:00-05:00,103.41999816894531,103.66999816894531,103.41999816894531,103.66999816894531,20616,0.0,0.0,0.0,AAXJ,15m
2026-02-13 12:15:00-05:00,103.66000366210938,103.86000061035156,103.52999877929688,103.80999755859375,56079,0.0,0.0,0.0,AAXJ,15m
2026-02-13 12:30:00-05:00,103.75,103.80999755859375,103.69999694824219,103.79000091552734,3067,0.0,0.0,0.0,AAXJ,15m
2026-02-13 12:45:00-05:00,103.7699966430664,103.80509948730469,103.7699966430664,103.80509948730469,530,0.0,0.0,0.0,AAXJ,15m
2026-02-13 13:00:00-05:00,103.73500061035156,103.77999877929688,103.6449966430664,103.76499938964844,2652,0.0,0.0,0.0,AAXJ,15m
2026-02-13 13:15:00-05:00,103.75,103.87000274658203,103.7300033569336,103.80999755859375,804715,0.0,0.0,0.0,AAXJ,15m
2026-02-13 13:30:00-05:00,103.79000091552734,103.86000061035156,103.76499938964844,103.78500366210938,814410,0.0,0.0,0.0,AAXJ,15m
2026-02-13 13:45:00-05:00,103.80000305175781,103.86000061035156,103.70500183105469,103.70500183105469,3075,0.0,0.0,0.0,AAXJ,15m
2026-02-13 14:00:00-05:00,103.72000122070312,103.83000183105469,103.70999908447266,103.80000305175781,7004,0.0,0.0,0.0,AAXJ,15m
2026-02-13 14:15:00-05:00,103.80000305175781,103.83999633789062,103.66000366210938,103.69999694824219,12857,0.0,0.0,0.0,AAXJ,15m
2026-02-13 14:30:00-05:00,103.73999786376953,103.80000305175781,103.5999984741211,103.66999816894531,11391,0.0,0.0,0.0,AAXJ,15m
2026-02-13 14:45:00-05:00,103.65499877929688,103.73999786376953,103.44999694824219,103.45999908447266,13757,0.0,0.0,0.0,AAXJ,15m
2026-02-13 15:00:00-05:00,103.44000244140625,103.55500030517578,103.41000366210938,103.44000244140625,17875,0.0,0.0,0.0,AAXJ,15m
2026-02-13 15:15:00-05:00,103.47000122070312,103.52999877929688,103.33999633789062,103.36499786376953,10448,0.0,0.0,0.0,AAXJ,15m
2026-02-13 15:30:00-05:00,103.36000061035156,103.48999786376953,103.33499908447266,103.46499633789062,985661,0.0,0.0,0.0,AAXJ,15m
2026-02-13 15:45:00-05:00,103.46499633789062,103.69999694824219,103.45500183105469,103.66999816894531,95420,0.0,0.0,0.0,AAXJ,15m
2026-02-17 09:30:00-05:00,103.30999755859375,103.47000122070312,103.18000030517578,103.19499969482422,24053,0.0,0.0,0.0,AAXJ,15m
2026-02-17 09:45:00-05:00,103.12999725341797,103.12999725341797,102.41999816894531,102.41999816894531,25154,0.0,0.0,0.0,AAXJ,15m
2026-02-17 10:00:00-05:00,102.37999725341797,102.76000213623047,102.37999725341797,102.5199966430664,6464,0.0,0.0,0.0,AAXJ,15m
2026-02-17 10:15:00-05:00,102.56999969482422,102.83000183105469,102.44000244140625,102.5000991821289,6677,0.0,0.0,0.0,AAXJ,15m
2026-02-17 10:30:00-05:00,102.43000030517578,102.44999694824219,102.37000274658203,102.44499969482422,5256,0.0,0.0,0.0,AAXJ,15m
2026-02-17 10:45:00-05:00,102.48999786376953,102.7300033569336,102.4800033569336,102.70999908447266,18869,0.0,0.0,0.0,AAXJ,15m
2026-02-17 11:00:00-05:00,102.76000213623047,103.30000305175781,102.76000213623047,103.27999877929688,204240,0.0,0.0,0.0,AAXJ,15m
2026-02-17 11:15:00-05:00,103.27999877929688,103.33000183105469,103.22000122070312,103.25,12308,0.0,0.0,0.0,AAXJ,15m
2026-02-17 11:30:00-05:00,103.18000030517578,103.36000061035156,103.12999725341797,103.24500274658203,5937,0.0,0.0,0.0,AAXJ,15m
2026-02-17 11:45:00-05:00,103.26000213623047,103.375,103.19999694824219,103.27999877929688,299179,0.0,0.0,0.0,AAXJ,15m
2026-02-17 12:00:00-05:00,103.2300033569336,103.24500274658203,103.06500244140625,103.09500122070312,1400,0.0,0.0,0.0,AAXJ,15m
2026-02-17 12:15:00-05:00,103.1050033569336,103.19499969482422,103.04000091552734,103.19499969482422,3934,0.0,0.0,0.0,AAXJ,15m
2026-02-17 12:30:00-05:00,103.20999908447266,103.23500061035156,102.91000366210938,102.92500305175781,5948,0.0,0.0,0.0,AAXJ,15m
2026-02-17 12:45:00-05:00,102.87999725341797,103.18000030517578,102.87999725341797,103.18000030517578,3725,0.0,0.0,0.0,AAXJ,15m
2026-02-17 13:00:00-05:00,103.15779876708984,103.15779876708984,103.07499694824219,103.13500213623047,2172,0.0,0.0,0.0,AAXJ,15m
2026-02-17 13:15:00-05:00,103.13999938964844,103.41999816894531,103.13999938964844,103.33499908447266,3912,0.0,0.0,0.0,AAXJ,15m
2026-02-17 13:30:00-05:00,103.41999816894531,103.66999816894531,103.41999816894531,103.63500213623047,3460,0.0,0.0,0.0,AAXJ,15m
2026-02-17 13:45:00-05:00,103.66999816894531,103.76000213623047,103.66999816894531,103.69999694824219,858,0.0,0.0,0.0,AAXJ,15m
2026-02-17 14:00:00-05:00,103.69499969482422,103.77999877929688,103.69499969482422,103.7699966430664,2281,0.0,0.0,0.0,AAXJ,15m
2026-02-17 14:15:00-05:00,103.75,103.7699966430664,103.70500183105469,103.70500183105469,1068,0.0,0.0,0.0,AAXJ,15m
2026-02-17 14:30:00-05:00,103.75499725341797,103.80000305175781,103.75499725341797,103.7750015258789,1448,0.0,0.0,0.0,AAXJ,15m
2026-02-17 14:45:00-05:00,103.79499816894531,103.79499816894531,103.62999725341797,103.62999725341797,1514,0.0,0.0,0.0,AAXJ,15m
2026-02-17 15:00:00-05:00,103.66999816894531,103.68000030517578,103.58000183105469,103.58999633789062,4123,0.0,0.0,0.0,AAXJ,15m
2026-02-17 15:15:00-05:00,103.56500244140625,103.57499694824219,103.51000213623047,103.51000213623047,1904,0.0,0.0,0.0,AAXJ,15m
2026-02-17 15:30:00-05:00,103.48500061035156,103.54000091552734,103.45999908447266,103.5199966430664,4061,0.0,0.0,0.0,AAXJ,15m
2026-02-17 15:45:00-05:00,103.48999786376953,103.5,103.36000061035156,103.4000015258789,6861,0.0,0.0,0.0,AAXJ,15m
2026-02-18 09:30:00-05:00,103.69999694824219,103.83000183105469,103.52999877929688,103.81999969482422,10767,0.0,0.0,0.0,AAXJ,15m
2026-02-18 09:45:00-05:00,103.79000091552734,103.82050323486328,103.61000061035156,103.76000213623047,8477,0.0,0.0,0.0,AAXJ,15m
2026-02-18 10:00:00-05:00,103.80999755859375,104.22000122070312,103.80999755859375,104.22000122070312,4867,0.0,0.0,0.0,AAXJ,15m
2026-02-18 10:15:00-05:00,104.25,104.33000183105469,104.20999908447266,104.25,71076,0.0,0.0,0.0,AAXJ,15m
2026-02-18 10:30:00-05:00,104.29000091552734,104.30000305175781,104.27999877929688,104.30000305175781,2877,0.0,0.0,0.0,AAXJ,15m
2026-02-18 10:45:00-05:00,104.27999877929688,104.27999877929688,104.25,104.25,1022,0.0,0.0,0.0,AAXJ,15m
2026-02-18 11:00:00-05:00,104.3499984741211,104.43000030517578,104.33999633789062,104.38999938964844,2279,0.0,0.0,0.0,AAXJ,15m
2026-02-18 11:15:00-05:00,104.43000030517578,104.5,104.31999969482422,104.31999969482422,6235,0.0,0.0,0.0,AAXJ,15m
2026-02-18 11:30:00-05:00,104.37000274658203,104.48999786376953,104.33999633789062,104.4000015258789,13414,0.0,0.0,0.0,AAXJ,15m
2026-02-18 11:45:00-05:00,104.37999725341797,104.41999816894531,104.33000183105469,104.33999633789062,1891,0.0,0.0,0.0,AAXJ,15m
2026-02-18 12:00:00-05:00,104.37000274658203,104.47000122070312,104.37000274658203,104.44000244140625,1005,0.0,0.0,0.0,AAXJ,15m
2026-02-18 12:15:00-05:00,104.4000015258789,104.45999908447266,104.4000015258789,104.41000366210938,1188,0.0,0.0,0.0,AAXJ,15m
2026-02-18 12:30:00-05:00,104.43000030517578,104.44999694824219,104.4000015258789,104.4000015258789,2268,0.0,0.0,0.0,AAXJ,15m
2026-02-18 12:45:00-05:00,104.4000015258789,104.4000015258789,104.37999725341797,104.37999725341797,794,0.0,0.0,0.0,AAXJ,15m
2026-02-18 13:00:00-05:00,104.4800033569336,104.4800033569336,104.36000061035156,104.36000061035156,1109,0.0,0.0,0.0,AAXJ,15m
2026-02-18 13:15:00-05:00,104.38999938964844,104.38999938964844,104.25,104.25,3723,0.0,0.0,0.0,AAXJ,15m
2026-02-18 13:30:00-05:00,104.29000091552734,104.30000305175781,104.13999938964844,104.13999938964844,4058,0.0,0.0,0.0,AAXJ,15m
2026-02-18 13:45:00-05:00,104.18000030517578,104.20649719238281,104.18000030517578,104.19999694824219,470,0.0,0.0,0.0,AAXJ,15m
2026-02-18 14:00:00-05:00,104.16000366210938,104.19000244140625,104.05999755859375,104.05999755859375,6489,0.0,0.0,0.0,AAXJ,15m
2026-02-18 14:15:00-05:00,104.05999755859375,104.06999969482422,103.94999694824219,103.94999694824219,18792,0.0,0.0,0.0,AAXJ,15m
2026-02-18 14:30:00-05:00,104.0,104.0,103.7300033569336,103.7300033569336,5023,0.0,0.0,0.0,AAXJ,15m
2026-02-18 14:45:00-05:00,103.80000305175781,103.80000305175781,103.56999969482422,103.58000183105469,6243,0.0,0.0,0.0,AAXJ,15m
2026-02-18 15:00:00-05:00,103.66999816894531,103.76000213623047,103.63999938964844,103.63999938964844,7451,0.0,0.0,0.0,AAXJ,15m
2026-02-18 15:15:00-05:00,103.58000183105469,103.5999984741211,103.54000091552734,103.57499694824219,3695,0.0,0.0,0.0,AAXJ,15m
2026-02-18 15:30:00-05:00,103.62999725341797,103.77999877929688,103.62999725341797,103.77999877929688,171718,0.0,0.0,0.0,AAXJ,15m
2026-02-18 15:45:00-05:00,103.76000213623047,103.93000030517578,103.76000213623047,103.9000015258789,174020,0.0,0.0,0.0,AAXJ,15m
2026-02-19 09:30:00-05:00,103.55000305175781,103.58999633789062,103.15499877929688,103.42900085449219,67657,0.0,0.0,0.0,AAXJ,15m
2026-02-19 09:45:00-05:00,103.3499984741211,103.51000213623047,103.16999816894531,103.51000213623047,8697,0.0,0.0,0.0,AAXJ,15m
2026-02-19 10:00:00-05:00,103.33999633789062,103.72000122070312,103.31999969482422,103.5999984741211,13272,0.0,0.0,0.0,AAXJ,15m
2026-02-19 10:15:00-05:00,103.58000183105469,103.69999694824219,103.56999969482422,103.58000183105469,4016,0.0,0.0,0.0,AAXJ,15m
2026-02-19 10:30:00-05:00,103.51000213623047,103.80000305175781,103.51000213623047,103.68000030517578,23396,0.0,0.0,0.0,AAXJ,15m
2026-02-19 10:45:00-05:00,103.66999816894531,103.76000213623047,103.55999755859375,103.66999816894531,135020,0.0,0.0,0.0,AAXJ,15m
2026-02-19 11:00:00-05:00,103.66999816894531,103.70999908447266,103.48999786376953,103.62000274658203,6232,0.0,0.0,0.0,AAXJ,15m
2026-02-19 11:15:00-05:00,103.68000030517578,103.80999755859375,103.5999984741211,103.63999938964844,6017,0.0,0.0,0.0,AAXJ,15m
2026-02-19 11:30:00-05:00,103.61000061035156,103.77999877929688,103.61000061035156,103.66999816894531,9943,0.0,0.0,0.0,AAXJ,15m
2026-02-19 11:45:00-05:00,103.69000244140625,103.72000122070312,103.54000091552734,103.58999633789062,5439,0.0,0.0,0.0,AAXJ,15m
2026-02-19 12:00:00-05:00,103.56999969482422,103.56999969482422,103.47000122070312,103.52999877929688,2216,0.0,0.0,0.0,AAXJ,15m
2026-02-19 12:15:00-05:00,103.5199966430664,103.7300033569336,103.5199966430664,103.6500015258789,3559,0.0,0.0,0.0,AAXJ,15m
2026-02-19 12:30:00-05:00,103.62000274658203,103.63999938964844,103.54000091552734,103.5999984741211,2969,0.0,0.0,0.0,AAXJ,15m
2026-02-19 12:45:00-05:00,103.55000305175781,103.55000305175781,103.31999969482422,103.31999969482422,1431,0.0,0.0,0.0,AAXJ,15m
2026-02-19 13:00:00-05:00,103.32510375976562,103.4800033569336,103.31999969482422,103.4800033569336,1628,0.0,0.0,0.0,AAXJ,15m
2026-02-19 13:15:00-05:00,103.37999725341797,103.37999725341797,103.27999877929688,103.37999725341797,1944,0.0,0.0,0.0,AAXJ,15m
2026-02-19 13:30:00-05:00,103.30500030517578,103.36399841308594,103.30000305175781,103.36399841308594,1244,0.0,0.0,0.0,AAXJ,15m
2026-02-19 13:45:00-05:00,103.45999908447266,103.55000305175781,103.45999908447266,103.55000305175781,1621,0.0,0.0,0.0,AAXJ,15m
2026-02-19 14:00:00-05:00,103.54000091552734,103.56999969482422,103.5,103.56999969482422,2685,0.0,0.0,0.0,AAXJ,15m
2026-02-19 14:15:00-05:00,103.55999755859375,103.56999969482422,103.48999786376953,103.48999786376953,2749,0.0,0.0,0.0,AAXJ,15m
2026-02-19 14:30:00-05:00,103.55000305175781,103.55000305175781,103.36000061035156,103.38999938964844,1460,0.0,0.0,0.0,AAXJ,15m
2026-02-19 14:45:00-05:00,103.37999725341797,103.41000366210938,103.37000274658203,103.41000366210938,1333,0.0,0.0,0.0,AAXJ,15m
2026-02-19 15:00:00-05:00,103.48999786376953,103.56009674072266,103.48999786376953,103.55000305175781,1823,0.0,0.0,0.0,AAXJ,15m
2026-02-19 15:15:00-05:00,103.58979797363281,103.58979797363281,103.55999755859375,103.55999755859375,605,0.0,0.0,0.0,AAXJ,15m
2026-02-19 15:30:00-05:00,103.56999969482422,103.62999725341797,103.56999969482422,103.58000183105469,986,0.0,0.0,0.0,AAXJ,15m
2026-02-19 15:45:00-05:00,103.70500183105469,103.80999755859375,103.70500183105469,103.80999755859375,10160,0.0,0.0,0.0,AAXJ,15m
2026-02-20 09:30:00-05:00,103.7300033569336,104.32499694824219,103.63999938964844,104.27999877929688,15070,0.0,0.0,0.0,AAXJ,15m
2026-02-20 09:45:00-05:00,104.41000366210938,104.41000366210938,104.12000274658203,104.26000213623047,18571,0.0,0.0,0.0,AAXJ,15m
2026-02-20 10:00:00-05:00,104.26000213623047,104.95999908447266,104.25,104.7300033569336,134128,0.0,0.0,0.0,AAXJ,15m
2026-02-20 10:15:00-05:00,104.72000122070312,105.12999725341797,104.4800033569336,104.9000015258789,12784,0.0,0.0,0.0,AAXJ,15m
2026-02-20 10:30:00-05:00,104.97000122070312,105.30000305175781,104.83000183105469,105.30000305175781,11193,0.0,0.0,0.0,AAXJ,15m
2026-02-20 10:45:00-05:00,105.30000305175781,105.5199966430664,105.19000244140625,105.48999786376953,4813,0.0,0.0,0.0,AAXJ,15m
2026-02-20 11:00:00-05:00,105.5,105.69000244140625,105.5,105.58000183105469,7689,0.0,0.0,0.0,AAXJ,15m
2026-02-20 11:15:00-05:00,105.5999984741211,105.5999984741211,105.33499908447266,105.41000366210938,4708,0.0,0.0,0.0,AAXJ,15m
2026-02-20 11:30:00-05:00,105.36000061035156,105.66000366210938,105.36000061035156,105.63999938964844,5542,0.0,0.0,0.0,AAXJ,15m
2026-02-20 11:45:00-05:00,105.62999725341797,105.69499969482422,105.61000061035156,105.63999938964844,3742,0.0,0.0,0.0,AAXJ,15m
2026-02-20 12:00:00-05:00,105.62999725341797,105.66000366210938,105.27860260009766,105.27860260009766,9187,0.0,0.0,0.0,AAXJ,15m
2026-02-20 12:15:00-05:00,105.22000122070312,105.22000122070312,104.94999694824219,104.95999908447266,4671,0.0,0.0,0.0,AAXJ,15m
2026-02-20 12:30:00-05:00,105.04000091552734,105.1500015258789,105.01000213623047,105.11000061035156,6909,0.0,0.0,0.0,AAXJ,15m
2026-02-20 12:45:00-05:00,105.16999816894531,105.37999725341797,105.0999984741211,105.2750015258789,11203,0.0,0.0,0.0,AAXJ,15m
2026-02-20 13:00:00-05:00,105.37000274658203,105.41999816894531,105.29989624023438,105.33999633789062,6970,0.0,0.0,0.0,AAXJ,15m
2026-02-20 13:15:00-05:00,105.33999633789062,105.38999938964844,105.16000366210938,105.3499984741211,18465,0.0,0.0,0.0,AAXJ,15m
2026-02-20 13:30:00-05:00,105.36000061035156,105.69999694824219,105.2300033569336,105.69000244140625,11247,0.0,0.0,0.0,AAXJ,15m
2026-02-20 13:45:00-05:00,105.70999908447266,105.86000061035156,105.63999938964844,105.83999633789062,5764,0.0,0.0,0.0,AAXJ,15m
2026-02-20 14:00:00-05:00,105.86000061035156,105.91290283203125,105.77999877929688,105.78009796142578,5719,0.0,0.0,0.0,AAXJ,15m
2026-02-20 14:15:00-05:00,105.7249984741211,105.73999786376953,105.69999694824219,105.69999694824219,1495,0.0,0.0,0.0,AAXJ,15m
2026-02-20 14:30:00-05:00,105.75,105.77999877929688,105.70500183105469,105.70500183105469,317121,0.0,0.0,0.0,AAXJ,15m
2026-02-20 14:45:00-05:00,105.69999694824219,105.83000183105469,105.69999694824219,105.73999786376953,3666,0.0,0.0,0.0,AAXJ,15m
2026-02-20 15:00:00-05:00,105.70999908447266,105.87999725341797,105.70999908447266,105.87000274658203,3372,0.0,0.0,0.0,AAXJ,15m
2026-02-20 15:15:00-05:00,105.9000015258789,105.9000015258789,105.83000183105469,105.83499908447266,329899,0.0,0.0,0.0,AAXJ,15m
2026-02-20 15:30:00-05:00,105.81999969482422,105.93000030517578,105.81999969482422,105.92500305175781,3033,0.0,0.0,0.0,AAXJ,15m
2026-02-20 15:45:00-05:00,105.91999816894531,105.98999786376953,105.83999633789062,105.98999786376953,16894,0.0,0.0,0.0,AAXJ,15m
2026-02-23 09:30:00-05:00,105.44999694824219,105.69999694824219,105.44999694824219,105.51000213623047,31625,0.0,0.0,0.0,AAXJ,15m
2026-02-23 09:45:00-05:00,105.41000366210938,105.66000366210938,105.41000366210938,105.61000061035156,23449,0.0,0.0,0.0,AAXJ,15m
2026-02-23 10:00:00-05:00,105.58000183105469,105.62999725341797,105.41999816894531,105.4800033569336,75861,0.0,0.0,0.0,AAXJ,15m
2026-02-23 10:15:00-05:00,105.4800033569336,105.4800033569336,105.3499984741211,105.3499984741211,180204,0.0,0.0,0.0,AAXJ,15m
2026-02-23 10:30:00-05:00,105.33999633789062,105.4000015258789,105.18000030517578,105.19999694824219,17810,0.0,0.0,0.0,AAXJ,15m
2026-02-23 10:45:00-05:00,105.19000244140625,105.19999694824219,104.8499984741211,104.86000061035156,16550,0.0,0.0,0.0,AAXJ,15m
2026-02-23 11:00:00-05:00,104.8499984741211,104.86000061035156,104.61000061035156,104.62000274658203,588106,0.0,0.0,0.0,AAXJ,15m
2026-02-23 11:15:00-05:00,104.62000274658203,105.0,104.58000183105469,105.0,7954,0.0,0.0,0.0,AAXJ,15m
2026-02-23 11:30:00-05:00,105.01000213623047,105.05000305175781,104.97000122070312,104.97570037841797,10652,0.0,0.0,0.0,AAXJ,15m
2026-02-23 11:45:00-05:00,104.97000122070312,104.98999786376953,104.86000061035156,104.87000274658203,9742,0.0,0.0,0.0,AAXJ,15m
2026-02-23 12:00:00-05:00,104.87000274658203,104.95999908447266,104.81999969482422,104.81999969482422,10092,0.0,0.0,0.0,AAXJ,15m
2026-02-23 12:15:00-05:00,104.83000183105469,104.875,104.80999755859375,104.81999969482422,12526,0.0,0.0,0.0,AAXJ,15m
2026-02-23 12:30:00-05:00,104.81500244140625,104.81500244140625,104.56999969482422,104.70999908447266,401114,0.0,0.0,0.0,AAXJ,15m
2026-02-23 12:45:00-05:00,104.66000366210938,104.87000274658203,104.63999938964844,104.81999969482422,8035,0.0,0.0,0.0,AAXJ,15m
2026-02-23 13:00:00-05:00,104.84500122070312,104.93000030517578,104.84500122070312,104.93000030517578,79332,0.0,0.0,0.0,AAXJ,15m
2026-02-23 13:15:00-05:00,104.91999816894531,105.04000091552734,104.91999816894531,105.0199966430664,5329,0.0,0.0,0.0,AAXJ,15m
2026-02-23 13:30:00-05:00,105.02999877929688,105.0999984741211,104.93000030517578,104.93000030517578,3875,0.0,0.0,0.0,AAXJ,15m
2026-02-23 13:45:00-05:00,104.93000030517578,104.9749984741211,104.7699966430664,104.77999877929688,10998,0.0,0.0,0.0,AAXJ,15m
2026-02-23 14:00:00-05:00,104.79000091552734,104.83000183105469,104.7750015258789,104.80000305175781,3267,0.0,0.0,0.0,AAXJ,15m
2026-02-23 14:15:00-05:00,104.81999969482422,104.83999633789062,104.70999908447266,104.73999786376953,21949,0.0,0.0,0.0,AAXJ,15m
2026-02-23 14:30:00-05:00,104.75,104.80500030517578,104.62999725341797,104.66999816894531,30955,0.0,0.0,0.0,AAXJ,15m
2026-02-23 14:45:00-05:00,104.68000030517578,104.79499816894531,104.66999816894531,104.7300033569336,13859,0.0,0.0,0.0,AAXJ,15m
2026-02-23 15:00:00-05:00,104.73999786376953,104.77999877929688,104.70999908447266,104.70999908447266,597636,0.0,0.0,0.0,AAXJ,15m
2026-02-23 15:15:00-05:00,104.70500183105469,104.7750015258789,104.68000030517578,104.7699966430664,18425,0.0,0.0,0.0,AAXJ,15m
2026-02-23 15:30:00-05:00,104.76000213623047,104.87999725341797,104.76000213623047,104.8499984741211,658363,0.0,0.0,0.0,AAXJ,15m
2026-02-23 15:45:00-05:00,104.8499984741211,104.93000030517578,104.79499816894531,104.79499816894531,870655,0.0,0.0,0.0,AAXJ,15m
2026-02-24 09:30:00-05:00,105.875,106.13999938964844,105.72000122070312,106.13999938964844,39102,0.0,0.0,0.0,AAXJ,15m
2026-02-24 09:45:00-05:00,106.1500015258789,106.2300033569336,106.0199966430664,106.07499694824219,16999,0.0,0.0,0.0,AAXJ,15m
2026-02-24 10:00:00-05:00,106.04499816894531,106.19999694824219,106.02999877929688,106.12000274658203,13410,0.0,0.0,0.0,AAXJ,15m
2026-02-24 10:15:00-05:00,106.12000274658203,106.4000015258789,106.05000305175781,106.39990234375,114092,0.0,0.0,0.0,AAXJ,15m
2026-02-24 10:30:00-05:00,106.43000030517578,106.55000305175781,106.43000030517578,106.54499816894531,5947,0.0,0.0,0.0,AAXJ,15m
2026-02-24 10:45:00-05:00,106.52999877929688,106.59500122070312,106.52999877929688,106.55999755859375,8746,0.0,0.0,0.0,AAXJ,15m
2026-02-24 11:00:00-05:00,106.55999755859375,106.8550033569336,106.55999755859375,106.83999633789062,17280,0.0,0.0,0.0,AAXJ,15m
2026-02-24 11:15:00-05:00,106.83999633789062,106.8499984741211,106.7300033569336,106.80000305175781,205353,0.0,0.0,0.0,AAXJ,15m
2026-02-24 11:30:00-05:00,106.75499725341797,106.79000091552734,106.66000366210938,106.73999786376953,14661,0.0,0.0,0.0,AAXJ,15m
2026-02-24 11:45:00-05:00,106.7699966430664,106.83000183105469,106.73999786376953,106.83000183105469,3889,0.0,0.0,0.0,AAXJ,15m
2026-02-24 12:00:00-05:00,106.81999969482422,106.91000366210938,106.80999755859375,106.87999725341797,12382,0.0,0.0,0.0,AAXJ,15m
2026-02-24 12:15:00-05:00,106.86499786376953,106.86499786376953,106.81999969482422,106.8499984741211,236203,0.0,0.0,0.0,AAXJ,15m
2026-02-24 12:30:00-05:00,106.8550033569336,106.87999725341797,106.80999755859375,106.80999755859375,237327,0.0,0.0,0.0,AAXJ,15m
2026-02-24 12:45:00-05:00,106.79000091552734,106.81999969482422,106.78309631347656,106.79000091552734,1286,0.0,0.0,0.0,AAXJ,15m
2026-02-24 13:00:00-05:00,106.80999755859375,106.80999755859375,106.75,106.75,1799,0.0,0.0,0.0,AAXJ,15m
2026-02-24 13:15:00-05:00,106.72000122070312,106.73999786376953,106.6500015258789,106.6500015258789,1688,0.0,0.0,0.0,AAXJ,15m
2026-02-24 13:30:00-05:00,106.68000030517578,106.68000030517578,106.6500015258789,106.6500015258789,1259,0.0,0.0,0.0,AAXJ,15m
2026-02-24 13:45:00-05:00,106.5999984741211,106.61000061035156,106.5,106.5199966430664,3963,0.0,0.0,0.0,AAXJ,15m
2026-02-24 14:00:00-05:00,106.44999694824219,106.44999694824219,106.33000183105469,106.33000183105469,4821,0.0,0.0,0.0,AAXJ,15m
2026-02-24 14:15:00-05:00,106.36000061035156,106.36000061035156,106.27999877929688,106.32499694824219,11301,0.0,0.0,0.0,AAXJ,15m
2026-02-24 14:30:00-05:00,106.31500244140625,106.44000244140625,106.31500244140625,106.43000030517578,5594,0.0,0.0,0.0,AAXJ,15m
2026-02-24 14:45:00-05:00,106.43000030517578,106.48999786376953,106.43000030517578,106.4800033569336,6226,0.0,0.0,0.0,AAXJ,15m
2026-02-24 15:00:00-05:00,106.5,106.5,106.44999694824219,106.4800033569336,1598,0.0,0.0,0.0,AAXJ,15m
2026-02-24 15:15:00-05:00,106.45999908447266,106.51000213623047,106.45999908447266,106.48999786376953,1100,0.0,0.0,0.0,AAXJ,15m
2026-02-24 15:30:00-05:00,106.48999786376953,106.58000183105469,106.4800033569336,106.58000183105469,12272,0.0,0.0,0.0,AAXJ,15m
2026-02-24 15:45:00-05:00,106.6500015258789,106.7300033569336,106.44999694824219,106.45500183105469,63416,0.0,0.0,0.0,AAXJ,15m
2026-02-25 09:30:00-05:00,107.70999908447266,107.77999877929688,107.61000061035156,107.75,46529,0.0,0.0,0.0,AAXJ,15m
2026-02-25 09:45:00-05:00,107.76000213623047,107.77999877929688,107.5999984741211,107.5999984741211,6341,0.0,0.0,0.0,AAXJ,15m
2026-02-25 10:00:00-05:00,107.6500015258789,107.6500015258789,107.30999755859375,107.30999755859375,15815,0.0,0.0,0.0,AAXJ,15m
2026-02-25 10:15:00-05:00,107.31999969482422,107.3499984741211,107.26000213623047,107.33000183105469,15837,0.0,0.0,0.0,AAXJ,15m
2026-02-25 10:30:00-05:00,107.30000305175781,107.30999755859375,107.22000122070312,107.25,141760,0.0,0.0,0.0,AAXJ,15m
2026-02-25 10:45:00-05:00,107.25,107.29000091552734,107.19999694824219,107.27999877929688,9271,0.0,0.0,0.0,AAXJ,15m
2026-02-25 11:00:00-05:00,107.27999877929688,107.31999969482422,107.18000030517578,107.30000305175781,16707,0.0,0.0,0.0,AAXJ,15m
2026-02-25 11:15:00-05:00,107.29000091552734,107.43260192871094,107.27999877929688,107.43000030517578,10386,0.0,0.0,0.0,AAXJ,15m
2026-02-25 11:30:00-05:00,107.45999908447266,107.52999877929688,107.44000244140625,107.51499938964844,217818,0.0,0.0,0.0,AAXJ,15m
2026-02-25 11:45:00-05:00,107.5199966430664,107.56999969482422,107.51000213623047,107.55500030517578,238456,0.0,0.0,0.0,AAXJ,15m
2026-02-25 12:00:00-05:00,107.58999633789062,107.63999938964844,107.55000305175781,107.63999938964844,6058,0.0,0.0,0.0,AAXJ,15m
2026-02-25 12:15:00-05:00,107.66000366210938,107.69999694824219,107.66000366210938,107.68000030517578,3935,0.0,0.0,0.0,AAXJ,15m
2026-02-25 12:30:00-05:00,107.66000366210938,107.77999877929688,107.66000366210938,107.77999877929688,4240,0.0,0.0,0.0,AAXJ,15m
2026-02-25 12:45:00-05:00,107.7699966430664,107.77999877929688,107.75,107.76000213623047,3812,0.0,0.0,0.0,AAXJ,15m
2026-02-25 13:00:00-05:00,107.80000305175781,107.80000305175781,107.73799896240234,107.73799896240234,4843,0.0,0.0,0.0,AAXJ,15m
2026-02-25 13:15:00-05:00,107.73999786376953,107.75,107.72000122070312,107.7300033569336,85274,0.0,0.0,0.0,AAXJ,15m
2026-02-25 13:30:00-05:00,107.7699966430664,107.7699966430664,107.68000030517578,107.69999694824219,5961,0.0,0.0,0.0,AAXJ,15m
2026-02-25 13:45:00-05:00,107.70880126953125,107.7300033569336,107.69999694824219,107.69999694824219,2757,0.0,0.0,0.0,AAXJ,15m
2026-02-25 14:00:00-05:00,107.69999694824219,107.70999908447266,107.66999816894531,107.70999908447266,4178,0.0,0.0,0.0,AAXJ,15m
2026-02-25 14:15:00-05:00,107.70999908447266,107.70999908447266,107.6500015258789,107.66500091552734,5708,0.0,0.0,0.0,AAXJ,15m
2026-02-25 14:30:00-05:00,107.66999816894531,107.72000122070312,107.66999816894531,107.71499633789062,4259,0.0,0.0,0.0,AAXJ,15m
2026-02-25 14:45:00-05:00,107.71499633789062,107.7699966430664,107.71499633789062,107.72000122070312,18164,0.0,0.0,0.0,AAXJ,15m
2026-02-25 15:00:00-05:00,107.7300033569336,107.77999877929688,107.72000122070312,107.75,11128,0.0,0.0,0.0,AAXJ,15m
2026-02-25 15:15:00-05:00,107.75,107.80999755859375,107.73999786376953,107.80000305175781,4275,0.0,0.0,0.0,AAXJ,15m
2026-02-25 15:30:00-05:00,107.77999877929688,107.8499984741211,107.77999877929688,107.83869934082031,10739,0.0,0.0,0.0,AAXJ,15m
2026-02-25 15:45:00-05:00,107.83000183105469,107.8301010131836,107.66000366210938,107.72000122070312,22738,0.0,0.0,0.0,AAXJ,15m
2026-02-26 09:30:00-05:00,107.73999786376953,107.73999786376953,107.37000274658203,107.37000274658203,35177,0.0,0.0,0.0,AAXJ,15m
2026-02-26 09:45:00-05:00,107.30000305175781,107.37000274658203,106.80000305175781,106.80999755859375,38156,0.0,0.0,0.0,AAXJ,15m
2026-02-26 10:00:00-05:00,106.79000091552734,106.9000015258789,106.47000122070312,106.47000122070312,22303,0.0,0.0,0.0,AAXJ,15m
2026-02-26 10:15:00-05:00,106.43000030517578,106.43000030517578,105.69999694824219,105.79000091552734,41476,0.0,0.0,0.0,AAXJ,15m
2026-02-26 10:30:00-05:00,105.79000091552734,106.4635009765625,105.75,106.4635009765625,48403,0.0,0.0,0.0,AAXJ,15m
2026-02-26 10:45:00-05:00,106.45999908447266,106.66000366210938,106.41999816894531,106.51000213623047,31165,0.0,0.0,0.0,AAXJ,15m
2026-02-26 11:00:00-05:00,106.55000305175781,106.55999755859375,106.36000061035156,106.47000122070312,29098,0.0,0.0,0.0,AAXJ,15m
2026-02-26 11:15:00-05:00,106.4800033569336,106.79499816894531,106.4800033569336,106.66500091552734,13242,0.0,0.0,0.0,AAXJ,15m
2026-02-26 11:30:00-05:00,106.66000366210938,106.72000122070312,106.27999877929688,106.29000091552734,16278,0.0,0.0,0.0,AAXJ,15m
2026-02-26 11:45:00-05:00,106.27999877929688,106.33000183105469,106.05999755859375,106.08999633789062,16396,0.0,0.0,0.0,AAXJ,15m
2026-02-26 12:00:00-05:00,106.05000305175781,106.25499725341797,106.05000305175781,106.08999633789062,13049,0.0,0.0,0.0,AAXJ,15m
2026-02-26 12:15:00-05:00,106.08999633789062,106.12999725341797,106.04000091552734,106.0999984741211,9682,0.0,0.0,0.0,AAXJ,15m
2026-02-26 12:30:00-05:00,106.09500122070312,106.23999786376953,106.06999969482422,106.06999969482422,3980,0.0,0.0,0.0,AAXJ,15m
2026-02-26 12:45:00-05:00,106.04000091552734,106.08000183105469,105.94999694824219,106.0,2629,0.0,0.0,0.0,AAXJ,15m
2026-02-26 13:00:00-05:00,105.97000122070312,106.11990356445312,105.91999816894531,106.0999984741211,7127,0.0,0.0,0.0,AAXJ,15m
2026-02-26 13:15:00-05:00,106.05999755859375,106.17500305175781,106.05999755859375,106.17500305175781,1108,0.0,0.0,0.0,AAXJ,15m
2026-02-26 13:30:00-05:00,106.1500015258789,106.58000183105469,106.12000274658203,106.55000305175781,13976,0.0,0.0,0.0,AAXJ,15m
2026-02-26 13:45:00-05:00,106.5999984741211,106.61000061035156,106.44000244140625,106.5,3447,0.0,0.0,0.0,AAXJ,15m
2026-02-26 14:00:00-05:00,106.51000213623047,106.66000366210938,106.4800033569336,106.66000366210938,6567,0.0,0.0,0.0,AAXJ,15m
2026-02-26 14:15:00-05:00,106.69000244140625,106.70999908447266,106.56999969482422,106.56999969482422,3591,0.0,0.0,0.0,AAXJ,15m
2026-02-26 14:30:00-05:00,106.68000030517578,106.68000030517578,106.62000274658203,106.63870239257812,3533,0.0,0.0,0.0,AAXJ,15m
2026-02-26 14:45:00-05:00,106.66999816894531,106.76000213623047,106.66999816894531,106.7300033569336,10426,0.0,0.0,0.0,AAXJ,15m
2026-02-26 15:00:00-05:00,106.68000030517578,106.7300033569336,106.61000061035156,106.63999938964844,9472,0.0,0.0,0.0,AAXJ,15m
2026-02-26 15:15:00-05:00,106.5999984741211,106.62349700927734,106.56999969482422,106.56999969482422,5048,0.0,0.0,0.0,AAXJ,15m
2026-02-26 15:30:00-05:00,106.58999633789062,106.70500183105469,106.58000183105469,106.70500183105469,10567,0.0,0.0,0.0,AAXJ,15m
2026-02-26 15:45:00-05:00,106.6500015258789,106.70999908447266,106.61000061035156,106.66000366210938,20806,0.0,0.0,0.0,AAXJ,15m
2026-02-27 09:30:00-05:00,105.87000274658203,106.01499938964844,105.62000274658203,105.7300033569336,118830,0.0,0.0,0.0,AAXJ,15m
2026-02-27 09:45:00-05:00,105.73999786376953,106.05000305175781,105.72000122070312,105.79499816894531,16470,0.0,0.0,0.0,AAXJ,15m
2026-02-27 10:00:00-05:00,105.84500122070312,106.37010192871094,105.76000213623047,106.2300033569336,23125,0.0,0.0,0.0,AAXJ,15m
2026-02-27 10:15:00-05:00,106.2300033569336,106.33000183105469,106.06999969482422,106.33000183105469,255680,0.0,0.0,0.0,AAXJ,15m
2026-02-27 10:30:00-05:00,106.31999969482422,106.5,106.2699966430664,106.48999786376953,7407,0.0,0.0,0.0,AAXJ,15m
2026-02-27 10:45:00-05:00,106.55000305175781,106.55000305175781,106.30999755859375,106.43000030517578,5393,0.0,0.0,0.0,AAXJ,15m
2026-02-27 11:00:00-05:00,106.41000366210938,106.52999877929688,106.38999938964844,106.5,12928,0.0,0.0,0.0,AAXJ,15m
2026-02-27 11:15:00-05:00,106.51000213623047,106.56999969482422,106.43000030517578,106.43000030517578,6638,0.0,0.0,0.0,AAXJ,15m
2026-02-27 11:30:00-05:00,106.4000015258789,106.48999786376953,106.2750015258789,106.27729797363281,17789,0.0,0.0,0.0,AAXJ,15m
2026-02-27 11:45:00-05:00,106.30000305175781,106.44000244140625,106.28500366210938,106.375,10827,0.0,0.0,0.0,AAXJ,15m
2026-02-27 12:00:00-05:00,106.38999938964844,106.66000366210938,106.38999938964844,106.5,9159,0.0,0.0,0.0,AAXJ,15m
2026-02-27 12:15:00-05:00,106.4749984741211,106.4749984741211,106.26000213623047,106.37999725341797,10631,0.0,0.0,0.0,AAXJ,15m
2026-02-27 12:30:00-05:00,106.41000366210938,106.52999877929688,106.30000305175781,106.36000061035156,10541,0.0,0.0,0.0,AAXJ,15m
2026-02-27 12:45:00-05:00,106.36499786376953,106.40499877929688,106.29499816894531,106.4000015258789,2932,0.0,0.0,0.0,AAXJ,15m
2026-02-27 13:00:00-05:00,106.41000366210938,106.41999816894531,106.27999877929688,106.29000091552734,399971,0.0,0.0,0.0,AAXJ,15m
2026-02-27 13:15:00-05:00,106.2750015258789,106.28500366210938,106.16000366210938,106.26499938964844,6143,0.0,0.0,0.0,AAXJ,15m
2026-02-27 13:30:00-05:00,106.25499725341797,106.31500244140625,106.18000030517578,106.28500366210938,4875,0.0,0.0,0.0,AAXJ,15m
2026-02-27 13:45:00-05:00,106.28500366210938,106.31500244140625,106.23999786376953,106.2699966430664,4592,0.0,0.0,0.0,AAXJ,15m
2026-02-27 14:00:00-05:00,106.30000305175781,106.41000366210938,106.26000213623047,106.29499816894531,5124,0.0,0.0,0.0,AAXJ,15m
2026-02-27 14:15:00-05:00,106.31500244140625,106.31999969482422,106.2300033569336,106.26000213623047,5760,0.0,0.0,0.0,AAXJ,15m
2026-02-27 14:30:00-05:00,106.19999694824219,106.28500366210938,106.12000274658203,106.13999938964844,7677,0.0,0.0,0.0,AAXJ,15m
2026-02-27 14:45:00-05:00,106.16500091552734,106.19000244140625,106.12000274658203,106.19000244140625,3191,0.0,0.0,0.0,AAXJ,15m
2026-02-27 15:00:00-05:00,106.19999694824219,106.33999633789062,106.19999694824219,106.33999633789062,2283,0.0,0.0,0.0,AAXJ,15m
2026-02-27 15:15:00-05:00,106.44499969482422,106.54499816894531,106.41999816894531,106.5199966430664,495754,0.0,0.0,0.0,AAXJ,15m
2026-02-27 15:30:00-05:00,106.5,106.56999969482422,106.47000122070312,106.56999969482422,10645,0.0,0.0,0.0,AAXJ,15m
2026-02-27 15:45:00-05:00,106.5250015258789,106.5999984741211,106.47000122070312,106.5999984741211,28060,0.0,0.0,0.0,AAXJ,15m
2026-03-02 09:30:00-05:00,103.66000366210938,104.6500015258789,103.58999633789062,104.58000183105469,105180,0.0,0.0,0.0,AAXJ,15m
2026-03-02 09:45:00-05:00,104.58000183105469,104.83000183105469,104.5199966430664,104.55000305175781,49743,0.0,0.0,0.0,AAXJ,15m
2026-03-02 10:00:00-05:00,104.5199966430664,104.92500305175781,104.44999694824219,104.86000061035156,22537,0.0,0.0,0.0,AAXJ,15m
2026-03-02 10:15:00-05:00,104.83000183105469,104.83000183105469,104.16999816894531,104.18000030517578,87170,0.0,0.0,0.0,AAXJ,15m
2026-03-02 10:30:00-05:00,104.23999786376953,104.30999755859375,103.97000122070312,104.27999877929688,297152,0.0,0.0,0.0,AAXJ,15m
2026-03-02 10:45:00-05:00,104.16000366210938,104.29000091552734,104.05500030517578,104.06999969482422,18888,0.0,0.0,0.0,AAXJ,15m
2026-03-02 11:00:00-05:00,104.06999969482422,104.58000183105469,104.0,104.52999877929688,15849,0.0,0.0,0.0,AAXJ,15m
2026-03-02 11:15:00-05:00,104.4000015258789,104.41000366210938,104.06999969482422,104.0999984741211,372710,0.0,0.0,0.0,AAXJ,15m
2026-03-02 11:30:00-05:00,104.11000061035156,104.5999984741211,104.05999755859375,104.5999984741211,19148,0.0,0.0,0.0,AAXJ,15m
2026-03-02 11:45:00-05:00,104.58000183105469,104.66999816894531,104.54499816894531,104.62999725341797,18167,0.0,0.0,0.0,AAXJ,15m
2026-03-02 12:00:00-05:00,104.66000366210938,104.75,104.61000061035156,104.75,39548,0.0,0.0,0.0,AAXJ,15m
2026-03-02 12:15:00-05:00,104.75,104.9000015258789,104.75,104.83000183105469,16627,0.0,0.0,0.0,AAXJ,15m
2026-03-02 12:30:00-05:00,104.83499908447266,104.88999938964844,104.68499755859375,104.70999908447266,5308,0.0,0.0,0.0,AAXJ,15m
2026-03-02 12:45:00-05:00,104.69999694824219,104.91999816894531,104.69999694824219,104.91999816894531,5546,0.0,0.0,0.0,AAXJ,15m
2026-03-02 13:00:00-05:00,104.91999816894531,104.94000244140625,104.87000274658203,104.91000366210938,5879,0.0,0.0,0.0,AAXJ,15m
2026-03-02 13:15:00-05:00,104.9000015258789,104.9000015258789,104.75309753417969,104.80999755859375,3575,0.0,0.0,0.0,AAXJ,15m
2026-03-02 13:30:00-05:00,104.83999633789062,104.87999725341797,104.78500366210938,104.8499984741211,3814,0.0,0.0,0.0,AAXJ,15m
2026-03-02 13:45:00-05:00,104.8499984741211,104.8550033569336,104.77999877929688,104.77999877929688,2615,0.0,0.0,0.0,AAXJ,15m
2026-03-02 14:00:00-05:00,104.77999877929688,105.13999938964844,104.77999877929688,105.11499786376953,8326,0.0,0.0,0.0,AAXJ,15m
2026-03-02 14:15:00-05:00,105.20999908447266,105.3499984741211,105.20999908447266,105.3499984741211,552031,0.0,0.0,0.0,AAXJ,15m
2026-03-02 14:30:00-05:00,105.31999969482422,105.37999725341797,105.31999969482422,105.33999633789062,2696,0.0,0.0,0.0,AAXJ,15m
2026-03-02 14:45:00-05:00,105.30999755859375,105.41999816894531,105.30999755859375,105.4000015258789,11563,0.0,0.0,0.0,AAXJ,15m
2026-03-02 15:00:00-05:00,105.41000366210938,105.41000366210938,104.73999786376953,104.73999786376953,667557,0.0,0.0,0.0,AAXJ,15m
2026-03-02 15:15:00-05:00,104.69999694824219,104.91000366210938,104.69999694824219,104.77999877929688,41074,0.0,0.0,0.0,AAXJ,15m
2026-03-02 15:30:00-05:00,104.83000183105469,104.97000122070312,104.81999969482422,104.9303970336914,11605,0.0,0.0,0.0,AAXJ,15m
2026-03-02 15:45:00-05:00,104.95999908447266,104.98999786376953,104.87000274658203,104.87999725341797,28898,0.0,0.0,0.0,AAXJ,15m
2026-03-03 09:30:00-05:00,99.12999725341797,99.41000366210938,98.30999755859375,98.4000015258789,255826,0.0,0.0,0.0,AAXJ,15m
2026-03-03 09:45:00-05:00,98.43000030517578,98.52999877929688,97.66000366210938,97.66999816894531,180625,0.0,0.0,0.0,AAXJ,15m
2026-03-03 10:00:00-05:00,97.66000366210938,97.9800033569336,97.33999633789062,97.4000015258789,185657,0.0,0.0,0.0,AAXJ,15m
2026-03-03 10:15:00-05:00,97.41999816894531,97.44000244140625,97.0,97.08799743652344,157080,0.0,0.0,0.0,AAXJ,15m
2026-03-03 10:30:00-05:00,97.08999633789062,97.87999725341797,97.08999633789062,97.5999984741211,89290,0.0,0.0,0.0,AAXJ,15m
2026-03-03 10:45:00-05:00,97.69999694824219,97.97000122070312,97.55999755859375,97.95500183105469,76362,0.0,0.0,0.0,AAXJ,15m
2026-03-03 11:00:00-05:00,97.9800033569336,98.69999694824219,97.94999694824219,98.62999725341797,50521,0.0,0.0,0.0,AAXJ,15m
2026-03-03 11:15:00-05:00,98.80000305175781,99.01000213623047,98.75,98.9000015258789,40281,0.0,0.0,0.0,AAXJ,15m
2026-03-03 11:30:00-05:00,98.83000183105469,98.86000061035156,98.37999725341797,98.5999984741211,79713,0.0,0.0,0.0,AAXJ,15m
2026-03-03 11:45:00-05:00,98.76000213623047,99.16999816894531,98.69999694824219,99.12999725341797,28791,0.0,0.0,0.0,AAXJ,15m
2026-03-03 12:00:00-05:00,99.05999755859375,99.05999755859375,98.65499877929688,98.69000244140625,20389,0.0,0.0,0.0,AAXJ,15m
2026-03-03 12:15:00-05:00,98.94000244140625,99.23999786376953,98.9000015258789,99.2300033569336,21757,0.0,0.0,0.0,AAXJ,15m
2026-03-03 12:30:00-05:00,99.11000061035156,99.12999725341797,98.73999786376953,99.11219787597656,13274,0.0,0.0,0.0,AAXJ,15m
2026-03-03 12:45:00-05:00,99.13999938964844,99.1500015258789,98.81999969482422,98.94999694824219,21262,0.0,0.0,0.0,AAXJ,15m
2026-03-03 13:00:00-05:00,99.08999633789062,99.33000183105469,99.08999633789062,99.18000030517578,8301,0.0,0.0,0.0,AAXJ,15m
2026-03-03 13:15:00-05:00,99.30000305175781,99.5999984741211,99.29000091552734,99.5999984741211,6056,0.0,0.0,0.0,AAXJ,15m
2026-03-03 13:30:00-05:00,99.4800033569336,99.91999816894531,99.4800033569336,99.87999725341797,34873,0.0,0.0,0.0,AAXJ,15m
2026-03-03 13:45:00-05:00,99.83999633789062,100.0199966430664,99.7699966430664,99.83000183105469,17289,0.0,0.0,0.0,AAXJ,15m
2026-03-03 14:00:00-05:00,99.83999633789062,99.94000244140625,99.58000183105469,99.66999816894531,14699,0.0,0.0,0.0,AAXJ,15m
2026-03-03 14:15:00-05:00,99.69000244140625,99.88999938964844,99.62999725341797,99.62999725341797,21893,0.0,0.0,0.0,AAXJ,15m
2026-03-03 14:30:00-05:00,99.62999725341797,100.29000091552734,99.5199966430664,100.27999877929688,37527,0.0,0.0,0.0,AAXJ,15m
2026-03-03 14:45:00-05:00,100.3499984741211,100.37000274658203,100.0999984741211,100.12999725341797,35847,0.0,0.0,0.0,AAXJ,15m
2026-03-03 15:00:00-05:00,100.16000366210938,100.29000091552734,100.1449966430664,100.23999786376953,20258,0.0,0.0,0.0,AAXJ,15m
2026-03-03 15:15:00-05:00,100.08000183105469,100.16000366210938,99.98500061035156,100.08499908447266,14468,0.0,0.0,0.0,AAXJ,15m
2026-03-03 15:30:00-05:00,100.08000183105469,100.12000274658203,99.87000274658203,99.87999725341797,27629,0.0,0.0,0.0,AAXJ,15m
2026-03-03 15:45:00-05:00,99.8499984741211,99.86000061035156,99.55000305175781,99.77999877929688,69643,0.0,0.0,0.0,AAXJ,15m
2026-03-04 09:30:00-05:00,99.66000366210938,99.79000091552734,99.13999938964844,99.29000091552734,311682,0.0,0.0,0.0,AAXJ,15m
2026-03-04 09:45:00-05:00,99.25,99.56999969482422,99.08000183105469,99.36000061035156,455060,0.0,0.0,0.0,AAXJ,15m
2026-03-04 10:00:00-05:00,99.41999816894531,99.62000274658203,99.33999633789062,99.38999938964844,313036,0.0,0.0,0.0,AAXJ,15m
2026-03-04 10:15:00-05:00,99.37000274658203,100.44999694824219,99.37000274658203,100.40499877929688,191295,0.0,0.0,0.0,AAXJ,15m
2026-03-04 10:30:00-05:00,100.41999816894531,100.54000091552734,99.94000244140625,99.98999786376953,220774,0.0,0.0,0.0,AAXJ,15m
2026-03-04 10:45:00-05:00,100.02999877929688,100.37999725341797,99.8499984741211,100.31999969482422,410597,0.0,0.0,0.0,AAXJ,15m
2026-03-04 11:00:00-05:00,100.30000305175781,100.49500274658203,100.13999938964844,100.2300033569336,88632,0.0,0.0,0.0,AAXJ,15m
2026-03-04 11:15:00-05:00,100.2300033569336,100.30000305175781,100.02999877929688,100.22000122070312,82583,0.0,0.0,0.0,AAXJ,15m
2026-03-04 11:30:00-05:00,100.19000244140625,100.44000244140625,100.18000030517578,100.41999816894531,47311,0.0,0.0,0.0,AAXJ,15m
2026-03-04 11:45:00-05:00,100.41999816894531,100.54000091552734,100.41999816894531,100.5199966430664,31187,0.0,0.0,0.0,AAXJ,15m
2026-03-04 12:00:00-05:00,100.5,100.76000213623047,100.5,100.6500015258789,41904,0.0,0.0,0.0,AAXJ,15m
2026-03-04 12:15:00-05:00,100.61000061035156,100.76000213623047,100.61000061035156,100.63999938964844,68423,0.0,0.0,0.0,AAXJ,15m
2026-03-04 12:30:00-05:00,100.56999969482422,100.84500122070312,100.5199966430664,100.7249984741211,52412,0.0,0.0,0.0,AAXJ,15m
2026-03-04 12:45:00-05:00,100.73999786376953,100.8499984741211,100.73999786376953,100.77999877929688,14194,0.0,0.0,0.0,AAXJ,15m
2026-03-04 13:00:00-05:00,100.79000091552734,100.80999755859375,100.5999984741211,100.62000274658203,60721,0.0,0.0,0.0,AAXJ,15m
2026-03-04 13:15:00-05:00,100.61000061035156,100.63999938964844,100.51000213623047,100.61000061035156,20347,0.0,0.0,0.0,AAXJ,15m
2026-03-04 13:30:00-05:00,100.62999725341797,100.80999755859375,100.625,100.77999877929688,16012,0.0,0.0,0.0,AAXJ,15m
2026-03-04 13:45:00-05:00,100.81999969482422,100.93000030517578,100.79000091552734,100.91000366210938,16785,0.0,0.0,0.0,AAXJ,15m
2026-03-04 14:00:00-05:00,100.94999694824219,101.11000061035156,100.93000030517578,101.05000305175781,44221,0.0,0.0,0.0,AAXJ,15m
2026-03-04 14:15:00-05:00,101.05000305175781,101.12000274658203,101.01000213623047,101.12000274658203,24974,0.0,0.0,0.0,AAXJ,15m
2026-03-04 14:30:00-05:00,101.12999725341797,101.51000213623047,101.12999725341797,101.2300033569336,44684,0.0,0.0,0.0,AAXJ,15m
2026-03-04 14:45:00-05:00,101.23999786376953,101.26000213623047,100.93000030517578,101.0199966430664,87262,0.0,0.0,0.0,AAXJ,15m
2026-03-04 15:00:00-05:00,101.0199966430664,101.02999877929688,100.76000213623047,100.77999877929688,37897,0.0,0.0,0.0,AAXJ,15m
2026-03-04 15:15:00-05:00,100.7699966430664,100.83000183105469,100.62999725341797,100.81999969482422,52008,0.0,0.0,0.0,AAXJ,15m
2026-03-04 15:30:00-05:00,100.81999969482422,100.97969818115234,100.80000305175781,100.93000030517578,36991,0.0,0.0,0.0,AAXJ,15m
2026-03-04 15:45:00-05:00,100.91999816894531,100.91999816894531,100.5199966430664,100.58999633789062,115765,0.0,0.0,0.0,AAXJ,15m
2026-03-05 09:30:00-05:00,98.94999694824219,99.73999786376953,98.94999694824219,99.19999694824219,547803,0.0,0.0,0.0,AAXJ,15m
2026-03-05 09:45:00-05:00,99.19000244140625,99.88500213623047,99.0999984741211,99.83000183105469,424017,0.0,0.0,0.0,AAXJ,15m
2026-03-05 10:00:00-05:00,99.91000366210938,99.97000122070312,99.44000244140625,99.62000274658203,53967,0.0,0.0,0.0,AAXJ,15m
2026-03-05 10:15:00-05:00,99.58999633789062,99.58999633789062,98.66999816894531,98.66999816894531,63015,0.0,0.0,0.0,AAXJ,15m
2026-03-05 10:30:00-05:00,98.70999908447266,98.80000305175781,98.33999633789062,98.48999786376953,83857,0.0,0.0,0.0,AAXJ,15m
2026-03-05 10:45:00-05:00,98.51000213623047,98.66000366210938,98.4000015258789,98.55000305175781,90707,0.0,0.0,0.0,AAXJ,15m
2026-03-05 11:00:00-05:00,98.61000061035156,98.61000061035156,97.9000015258789,98.08000183105469,105217,0.0,0.0,0.0,AAXJ,15m
2026-03-05 11:15:00-05:00,98.08000183105469,98.12999725341797,97.69000244140625,97.82499694824219,75791,0.0,0.0,0.0,AAXJ,15m
2026-03-05 11:30:00-05:00,97.83999633789062,98.53359985351562,97.83999633789062,98.27999877929688,92646,0.0,0.0,0.0,AAXJ,15m
2026-03-05 11:45:00-05:00,98.3499984741211,98.52999877929688,98.30000305175781,98.44999694824219,50048,0.0,0.0,0.0,AAXJ,15m
2026-03-05 12:00:00-05:00,98.47000122070312,98.69999694824219,98.1500015258789,98.29000091552734,70257,0.0,0.0,0.0,AAXJ,15m
2026-03-05 12:15:00-05:00,98.23999786376953,98.2699966430664,98.01000213623047,98.01000213623047,67001,0.0,0.0,0.0,AAXJ,15m
2026-03-05 12:30:00-05:00,98.02999877929688,98.02999877929688,97.52999877929688,97.55000305175781,83050,0.0,0.0,0.0,AAXJ,15m
2026-03-05 12:45:00-05:00,97.54000091552734,97.61000061035156,97.22000122070312,97.54000091552734,99343,0.0,0.0,0.0,AAXJ,15m
2026-03-05 13:00:00-05:00,97.51000213623047,97.7699966430664,97.37999725341797,97.76000213623047,161777,0.0,0.0,0.0,AAXJ,15m
2026-03-05 13:15:00-05:00,97.69999694824219,97.69999694824219,97.20999908447266,97.23999786376953,68326,0.0,0.0,0.0,AAXJ,15m
2026-03-05 13:30:00-05:00,97.33999633789062,97.80000305175781,97.2300033569336,97.76429748535156,55195,0.0,0.0,0.0,AAXJ,15m
2026-03-05 13:45:00-05:00,97.69999694824219,97.69999694824219,97.41000366210938,97.61000061035156,52565,0.0,0.0,0.0,AAXJ,15m
2026-03-05 14:00:00-05:00,97.62000274658203,97.83329772949219,97.62000274658203,97.83329772949219,17168,0.0,0.0,0.0,AAXJ,15m
2026-03-05 14:15:00-05:00,97.75,97.9000015258789,97.56999969482422,97.5999984741211,17387,0.0,0.0,0.0,AAXJ,15m
2026-03-05 14:30:00-05:00,97.54000091552734,97.54000091552734,97.36000061035156,97.41999816894531,33847,0.0,0.0,0.0,AAXJ,15m
2026-03-05 14:45:00-05:00,97.4000015258789,97.52999877929688,97.30000305175781,97.44010162353516,13469,0.0,0.0,0.0,AAXJ,15m
2026-03-05 15:00:00-05:00,97.44000244140625,97.7699966430664,97.37999725341797,97.7699966430664,65179,0.0,0.0,0.0,AAXJ,15m
2026-03-05 15:15:00-05:00,97.91999816894531,98.4800033569336,97.83000183105469,98.19999694824219,44008,0.0,0.0,0.0,AAXJ,15m
2026-03-05 15:30:00-05:00,98.18499755859375,98.36000061035156,98.0999984741211,98.0999984741211,52743,0.0,0.0,0.0,AAXJ,15m
2026-03-05 15:45:00-05:00,98.16000366210938,98.56999969482422,98.16000366210938,98.47000122070312,24585,0.0,0.0,0.0,AAXJ,15m
2026-03-06 09:30:00-05:00,97.33000183105469,97.5,96.83000183105469,97.19000244140625,238170,0.0,0.0,0.0,AAXJ,15m
2026-03-06 09:45:00-05:00,97.17500305175781,97.62999725341797,97.06999969482422,97.43000030517578,184398,0.0,0.0,0.0,AAXJ,15m
2026-03-06 10:00:00-05:00,97.47000122070312,98.11000061035156,97.41999816894531,98.01000213623047,118807,0.0,0.0,0.0,AAXJ,15m
2026-03-06 10:15:00-05:00,98.0,98.2699966430664,97.83999633789062,98.13999938964844,64959,0.0,0.0,0.0,AAXJ,15m
2026-03-06 10:30:00-05:00,98.13999938964844,98.51000213623047,98.08999633789062,98.20999908447266,35671,0.0,0.0,0.0,AAXJ,15m
2026-03-06 10:45:00-05:00,98.20999908447266,98.30999755859375,97.73999786376953,98.2300033569336,40921,0.0,0.0,0.0,AAXJ,15m
2026-03-06 11:00:00-05:00,98.19499969482422,98.48999786376953,98.04000091552734,98.08999633789062,85872,0.0,0.0,0.0,AAXJ,15m
2026-03-06 11:15:00-05:00,98.08999633789062,98.29499816894531,97.9800033569336,98.19000244140625,34773,0.0,0.0,0.0,AAXJ,15m
2026-03-06 11:30:00-05:00,98.20999908447266,98.55999755859375,98.0999984741211,98.44999694824219,40650,0.0,0.0,0.0,AAXJ,15m
2026-03-06 11:45:00-05:00,98.44999694824219,98.58000183105469,98.20999908447266,98.3499984741211,24000,0.0,0.0,0.0,AAXJ,15m
2026-03-06 12:00:00-05:00,98.31999969482422,98.41999816894531,98.05999755859375,98.08000183105469,31886,0.0,0.0,0.0,AAXJ,15m
2026-03-06 12:15:00-05:00,98.12999725341797,98.33999633789062,97.95999908447266,98.10250091552734,29274,0.0,0.0,0.0,AAXJ,15m
2026-03-06 12:30:00-05:00,98.1050033569336,98.16999816894531,97.7699966430664,97.88999938964844,29481,0.0,0.0,0.0,AAXJ,15m
2026-03-06 12:45:00-05:00,97.87999725341797,98.08000183105469,97.83000183105469,97.83000183105469,47895,0.0,0.0,0.0,AAXJ,15m
2026-03-06 13:00:00-05:00,97.86000061035156,98.5199966430664,97.86000061035156,98.51000213623047,34714,0.0,0.0,0.0,AAXJ,15m
2026-03-06 13:15:00-05:00,98.51000213623047,98.61000061035156,98.38500213623047,98.46060180664062,29731,0.0,0.0,0.0,AAXJ,15m
2026-03-06 13:30:00-05:00,98.4800033569336,98.55999755859375,98.36000061035156,98.55000305175781,21281,0.0,0.0,0.0,AAXJ,15m
2026-03-06 13:45:00-05:00,98.55999755859375,98.55999755859375,98.30000305175781,98.41999816894531,26368,0.0,0.0,0.0,AAXJ,15m
2026-03-06 14:00:00-05:00,98.41999816894531,98.6500015258789,98.36499786376953,98.62999725341797,22164,0.0,0.0,0.0,AAXJ,15m
2026-03-06 14:15:00-05:00,98.61000061035156,98.62000274658203,98.3499984741211,98.56500244140625,41440,0.0,0.0,0.0,AAXJ,15m
2026-03-06 14:30:00-05:00,98.54000091552734,98.625,98.41000366210938,98.55999755859375,23474,0.0,0.0,0.0,AAXJ,15m
2026-03-06 14:45:00-05:00,98.44000244140625,98.55010223388672,98.3499984741211,98.53500366210938,25618,0.0,0.0,0.0,AAXJ,15m
2026-03-06 15:00:00-05:00,98.55999755859375,98.70999908447266,98.32499694824219,98.38999938964844,35474,0.0,0.0,0.0,AAXJ,15m
2026-03-06 15:15:00-05:00,98.41500091552734,98.41500091552734,97.83999633789062,97.83999633789062,42235,0.0,0.0,0.0,AAXJ,15m
2026-03-06 15:30:00-05:00,97.83999633789062,97.95500183105469,97.54000091552734,97.81999969482422,86800,0.0,0.0,0.0,AAXJ,15m
2026-03-06 15:45:00-05:00,97.7699966430664,98.02999877929688,97.72000122070312,98.0199966430664,82043,0.0,0.0,0.0,AAXJ,15m
2026-03-09 09:30:00-04:00,96.83999633789062,97.19000244140625,96.66000366210938,96.75,140511,0.0,0.0,0.0,AAXJ,15m
2026-03-09 09:45:00-04:00,96.7699966430664,96.80000305175781,96.25,96.57499694824219,181629,0.0,0.0,0.0,AAXJ,15m
2026-03-09 10:00:00-04:00,96.58000183105469,96.94999694824219,96.12000274658203,96.38999938964844,156511,0.0,0.0,0.0,AAXJ,15m
2026-03-09 10:15:00-04:00,96.4000015258789,96.9800033569336,96.4000015258789,96.70999908447266,69867,0.0,0.0,0.0,AAXJ,15m
2026-03-09 10:30:00-04:00,96.7699966430664,97.33000183105469,96.7699966430664,97.33000183105469,70528,0.0,0.0,0.0,AAXJ,15m
2026-03-09 10:45:00-04:00,97.36000061035156,97.45999908447266,97.22000122070312,97.29000091552734,55665,0.0,0.0,0.0,AAXJ,15m
2026-03-09 11:00:00-04:00,97.30000305175781,97.7300033569336,97.30000305175781,97.70999908447266,56564,0.0,0.0,0.0,AAXJ,15m
2026-03-09 11:15:00-04:00,97.80999755859375,97.98999786376953,97.5,97.9749984741211,61570,0.0,0.0,0.0,AAXJ,15m
2026-03-09 11:30:00-04:00,97.97000122070312,98.0199966430664,97.70999908447266,97.77999877929688,57555,0.0,0.0,0.0,AAXJ,15m
2026-03-09 11:45:00-04:00,97.75,98.11000061035156,97.75,97.94999694824219,34531,0.0,0.0,0.0,AAXJ,15m
2026-03-09 12:00:00-04:00,97.94999694824219,98.27999877929688,97.9000015258789,98.19000244140625,32550,0.0,0.0,0.0,AAXJ,15m
2026-03-09 12:15:00-04:00,98.16999816894531,98.375,97.95999908447266,98.23999786376953,32570,0.0,0.0,0.0,AAXJ,15m
2026-03-09 12:30:00-04:00,98.25,98.43000030517578,98.16000366210938,98.43000030517578,34973,0.0,0.0,0.0,AAXJ,15m
2026-03-09 12:45:00-04:00,98.47000122070312,98.5199966430664,98.41999816894531,98.41999816894531,29880,0.0,0.0,0.0,AAXJ,15m
2026-03-09 13:00:00-04:00,98.27999877929688,98.30000305175781,98.12999725341797,98.13999938964844,25707,0.0,0.0,0.0,AAXJ,15m
2026-03-09 13:15:00-04:00,98.12999725341797,98.12999725341797,97.80500030517578,97.81999969482422,23872,0.0,0.0,0.0,AAXJ,15m
2026-03-09 13:30:00-04:00,97.83000183105469,97.83999633789062,97.66500091552734,97.68000030517578,15323,0.0,0.0,0.0,AAXJ,15m
2026-03-09 13:45:00-04:00,97.77999877929688,97.9800033569336,97.77999877929688,97.83499908447266,45691,0.0,0.0,0.0,AAXJ,15m
2026-03-09 14:00:00-04:00,97.86000061035156,98.01499938964844,97.80999755859375,97.98999786376953,42315,0.0,0.0,0.0,AAXJ,15m
2026-03-09 14:15:00-04:00,97.9800033569336,98.19000244140625,97.97000122070312,97.9800033569336,23331,0.0,0.0,0.0,AAXJ,15m
2026-03-09 14:30:00-04:00,97.95999908447266,98.16999816894531,97.94999694824219,98.0999984741211,19872,0.0,0.0,0.0,AAXJ,15m
2026-03-09 14:45:00-04:00,98.0999984741211,98.12000274658203,97.90499877929688,97.92500305175781,23600,0.0,0.0,0.0,AAXJ,15m
2026-03-09 15:00:00-04:00,97.95500183105469,98.12999725341797,97.95500183105469,98.02999877929688,25747,0.0,0.0,0.0,AAXJ,15m
2026-03-09 15:15:00-04:00,98.04000091552734,99.80999755859375,98.02999877929688,99.80999755859375,78531,0.0,0.0,0.0,AAXJ,15m
2026-03-09 15:30:00-04:00,99.77999877929688,100.06500244140625,99.43000030517578,99.68000030517578,82505,0.0,0.0,0.0,AAXJ,15m
2026-03-09 15:45:00-04:00,99.62999725341797,99.87999725341797,99.37999725341797,99.87999725341797,136271,0.0,0.0,0.0,AAXJ,15m
2026-03-10 09:30:00-04:00,100.02999877929688,100.19499969482422,99.69999694824219,99.97000122070312,156589,0.0,0.0,0.0,AAXJ,15m
2026-03-10 09:45:00-04:00,99.93000030517578,100.05999755859375,99.58000183105469,99.69999694824219,119636,0.0,0.0,0.0,AAXJ,15m
2026-03-10 10:00:00-04:00,99.69000244140625,99.98999786376953,99.51000213623047,99.77999877929688,94820,0.0,0.0,0.0,AAXJ,15m
2026-03-10 10:15:00-04:00,99.75,100.58000183105469,99.68000030517578,100.48999786376953,50175,0.0,0.0,0.0,AAXJ,15m
2026-03-10 10:30:00-04:00,100.5199966430664,101.04000091552734,100.5199966430664,101.04000091552734,72222,0.0,0.0,0.0,AAXJ,15m
2026-03-10 10:45:00-04:00,101.06999969482422,101.43000030517578,101.00499725341797,101.38999938964844,43635,0.0,0.0,0.0,AAXJ,15m
2026-03-10 11:00:00-04:00,101.4000015258789,101.56500244140625,101.16000366210938,101.23999786376953,58265,0.0,0.0,0.0,AAXJ,15m
2026-03-10 11:15:00-04:00,101.2300033569336,101.4800033569336,101.18000030517578,101.31999969482422,46857,0.0,0.0,0.0,AAXJ,15m
2026-03-10 11:30:00-04:00,101.27999877929688,101.55999755859375,101.23999786376953,101.48999786376953,23956,0.0,0.0,0.0,AAXJ,15m
2026-03-10 11:45:00-04:00,101.45999908447266,101.48999786376953,101.23999786376953,101.27999877929688,28083,0.0,0.0,0.0,AAXJ,15m
2026-03-10 12:00:00-04:00,101.26000213623047,101.26000213623047,100.91000366210938,101.12999725341797,20053,0.0,0.0,0.0,AAXJ,15m
2026-03-10 12:15:00-04:00,101.08000183105469,101.27999877929688,101.08000183105469,101.12000274658203,22960,0.0,0.0,0.0,AAXJ,15m
2026-03-10 12:30:00-04:00,101.2699966430664,101.47000122070312,101.26000213623047,101.47000122070312,20016,0.0,0.0,0.0,AAXJ,15m
2026-03-10 12:45:00-04:00,101.41999816894531,101.54000091552734,101.2699966430664,101.5,19632,0.0,0.0,0.0,AAXJ,15m
2026-03-10 13:00:00-04:00,101.51000213623047,101.80000305175781,101.51000213623047,101.7249984741211,44520,0.0,0.0,0.0,AAXJ,15m
2026-03-10 13:15:00-04:00,101.7300033569336,102.12999725341797,101.7300033569336,102.10700225830078,51524,0.0,0.0,0.0,AAXJ,15m
2026-03-10 13:30:00-04:00,102.11000061035156,102.11000061035156,101.48999786376953,101.61000061035156,63246,0.0,0.0,0.0,AAXJ,15m
2026-03-10 13:45:00-04:00,101.62000274658203,101.86499786376953,101.5999984741211,101.77999877929688,80988,0.0,0.0,0.0,AAXJ,15m
2026-03-10 14:00:00-04:00,101.79000091552734,101.79000091552734,101.0,101.0,45740,0.0,0.0,0.0,AAXJ,15m
2026-03-10 14:15:00-04:00,101.01000213623047,101.05000305175781,100.33000183105469,100.80999755859375,77150,0.0,0.0,0.0,AAXJ,15m
2026-03-10 14:30:00-04:00,100.80999755859375,100.9800033569336,100.63999938964844,100.66999816894531,27855,0.0,0.0,0.0,AAXJ,15m
2026-03-10 14:45:00-04:00,100.69999694824219,100.81999969482422,100.58000183105469,100.58000183105469,12786,0.0,0.0,0.0,AAXJ,15m
2026-03-10 15:00:00-04:00,100.56999969482422,100.66999816894531,100.52999877929688,100.52999877929688,9872,0.0,0.0,0.0,AAXJ,15m
2026-03-10 15:15:00-04:00,100.6500015258789,100.83000183105469,100.44000244140625,100.5,16699,0.0,0.0,0.0,AAXJ,15m
2026-03-10 15:30:00-04:00,100.36000061035156,100.51000213623047,100.13999938964844,100.2699966430664,58160,0.0,0.0,0.0,AAXJ,15m
2026-03-10 15:45:00-04:00,100.2699966430664,100.30000305175781,100.05999755859375,100.1050033569336,46518,0.0,0.0,0.0,AAXJ,15m
2026-03-11 09:30:00-04:00,100.20999908447266,100.62999725341797,100.19000244140625,100.36000061035156,205854,0.0,0.0,0.0,AAXJ,15m
2026-03-11 09:45:00-04:00,100.36000061035156,100.66999816894531,100.19999694824219,100.63999938964844,88001,0.0,0.0,0.0,AAXJ,15m
2026-03-11 10:00:00-04:00,100.62999725341797,101.05999755859375,100.61000061035156,100.88999938964844,122290,0.0,0.0,0.0,AAXJ,15m
2026-03-11 10:15:00-04:00,100.77999877929688,100.86000061035156,100.36000061035156,100.55999755859375,103393,0.0,0.0,0.0,AAXJ,15m
2026-03-11 10:30:00-04:00,100.56999969482422,100.79000091552734,100.41000366210938,100.7699966430664,51499,0.0,0.0,0.0,AAXJ,15m
2026-03-11 10:45:00-04:00,100.76000213623047,100.95999908447266,100.69999694824219,100.93000030517578,60148,0.0,0.0,0.0,AAXJ,15m
2026-03-11 11:00:00-04:00,100.9000015258789,100.98500061035156,100.51499938964844,100.62999725341797,46278,0.0,0.0,0.0,AAXJ,15m
2026-03-11 11:15:00-04:00,100.58999633789062,100.6500015258789,100.37999725341797,100.37999725341797,28059,0.0,0.0,0.0,AAXJ,15m
2026-03-11 11:30:00-04:00,100.31999969482422,100.45999908447266,100.23999786376953,100.25,18957,0.0,0.0,0.0,AAXJ,15m
2026-03-11 11:45:00-04:00,100.26000213623047,100.37000274658203,100.12999725341797,100.25,50297,0.0,0.0,0.0,AAXJ,15m
2026-03-11 12:00:00-04:00,100.19000244140625,100.19999694824219,100.02999877929688,100.19499969482422,47242,0.0,0.0,0.0,AAXJ,15m
2026-03-11 12:15:00-04:00,100.20999908447266,100.20999908447266,100.0,100.08000183105469,34590,0.0,0.0,0.0,AAXJ,15m
2026-03-11 12:30:00-04:00,100.18000030517578,100.44000244140625,100.18000030517578,100.31999969482422,13401,0.0,0.0,0.0,AAXJ,15m
2026-03-11 12:45:00-04:00,100.33000183105469,100.41999816894531,100.30000305175781,100.39630126953125,7790,0.0,0.0,0.0,AAXJ,15m
2026-03-11 13:00:00-04:00,100.44999694824219,100.5,100.40499877929688,100.43499755859375,8907,0.0,0.0,0.0,AAXJ,15m
2026-03-11 13:15:00-04:00,100.41500091552734,100.5,100.2699966430664,100.48999786376953,10432,0.0,0.0,0.0,AAXJ,15m
2026-03-11 13:30:00-04:00,100.38999938964844,100.41000366210938,99.8499984741211,100.05999755859375,57149,0.0,0.0,0.0,AAXJ,15m
2026-03-11 13:45:00-04:00,100.05000305175781,100.20999908447266,99.94999694824219,100.08000183105469,81295,0.0,0.0,0.0,AAXJ,15m
2026-03-11 14:00:00-04:00,100.05999755859375,100.09500122070312,99.8499984741211,99.88999938964844,27893,0.0,0.0,0.0,AAXJ,15m
2026-03-11 14:15:00-04:00,99.95999908447266,100.18000030517578,99.94999694824219,100.16999816894531,37799,0.0,0.0,0.0,AAXJ,15m
2026-03-11 14:30:00-04:00,100.18000030517578,100.2699966430664,100.1500015258789,100.23500061035156,18641,0.0,0.0,0.0,AAXJ,15m
2026-03-11 14:45:00-04:00,100.25,100.37000274658203,100.22000122070312,100.28500366210938,32666,0.0,0.0,0.0,AAXJ,15m
2026-03-11 15:00:00-04:00,100.27999877929688,100.29000091552734,100.15499877929688,100.18000030517578,8711,0.0,0.0,0.0,AAXJ,15m
2026-03-11 15:15:00-04:00,100.16999816894531,100.31999969482422,100.16000366210938,100.26000213623047,14781,0.0,0.0,0.0,AAXJ,15m
2026-03-11 15:30:00-04:00,100.2699966430664,100.48500061035156,100.26000213623047,100.45999908447266,14659,0.0,0.0,0.0,AAXJ,15m
2026-03-11 15:45:00-04:00,100.44999694824219,100.58000183105469,100.4000015258789,100.56999969482422,22729,0.0,0.0,0.0,AAXJ,15m
2026-03-12 09:30:00-04:00,99.30000305175781,99.36000061035156,98.7699966430664,98.79499816894531,147075,0.0,0.0,0.0,AAXJ,15m
2026-03-12 09:45:00-04:00,98.7699966430664,98.7699966430664,98.27999877929688,98.33329772949219,115817,0.0,0.0,0.0,AAXJ,15m
2026-03-12 10:00:00-04:00,98.38999938964844,98.69000244140625,98.38999938964844,98.6500015258789,108262,0.0,0.0,0.0,AAXJ,15m
2026-03-12 10:15:00-04:00,98.70999908447266,98.7300033569336,98.13999938964844,98.16000366210938,83952,0.0,0.0,0.0,AAXJ,15m
2026-03-12 10:30:00-04:00,98.05000305175781,98.13999938964844,97.75,97.93099975585938,17443,0.0,0.0,0.0,AAXJ,15m
2026-03-12 10:45:00-04:00,98.04000091552734,98.37000274658203,97.76000213623047,97.91999816894531,20593,0.0,0.0,0.0,AAXJ,15m
2026-03-12 11:00:00-04:00,97.87000274658203,97.87999725341797,97.43000030517578,97.54000091552734,8919,0.0,0.0,0.0,AAXJ,15m
2026-03-12 11:15:00-04:00,97.5199966430664,97.83000183105469,97.5199966430664,97.83000183105469,2283,0.0,0.0,0.0,AAXJ,15m
2026-03-12 11:30:00-04:00,97.80999755859375,98.26000213623047,97.6449966430664,98.23660278320312,25643,0.0,0.0,0.0,AAXJ,15m
2026-03-12 11:45:00-04:00,98.2300033569336,98.25,98.01000213623047,98.16000366210938,7814,0.0,0.0,0.0,AAXJ,15m
2026-03-12 12:00:00-04:00,98.18000030517578,98.24349975585938,97.83999633789062,97.88500213623047,9428,0.0,0.0,0.0,AAXJ,15m
2026-03-12 12:15:00-04:00,98.0199966430664,98.31500244140625,97.97000122070312,98.05500030517578,24823,0.0,0.0,0.0,AAXJ,15m
2026-03-12 12:30:00-04:00,98.06999969482422,98.37999725341797,97.98999786376953,98.30000305175781,16175,0.0,0.0,0.0,AAXJ,15m
2026-03-12 12:45:00-04:00,98.13999938964844,98.23999786376953,98.04000091552734,98.13999938964844,46129,0.0,0.0,0.0,AAXJ,15m
2026-03-12 13:00:00-04:00,98.18000030517578,98.19999694824219,98.13500213623047,98.13500213623047,5868,0.0,0.0,0.0,AAXJ,15m
2026-03-12 13:15:00-04:00,98.05000305175781,98.12000274658203,98.01499938964844,98.0199966430664,7966,0.0,0.0,0.0,AAXJ,15m
2026-03-12 13:30:00-04:00,98.04000091552734,98.1500015258789,97.95999908447266,97.95999908447266,12529,0.0,0.0,0.0,AAXJ,15m
2026-03-12 13:45:00-04:00,97.91999816894531,97.95999908447266,97.88999938964844,97.88999938964844,4857,0.0,0.0,0.0,AAXJ,15m
2026-03-12 14:00:00-04:00,98.0199966430664,98.06999969482422,97.93000030517578,98.0,16340,0.0,0.0,0.0,AAXJ,15m
2026-03-12 14:15:00-04:00,98.05000305175781,98.05000305175781,97.88999938964844,97.88999938964844,9229,0.0,0.0,0.0,AAXJ,15m
2026-03-12 14:30:00-04:00,97.7761001586914,97.7761001586914,97.69999694824219,97.75,9896,0.0,0.0,0.0,AAXJ,15m
2026-03-12 14:45:00-04:00,97.72000122070312,97.83999633789062,97.67009735107422,97.68000030517578,21269,0.0,0.0,0.0,AAXJ,15m
2026-03-12 15:00:00-04:00,97.69000244140625,97.81999969482422,97.58000183105469,97.72000122070312,22969,0.0,0.0,0.0,AAXJ,15m
2026-03-12 15:15:00-04:00,97.7300033569336,97.80549621582031,97.72000122070312,97.77999877929688,21138,0.0,0.0,0.0,AAXJ,15m
2026-03-12 15:30:00-04:00,97.83499908447266,97.95500183105469,97.80999755859375,97.83000183105469,26171,0.0,0.0,0.0,AAXJ,15m
2026-03-12 15:45:00-04:00,97.76000213623047,97.76000213623047,97.5199966430664,97.55999755859375,28805,0.0,0.0,0.0,AAXJ,15m
2026-03-13 09:30:00-04:00,99.08000183105469,99.54000091552734,98.83999633789062,99.54000091552734,101505,0.0,0.0,0.0,AAXJ,15m
2026-03-13 09:45:00-04:00,99.55000305175781,99.58000183105469,99.19999694824219,99.20999908447266,185289,0.0,0.0,0.0,AAXJ,15m
2026-03-13 10:00:00-04:00,99.23999786376953,99.30999755859375,98.80999755859375,98.80999755859375,123230,0.0,0.0,0.0,AAXJ,15m
2026-03-13 10:15:00-04:00,98.80000305175781,98.8949966430664,98.55000305175781,98.83999633789062,62611,0.0,0.0,0.0,AAXJ,15m
2026-03-13 10:30:00-04:00,98.81999969482422,99.0,98.41999816894531,98.41999816894531,39612,0.0,0.0,0.0,AAXJ,15m
2026-03-13 10:45:00-04:00,98.38999938964844,98.44000244140625,98.0,98.04000091552734,37254,0.0,0.0,0.0,AAXJ,15m
2026-03-13 11:00:00-04:00,98.05999755859375,98.45999908447266,98.01000213623047,98.44999694824219,58816,0.0,0.0,0.0,AAXJ,15m
2026-03-13 11:15:00-04:00,98.41999816894531,98.41999816894531,97.91000366210938,97.98999786376953,22344,0.0,0.0,0.0,AAXJ,15m
2026-03-13 11:30:00-04:00,98.0,98.08000183105469,97.62999725341797,97.70999908447266,28900,0.0,0.0,0.0,AAXJ,15m
2026-03-13 11:45:00-04:00,97.69000244140625,98.16000366210938,97.62999725341797,97.70999908447266,58295,0.0,0.0,0.0,AAXJ,15m
2026-03-13 12:00:00-04:00,97.72000122070312,97.98999786376953,97.66000366210938,97.79000091552734,59428,0.0,0.0,0.0,AAXJ,15m
2026-03-13 12:15:00-04:00,97.80000305175781,97.80999755859375,97.65499877929688,97.74500274658203,13379,0.0,0.0,0.0,AAXJ,15m
2026-03-13 12:30:00-04:00,97.80000305175781,98.1500015258789,97.80000305175781,98.0199966430664,12791,0.0,0.0,0.0,AAXJ,15m
2026-03-13 12:45:00-04:00,97.9000015258789,98.08000183105469,97.83300018310547,97.8499984741211,26377,0.0,0.0,0.0,AAXJ,15m
2026-03-13 13:00:00-04:00,97.88999938964844,98.0199966430664,97.79000091552734,98.0199966430664,9231,0.0,0.0,0.0,AAXJ,15m
2026-03-13 13:15:00-04:00,98.05500030517578,98.08999633789062,97.95999908447266,98.02999877929688,5579,0.0,0.0,0.0,AAXJ,15m
2026-03-13 13:30:00-04:00,98.08000183105469,98.08999633789062,97.91000366210938,97.9800033569336,9490,0.0,0.0,0.0,AAXJ,15m
2026-03-13 13:45:00-04:00,98.0999984741211,98.0999984741211,97.5999984741211,97.5999984741211,10910,0.0,0.0,0.0,AAXJ,15m
2026-03-13 14:00:00-04:00,97.62000274658203,97.69000244140625,97.56999969482422,97.56999969482422,10841,0.0,0.0,0.0,AAXJ,15m
2026-03-13 14:15:00-04:00,97.6500015258789,97.66000366210938,97.47000122070312,97.58000183105469,18430,0.0,0.0,0.0,AAXJ,15m
2026-03-13 14:30:00-04:00,97.66000366210938,97.91999816894531,97.66000366210938,97.91999816894531,19103,0.0,0.0,0.0,AAXJ,15m
2026-03-13 14:45:00-04:00,97.91000366210938,97.93000030517578,97.77999877929688,97.80999755859375,90397,0.0,0.0,0.0,AAXJ,15m
2026-03-13 15:00:00-04:00,97.80000305175781,97.80000305175781,97.67500305175781,97.68499755859375,14270,0.0,0.0,0.0,AAXJ,15m
2026-03-13 15:15:00-04:00,97.70999908447266,97.71499633789062,97.47000122070312,97.5,27730,0.0,0.0,0.0,AAXJ,15m
2026-03-13 15:30:00-04:00,97.55999755859375,97.5999984741211,97.33999633789062,97.37999725341797,28599,0.0,0.0,0.0,AAXJ,15m
2026-03-13 15:45:00-04:00,97.4000015258789,97.5199966430664,97.33999633789062,97.5199966430664,119485,0.0,0.0,0.0,AAXJ,15m
2026-03-16 09:30:00-04:00,99.77999877929688,100.19999694824219,99.70999908447266,100.19999694824219,155983,0.0,0.0,0.0,AAXJ,15m
2026-03-16 09:45:00-04:00,100.42500305175781,100.42500305175781,100.22000122070312,100.4000015258789,102601,0.0,0.0,0.0,AAXJ,15m
2026-03-16 10:00:00-04:00,100.41000366210938,100.5199966430664,100.220703125,100.4800033569336,8222,0.0,0.0,0.0,AAXJ,15m
2026-03-16 10:15:00-04:00,100.33999633789062,100.36000061035156,100.28500366210938,100.31999969482422,2169,0.0,0.0,0.0,AAXJ,15m
2026-03-16 10:30:00-04:00,100.0999984741211,100.19999694824219,99.83999633789062,99.83999633789062,13497,0.0,0.0,0.0,AAXJ,15m
2026-03-16 10:45:00-04:00,99.87999725341797,100.20999908447266,99.87999725341797,100.20999908447266,154272,0.0,0.0,0.0,AAXJ,15m
2026-03-16 11:00:00-04:00,100.1500015258789,100.16000366210938,100.08000183105469,100.12000274658203,2874,0.0,0.0,0.0,AAXJ,15m
2026-03-16 11:15:00-04:00,100.16999816894531,100.2300033569336,100.12999725341797,100.1500015258789,4029,0.0,0.0,0.0,AAXJ,15m
2026-03-16 11:30:00-04:00,100.19999694824219,100.27999877929688,100.12000274658203,100.18000030517578,5117,0.0,0.0,0.0,AAXJ,15m
2026-03-16 11:45:00-04:00,100.11000061035156,100.16000366210938,99.9000015258789,99.91999816894531,183865,0.0,0.0,0.0,AAXJ,15m
2026-03-16 12:00:00-04:00,99.93000030517578,100.04000091552734,99.87999725341797,99.96749877929688,3466,0.0,0.0,0.0,AAXJ,15m
2026-03-16 12:15:00-04:00,99.98999786376953,100.02999877929688,99.72000122070312,99.73999786376953,18387,0.0,0.0,0.0,AAXJ,15m
2026-03-16 12:30:00-04:00,99.75,100.03500366210938,99.69999694824219,100.03500366210938,13198,0.0,0.0,0.0,AAXJ,15m
2026-03-16 12:45:00-04:00,99.94499969482422,99.94999694824219,99.88999938964844,99.88999938964844,261926,0.0,0.0,0.0,AAXJ,15m
2026-03-16 13:00:00-04:00,99.94000244140625,100.11499786376953,99.94000244140625,100.07499694824219,15941,0.0,0.0,0.0,AAXJ,15m
2026-03-16 13:15:00-04:00,100.0999984741211,100.13999938964844,100.06999969482422,100.08000183105469,1832,0.0,0.0,0.0,AAXJ,15m
2026-03-16 13:30:00-04:00,100.05999755859375,100.08999633789062,99.94000244140625,100.0,4506,0.0,0.0,0.0,AAXJ,15m
2026-03-16 13:45:00-04:00,99.9800033569336,100.04000091552734,99.81999969482422,99.98999786376953,2593,0.0,0.0,0.0,AAXJ,15m
2026-03-16 14:00:00-04:00,100.04499816894531,100.1500015258789,100.02999877929688,100.08000183105469,2638,0.0,0.0,0.0,AAXJ,15m
2026-03-16 14:15:00-04:00,100.11499786376953,100.29000091552734,100.11499786376953,100.27999877929688,6397,0.0,0.0,0.0,AAXJ,15m
2026-03-16 14:30:00-04:00,100.27999877929688,100.33999633789062,100.2500991821289,100.33999633789062,3808,0.0,0.0,0.0,AAXJ,15m
2026-03-16 14:45:00-04:00,100.38999938964844,100.38999938964844,100.37000274658203,100.37000274658203,1830,0.0,0.0,0.0,AAXJ,15m
2026-03-16 15:00:00-04:00,100.38500213623047,100.66000366210938,100.31999969482422,100.43000030517578,6359,0.0,0.0,0.0,AAXJ,15m
2026-03-16 15:15:00-04:00,100.45999908447266,100.45999908447266,100.25,100.30000305175781,10918,0.0,0.0,0.0,AAXJ,15m
2026-03-16 15:30:00-04:00,100.27999877929688,100.31999969482422,100.12090301513672,100.12999725341797,6461,0.0,0.0,0.0,AAXJ,15m
2026-03-16 15:45:00-04:00,100.12999725341797,100.33999633789062,100.06999969482422,100.33999633789062,8058,0.0,0.0,0.0,AAXJ,15m
2026-03-17 09:30:00-04:00,101.12000274658203,101.2699966430664,100.91999816894531,101.25,16903,0.0,0.0,0.0,AAXJ,15m
2026-03-17 09:45:00-04:00,101.23999786376953,101.2699966430664,101.11000061035156,101.19000244140625,33142,0.0,0.0,0.0,AAXJ,15m
2026-03-17 10:00:00-04:00,101.19999694824219,101.30999755859375,101.0999984741211,101.25,10292,0.0,0.0,0.0,AAXJ,15m
2026-03-17 10:15:00-04:00,101.12999725341797,101.16200256347656,100.9800033569336,101.12000274658203,65040,0.0,0.0,0.0,AAXJ,15m
2026-03-17 10:30:00-04:00,101.08000183105469,101.29000091552734,100.9800033569336,101.26000213623047,3818,0.0,0.0,0.0,AAXJ,15m
2026-03-17 10:45:00-04:00,101.26000213623047,101.31999969482422,101.19999694824219,101.30999755859375,6604,0.0,0.0,0.0,AAXJ,15m
2026-03-17 11:00:00-04:00,101.30000305175781,101.33999633789062,100.94999694824219,100.95999908447266,13064,0.0,0.0,0.0,AAXJ,15m
2026-03-17 11:15:00-04:00,101.0,101.05999755859375,100.77999877929688,100.79000091552734,17870,0.0,0.0,0.0,AAXJ,15m
2026-03-17 11:30:00-04:00,100.7699966430664,100.87000274658203,100.51000213623047,100.6500015258789,16263,0.0,0.0,0.0,AAXJ,15m
2026-03-17 11:45:00-04:00,100.66999816894531,100.86000061035156,100.6500015258789,100.80500030517578,16117,0.0,0.0,0.0,AAXJ,15m
2026-03-17 12:00:00-04:00,100.80999755859375,100.87000274658203,100.58999633789062,100.76000213623047,150115,0.0,0.0,0.0,AAXJ,15m
2026-03-17 12:15:00-04:00,100.77999877929688,100.95999908447266,100.75,100.88999938964844,19208,0.0,0.0,0.0,AAXJ,15m
2026-03-17 12:30:00-04:00,100.83000183105469,100.83999633789062,100.70999908447266,100.83999633789062,6701,0.0,0.0,0.0,AAXJ,15m
2026-03-17 12:45:00-04:00,100.83999633789062,100.83999633789062,100.76000213623047,100.76000213623047,3243,0.0,0.0,0.0,AAXJ,15m
2026-03-17 13:00:00-04:00,100.91000366210938,100.91000366210938,100.80000305175781,100.86000061035156,2251,0.0,0.0,0.0,AAXJ,15m
2026-03-17 13:15:00-04:00,100.8499984741211,100.9000015258789,100.8280029296875,100.87999725341797,2707,0.0,0.0,0.0,AAXJ,15m
2026-03-17 13:30:00-04:00,100.86000061035156,100.95999908447266,100.86000061035156,100.88999938964844,3846,0.0,0.0,0.0,AAXJ,15m
2026-03-17 13:45:00-04:00,100.88999938964844,100.99549865722656,100.88999938964844,100.99549865722656,179788,0.0,0.0,0.0,AAXJ,15m
2026-03-17 14:00:00-04:00,101.05000305175781,101.08999633789062,101.04000091552734,101.05000305175781,188503,0.0,0.0,0.0,AAXJ,15m
2026-03-17 14:15:00-04:00,101.00499725341797,101.00499725341797,100.81659698486328,100.81659698486328,1203,0.0,0.0,0.0,AAXJ,15m
2026-03-17 14:30:00-04:00,100.80000305175781,100.8499984741211,100.77999877929688,100.83999633789062,2638,0.0,0.0,0.0,AAXJ,15m
2026-03-17 14:45:00-04:00,100.83999633789062,100.93499755859375,100.83999633789062,100.87000274658203,13308,0.0,0.0,0.0,AAXJ,15m
2026-03-17 15:00:00-04:00,100.86000061035156,100.87000274658203,100.80000305175781,100.86000061035156,4274,0.0,0.0,0.0,AAXJ,15m
2026-03-17 15:15:00-04:00,100.9000015258789,100.93000030517578,100.83999633789062,100.86000061035156,5460,0.0,0.0,0.0,AAXJ,15m
2026-03-17 15:30:00-04:00,100.8499984741211,100.8499984741211,100.77999877929688,100.81999969482422,4071,0.0,0.0,0.0,AAXJ,15m
2026-03-17 15:45:00-04:00,100.84839630126953,100.87999725341797,100.80999755859375,100.83999633789062,216903,0.0,0.0,0.0,AAXJ,15m
2026-03-18 09:30:00-04:00,100.55000305175781,100.55000305175781,100.23999786376953,100.48999786376953,17297,0.0,0.0,0.0,AAXJ,15m
2026-03-18 09:45:00-04:00,100.4800033569336,100.55999755859375,100.37999725341797,100.55000305175781,8945,0.0,0.0,0.0,AAXJ,15m
2026-03-18 10:00:00-04:00,100.56999969482422,100.70999908447266,100.22000122070312,100.22000122070312,14622,0.0,0.0,0.0,AAXJ,15m
2026-03-18 10:15:00-04:00,100.2300033569336,100.3499984741211,99.87000274658203,99.98500061035156,118256,0.0,0.0,0.0,AAXJ,15m
2026-03-18 10:30:00-04:00,99.97000122070312,100.13999938964844,99.875,99.91999816894531,37233,0.0,0.0,0.0,AAXJ,15m
2026-03-18 10:45:00-04:00,99.92500305175781,100.08999633789062,99.7750015258789,100.08999633789062,33242,0.0,0.0,0.0,AAXJ,15m
2026-03-18 11:00:00-04:00,100.13500213623047,100.41000366210938,100.13500213623047,100.25,198854,0.0,0.0,0.0,AAXJ,15m
2026-03-18 11:15:00-04:00,100.23999786376953,100.23999786376953,99.91000366210938,99.94999694824219,14589,0.0,0.0,0.0,AAXJ,15m
2026-03-18 11:30:00-04:00,99.94000244140625,100.1050033569336,99.94000244140625,100.0,9972,0.0,0.0,0.0,AAXJ,15m
2026-03-18 11:45:00-04:00,100.0199966430664,100.12999725341797,99.97000122070312,100.08499908447266,16447,0.0,0.0,0.0,AAXJ,15m
2026-03-18 12:00:00-04:00,100.06999969482422,100.06999969482422,99.84500122070312,100.04000091552734,38059,0.0,0.0,0.0,AAXJ,15m
2026-03-18 12:15:00-04:00,99.98999786376953,100.05000305175781,99.91000366210938,100.01000213623047,370266,0.0,0.0,0.0,AAXJ,15m
2026-03-18 12:30:00-04:00,99.95500183105469,99.9749984741211,99.75,99.91500091552734,30147,0.0,0.0,0.0,AAXJ,15m
2026-03-18 12:45:00-04:00,99.9000015258789,100.01000213623047,99.8499984741211,99.93000030517578,437613,0.0,0.0,0.0,AAXJ,15m
2026-03-18 13:00:00-04:00,99.93000030517578,99.95500183105469,99.75,99.77999877929688,8153,0.0,0.0,0.0,AAXJ,15m
2026-03-18 13:15:00-04:00,99.79000091552734,99.93000030517578,99.76000213623047,99.87000274658203,1472,0.0,0.0,0.0,AAXJ,15m
2026-03-18 13:30:00-04:00,99.86000061035156,99.94000244140625,99.80999755859375,99.8499984741211,444456,0.0,0.0,0.0,AAXJ,15m
2026-03-18 13:45:00-04:00,99.94000244140625,100.06999969482422,99.94000244140625,99.95999908447266,1189,0.0,0.0,0.0,AAXJ,15m
2026-03-18 14:00:00-04:00,100.08999633789062,100.19000244140625,100.02999877929688,100.0999984741211,6049,0.0,0.0,0.0,AAXJ,15m
2026-03-18 14:15:00-04:00,100.01000213623047,100.04000091552734,99.80999755859375,99.8499984741211,14165,0.0,0.0,0.0,AAXJ,15m
2026-03-18 14:30:00-04:00,99.91000366210938,99.97000122070312,99.66000366210938,99.66999816894531,24139,0.0,0.0,0.0,AAXJ,15m
2026-03-18 14:45:00-04:00,99.66999816894531,99.66999816894531,99.37000274658203,99.37000274658203,495565,0.0,0.0,0.0,AAXJ,15m
2026-03-18 15:00:00-04:00,99.3499984741211,99.56999969482422,99.3499984741211,99.44000244140625,7362,0.0,0.0,0.0,AAXJ,15m
2026-03-18 15:15:00-04:00,99.43000030517578,99.43000030517578,99.08999633789062,99.16999816894531,7198,0.0,0.0,0.0,AAXJ,15m
2026-03-18 15:30:00-04:00,99.16000366210938,99.18000030517578,99.01000213623047,99.04000091552734,7070,0.0,0.0,0.0,AAXJ,15m
2026-03-18 15:45:00-04:00,99.04000091552734,99.12999725341797,98.91999816894531,98.94999694824219,10668,0.0,0.0,0.0,AAXJ,15m
2026-03-19 09:30:00-04:00,97.29000091552734,97.29000091552734,96.76000213623047,97.26000213623047,27880,0.0,0.0,0.0,AAXJ,15m
2026-03-19 09:45:00-04:00,97.26000213623047,97.88999938964844,97.17500305175781,97.87000274658203,31523,0.0,0.0,0.0,AAXJ,15m
2026-03-19 10:00:00-04:00,97.91000366210938,98.30000305175781,97.86000061035156,98.08000183105469,126628,0.0,0.0,0.0,AAXJ,15m
2026-03-19 10:15:00-04:00,98.08999633789062,98.11000061035156,97.66000366210938,97.70999908447266,49686,0.0,0.0,0.0,AAXJ,15m
2026-03-19 10:30:00-04:00,97.68000030517578,98.16999816894531,97.68000030517578,98.0999984741211,313787,0.0,0.0,0.0,AAXJ,15m
2026-03-19 10:45:00-04:00,98.06999969482422,98.26000213623047,98.0,98.16999816894531,398016,0.0,0.0,0.0,AAXJ,15m
2026-03-19 11:00:00-04:00,98.125,98.44000244140625,98.02999877929688,98.4000015258789,487328,0.0,0.0,0.0,AAXJ,15m
2026-03-19 11:15:00-04:00,98.38999938964844,98.48999786376953,97.8499984741211,97.93000030517578,493790,0.0,0.0,0.0,AAXJ,15m
2026-03-19 11:30:00-04:00,97.91000366210938,97.91000366210938,97.66999816894531,97.70999908447266,12510,0.0,0.0,0.0,AAXJ,15m
2026-03-19 11:45:00-04:00,97.66999816894531,98.05999755859375,97.6500015258789,98.0199966430664,22252,0.0,0.0,0.0,AAXJ,15m
2026-03-19 12:00:00-04:00,97.9800033569336,98.31999969482422,97.93000030517578,98.08979797363281,14523,0.0,0.0,0.0,AAXJ,15m
2026-03-19 12:15:00-04:00,98.05000305175781,98.26000213623047,97.98999786376953,98.26000213623047,45766,0.0,0.0,0.0,AAXJ,15m
2026-03-19 12:30:00-04:00,98.26000213623047,98.32499694824219,98.12999725341797,98.15249633789062,15795,0.0,0.0,0.0,AAXJ,15m
2026-03-19 12:45:00-04:00,98.2300033569336,98.2300033569336,97.93000030517578,98.08499908447266,685312,0.0,0.0,0.0,AAXJ,15m
2026-03-19 13:00:00-04:00,98.08000183105469,98.08999633789062,97.7699966430664,97.79000091552734,5945,0.0,0.0,0.0,AAXJ,15m
2026-03-19 13:15:00-04:00,97.80999755859375,98.2699966430664,97.77999877929688,98.25,7719,0.0,0.0,0.0,AAXJ,15m
2026-03-19 13:30:00-04:00,98.2300033569336,98.30999755859375,98.06999969482422,98.16999816894531,11461,0.0,0.0,0.0,AAXJ,15m
2026-03-19 13:45:00-04:00,98.18000030517578,98.3499984741211,98.15499877929688,98.23500061035156,8164,0.0,0.0,0.0,AAXJ,15m
2026-03-19 14:00:00-04:00,98.19000244140625,98.44999694824219,98.16999816894531,98.41000366210938,3836,0.0,0.0,0.0,AAXJ,15m
2026-03-19 14:15:00-04:00,98.44000244140625,98.44000244140625,98.20999908447266,98.20999908447266,7124,0.0,0.0,0.0,AAXJ,15m
2026-03-19 14:30:00-04:00,98.1500015258789,98.18000030517578,97.9800033569336,98.0,2006,0.0,0.0,0.0,AAXJ,15m
2026-03-19 14:45:00-04:00,98.01000213623047,98.44000244140625,98.01000213623047,98.41999816894531,7439,0.0,0.0,0.0,AAXJ,15m
2026-03-19 15:00:00-04:00,98.45999908447266,99.4800033569336,98.41999816894531,99.45999908447266,89898,0.0,0.0,0.0,AAXJ,15m
2026-03-19 15:15:00-04:00,99.44000244140625,99.54000091552734,99.0199966430664,99.12000274658203,1017278,0.0,0.0,0.0,AAXJ,15m
2026-03-19 15:30:00-04:00,99.12000274658203,99.18000030517578,98.87000274658203,99.08000183105469,18888,0.0,0.0,0.0,AAXJ,15m
2026-03-19 15:45:00-04:00,99.06999969482422,99.11499786376953,98.94999694824219,99.11499786376953,18426,0.0,0.0,0.0,AAXJ,15m
2026-03-20 09:30:00-04:00,97.77999877929688,98.0199966430664,97.58999633789062,97.94999694824219,14977,0.0,0.0,0.0,AAXJ,15m
2026-03-20 09:45:00-04:00,97.94999694824219,97.95999908447266,97.08999633789062,97.11000061035156,67518,0.0,0.0,0.0,AAXJ,15m
2026-03-20 10:00:00-04:00,97.11000061035156,97.2300033569336,96.62999725341797,96.62999725341797,65838,0.0,0.0,0.0,AAXJ,15m
2026-03-20 10:15:00-04:00,96.66000366210938,96.8499984741211,96.58000183105469,96.63500213623047,136132,0.0,0.0,0.0,AAXJ,15m
2026-03-20 10:30:00-04:00,96.62000274658203,96.95999908447266,96.62000274658203,96.72000122070312,62476,0.0,0.0,0.0,AAXJ,15m
2026-03-20 10:45:00-04:00,96.73999786376953,96.83000183105469,96.45999908447266,96.66000366210938,43596,0.0,0.0,0.0,AAXJ,15m
2026-03-20 11:00:00-04:00,96.72000122070312,97.01000213623047,96.58999633789062,97.01000213623047,95650,0.0,0.0,0.0,AAXJ,15m
2026-03-20 11:15:00-04:00,96.95999908447266,97.2300033569336,96.55999755859375,96.61000061035156,84887,0.0,0.0,0.0,AAXJ,15m
2026-03-20 11:30:00-04:00,96.62999725341797,96.80999755859375,96.5999984741211,96.69000244140625,25288,0.0,0.0,0.0,AAXJ,15m
2026-03-20 11:45:00-04:00,96.62000274658203,96.7300033569336,96.56999969482422,96.69000244140625,14874,0.0,0.0,0.0,AAXJ,15m
2026-03-20 12:00:00-04:00,96.81999969482422,96.94999694824219,96.66999816894531,96.80999755859375,11215,0.0,0.0,0.0,AAXJ,15m
2026-03-20 12:15:00-04:00,96.7300033569336,96.79000091552734,96.63999938964844,96.63999938964844,12104,0.0,0.0,0.0,AAXJ,15m
2026-03-20 12:30:00-04:00,96.63999938964844,96.65499877929688,96.37999725341797,96.41999816894531,32778,0.0,0.0,0.0,AAXJ,15m
2026-03-20 12:45:00-04:00,96.37999725341797,96.56999969482422,96.16999816894531,96.51000213623047,14802,0.0,0.0,0.0,AAXJ,15m
2026-03-20 13:00:00-04:00,96.44999694824219,96.56999969482422,96.26000213623047,96.48999786376953,106770,0.0,0.0,0.0,AAXJ,15m
2026-03-20 13:15:00-04:00,96.45999908447266,96.45999908447266,96.22000122070312,96.22000122070312,18931,0.0,0.0,0.0,AAXJ,15m
2026-03-20 13:30:00-04:00,96.30000305175781,96.30000305175781,95.9489974975586,96.125,20407,0.0,0.0,0.0,AAXJ,15m
2026-03-20 13:45:00-04:00,96.12000274658203,96.41500091552734,96.0999984741211,96.38999938964844,25764,0.0,0.0,0.0,AAXJ,15m
2026-03-20 14:00:00-04:00,96.4000015258789,96.45999908447266,96.31999969482422,96.31999969482422,38476,0.0,0.0,0.0,AAXJ,15m
2026-03-20 14:15:00-04:00,96.29000091552734,96.29000091552734,95.7699966430664,96.05010223388672,68166,0.0,0.0,0.0,AAXJ,15m
2026-03-20 14:30:00-04:00,96.04000091552734,96.08000183105469,95.80000305175781,95.81999969482422,23851,0.0,0.0,0.0,AAXJ,15m
2026-03-20 14:45:00-04:00,95.79000091552734,95.83000183105469,95.62999725341797,95.7300033569336,17928,0.0,0.0,0.0,AAXJ,15m
2026-03-20 15:00:00-04:00,95.77999877929688,95.8499984741211,95.62000274658203,95.7750015258789,20042,0.0,0.0,0.0,AAXJ,15m
2026-03-20 15:15:00-04:00,95.75,95.80000305175781,95.58000183105469,95.59500122070312,37675,0.0,0.0,0.0,AAXJ,15m
2026-03-20 15:30:00-04:00,95.63999938964844,95.73999786376953,95.44000244140625,95.73999786376953,40440,0.0,0.0,0.0,AAXJ,15m
2026-03-20 15:45:00-04:00,95.7300033569336,95.80999755859375,95.52999877929688,95.69999694824219,66180,0.0,0.0,0.0,AAXJ,15m
2026-03-23 09:30:00-04:00,97.94000244140625,98.18000030517578,97.4800033569336,97.9000015258789,241385,0.0,0.0,0.0,AAXJ,15m
2026-03-23 09:45:00-04:00,97.87999725341797,98.33999633789062,97.83000183105469,98.29000091552734,130240,0.0,0.0,0.0,AAXJ,15m
2026-03-23 10:00:00-04:00,98.30999755859375,98.61000061035156,98.2699966430664,98.44000244140625,112093,0.0,0.0,0.0,AAXJ,15m
2026-03-23 10:15:00-04:00,98.43000030517578,98.95999908447266,98.43000030517578,98.7699966430664,100341,0.0,0.0,0.0,AAXJ,15m
2026-03-23 10:30:00-04:00,98.72000122070312,98.80999755859375,98.55000305175781,98.75,91059,0.0,0.0,0.0,AAXJ,15m
2026-03-23 10:45:00-04:00,98.7300033569336,98.86000061035156,98.58999633789062,98.69999694824219,97780,0.0,0.0,0.0,AAXJ,15m
2026-03-23 11:00:00-04:00,98.6500015258789,99.12000274658203,98.62999725341797,98.9800033569336,78127,0.0,0.0,0.0,AAXJ,15m
2026-03-23 11:15:00-04:00,98.9800033569336,99.01000213623047,98.5199966430664,98.55999755859375,97804,0.0,0.0,0.0,AAXJ,15m
2026-03-23 11:30:00-04:00,98.55999755859375,98.59500122070312,97.95999908447266,98.05000305175781,94043,0.0,0.0,0.0,AAXJ,15m
2026-03-23 11:45:00-04:00,98.0,98.02999877929688,97.29000091552734,97.30000305175781,151648,0.0,0.0,0.0,AAXJ,15m
2026-03-23 12:00:00-04:00,97.29000091552734,97.62000274658203,97.25,97.45999908447266,126169,0.0,0.0,0.0,AAXJ,15m
2026-03-23 12:15:00-04:00,97.41000366210938,97.41000366210938,96.9000015258789,96.9000015258789,95761,0.0,0.0,0.0,AAXJ,15m
2026-03-23 12:30:00-04:00,96.9000015258789,97.58999633789062,96.9000015258789,97.58999633789062,122224,0.0,0.0,0.0,AAXJ,15m
2026-03-23 12:45:00-04:00,97.55999755859375,97.77999877929688,97.47000122070312,97.5,117983,0.0,0.0,0.0,AAXJ,15m
2026-03-23 13:00:00-04:00,97.5199966430664,97.6500015258789,97.38999938964844,97.44000244140625,110428,0.0,0.0,0.0,AAXJ,15m
2026-03-23 13:15:00-04:00,97.44999694824219,97.66999816894531,97.33499908447266,97.63999938964844,73200,0.0,0.0,0.0,AAXJ,15m
2026-03-23 13:30:00-04:00,97.63999938964844,98.2300033569336,97.63999938964844,97.97000122070312,143893,0.0,0.0,0.0,AAXJ,15m
2026-03-23 13:45:00-04:00,97.99500274658203,98.16999816894531,97.83000183105469,98.16000366210938,74478,0.0,0.0,0.0,AAXJ,15m
2026-03-23 14:00:00-04:00,98.16000366210938,98.25,97.86000061035156,98.17500305175781,114564,0.0,0.0,0.0,AAXJ,15m
2026-03-23 14:15:00-04:00,98.1500015258789,98.26000213623047,98.04000091552734,98.22000122070312,11810,0.0,0.0,0.0,AAXJ,15m
2026-03-23 14:30:00-04:00,98.25,98.69999694824219,98.25,98.48999786376953,71653,0.0,0.0,0.0,AAXJ,15m
2026-03-23 14:45:00-04:00,98.44999694824219,98.59500122070312,98.37999725341797,98.4800033569336,32866,0.0,0.0,0.0,AAXJ,15m
2026-03-23 15:00:00-04:00,98.44000244140625,98.45999908447266,98.36000061035156,98.38899993896484,15406,0.0,0.0,0.0,AAXJ,15m
2026-03-23 15:15:00-04:00,98.4000015258789,98.41000366210938,98.26000213623047,98.26000213623047,18186,0.0,0.0,0.0,AAXJ,15m
2026-03-23 15:30:00-04:00,98.27899932861328,98.30999755859375,98.23999786376953,98.2699966430664,16370,0.0,0.0,0.0,AAXJ,15m
2026-03-23 15:45:00-04:00,98.30999755859375,98.47000122070312,98.19000244140625,98.27999877929688,62199,0.0,0.0,0.0,AAXJ,15m
2026-03-24 09:30:00-04:00,96.1780014038086,96.72000122070312,95.86000061035156,96.1500015258789,147450,0.0,0.0,0.0,AAXJ,15m
2026-03-24 09:45:00-04:00,96.16000366210938,96.56999969482422,96.0,96.55999755859375,102235,0.0,0.0,0.0,AAXJ,15m
2026-03-24 10:00:00-04:00,96.58000183105469,97.05999755859375,96.58000183105469,96.83999633789062,110433,0.0,0.0,0.0,AAXJ,15m
2026-03-24 10:15:00-04:00,96.80999755859375,96.81999969482422,96.48999786376953,96.56999969482422,90505,0.0,0.0,0.0,AAXJ,15m
2026-03-24 10:30:00-04:00,96.54000091552734,96.7699966430664,96.48999786376953,96.74500274658203,100644,0.0,0.0,0.0,AAXJ,15m
2026-03-24 10:45:00-04:00,96.7300033569336,97.19999694824219,96.41000366210938,96.8499984741211,234295,0.0,0.0,0.0,AAXJ,15m
2026-03-24 11:00:00-04:00,96.88999938964844,97.11000061035156,96.81999969482422,96.94999694824219,66260,0.0,0.0,0.0,AAXJ,15m
2026-03-24 11:15:00-04:00,96.92410278320312,97.33999633789062,96.92410278320312,97.13999938964844,230809,0.0,0.0,0.0,AAXJ,15m
2026-03-24 11:30:00-04:00,97.1500015258789,97.2300033569336,96.99500274658203,97.08999633789062,72668,0.0,0.0,0.0,AAXJ,15m
2026-03-24 11:45:00-04:00,97.05999755859375,97.16000366210938,96.79499816894531,96.8499984741211,95112,0.0,0.0,0.0,AAXJ,15m
2026-03-24 12:00:00-04:00,96.77999877929688,96.79000091552734,96.48999786376953,96.68000030517578,89514,0.0,0.0,0.0,AAXJ,15m
2026-03-24 12:15:00-04:00,96.66999816894531,96.94999694824219,96.66000366210938,96.94000244140625,123128,0.0,0.0,0.0,AAXJ,15m
2026-03-24 12:30:00-04:00,96.94999694824219,97.0250015258789,96.69000244140625,96.87000274658203,75122,0.0,0.0,0.0,AAXJ,15m
2026-03-24 12:45:00-04:00,96.91999816894531,96.97000122070312,96.76000213623047,96.80500030517578,101143,0.0,0.0,0.0,AAXJ,15m
2026-03-24 13:00:00-04:00,96.81500244140625,96.83999633789062,96.20500183105469,96.25,88450,0.0,0.0,0.0,AAXJ,15m
2026-03-24 13:15:00-04:00,96.26000213623047,96.44000244140625,96.19999694824219,96.43499755859375,61478,0.0,0.0,0.0,AAXJ,15m
2026-03-24 13:30:00-04:00,96.43499755859375,96.52999877929688,96.20999908447266,96.20999908447266,78843,0.0,0.0,0.0,AAXJ,15m
2026-03-24 13:45:00-04:00,96.21499633789062,96.69999694824219,96.18499755859375,96.6500015258789,203537,0.0,0.0,0.0,AAXJ,15m
2026-03-24 14:00:00-04:00,96.66000366210938,96.86000061035156,96.58000183105469,96.62999725341797,48691,0.0,0.0,0.0,AAXJ,15m
2026-03-24 14:15:00-04:00,96.58999633789062,96.8499984741211,96.54000091552734,96.76000213623047,68451,0.0,0.0,0.0,AAXJ,15m
2026-03-24 14:30:00-04:00,96.7699966430664,97.19000244140625,96.73999786376953,96.97000122070312,44743,0.0,0.0,0.0,AAXJ,15m
2026-03-24 14:45:00-04:00,96.94000244140625,97.05999755859375,96.80999755859375,96.83999633789062,11157,0.0,0.0,0.0,AAXJ,15m
2026-03-24 15:00:00-04:00,96.93000030517578,97.1500015258789,96.93000030517578,97.1500015258789,22829,0.0,0.0,0.0,AAXJ,15m
2026-03-24 15:15:00-04:00,97.12000274658203,97.12999725341797,96.9000015258789,96.9000015258789,28975,0.0,0.0,0.0,AAXJ,15m
2026-03-24 15:30:00-04:00,96.88999938964844,96.91000366210938,96.79000091552734,96.87000274658203,44135,0.0,0.0,0.0,AAXJ,15m
2026-03-24 15:45:00-04:00,96.72000122070312,96.80999755859375,96.57499694824219,96.6500015258789,82957,0.0,0.0,0.0,AAXJ,15m
2026-03-25 09:30:00-04:00,97.87999725341797,98.27999877929688,97.87999725341797,97.91999816894531,219539,0.0,0.0,0.0,AAXJ,15m
2026-03-25 09:45:00-04:00,97.94999694824219,97.9800033569336,97.37000274658203,97.48999786376953,117767,0.0,0.0,0.0,AAXJ,15m
2026-03-25 10:00:00-04:00,97.51000213623047,98.02999877929688,97.33000183105469,98.02999877929688,116857,0.0,0.0,0.0,AAXJ,15m
2026-03-25 10:15:00-04:00,98.02999877929688,98.33000183105469,98.01000213623047,98.16000366210938,212887,0.0,0.0,0.0,AAXJ,15m
2026-03-25 10:30:00-04:00,98.2300033569336,98.31999969482422,98.13999938964844,98.2300033569336,62439,0.0,0.0,0.0,AAXJ,15m
2026-03-25 10:45:00-04:00,98.23999786376953,98.44000244140625,98.1500015258789,98.19999694824219,53725,0.0,0.0,0.0,AAXJ,15m
2026-03-25 11:00:00-04:00,98.20999908447266,98.20999908447266,97.7699966430664,97.77999877929688,58627,0.0,0.0,0.0,AAXJ,15m
2026-03-25 11:15:00-04:00,97.76499938964844,98.02999877929688,97.27999877929688,98.02999877929688,67837,0.0,0.0,0.0,AAXJ,15m
2026-03-25 11:30:00-04:00,98.06999969482422,98.11000061035156,97.76000213623047,97.88999938964844,54582,0.0,0.0,0.0,AAXJ,15m
2026-03-25 11:45:00-04:00,97.91000366210938,97.94999694824219,97.79000091552734,97.88999938964844,80925,0.0,0.0,0.0,AAXJ,15m
2026-03-25 12:00:00-04:00,97.9000015258789,97.93000030517578,97.73999786376953,97.8499984741211,21347,0.0,0.0,0.0,AAXJ,15m
2026-03-25 12:15:00-04:00,97.79000091552734,98.26000213623047,97.79000091552734,98.0999984741211,53676,0.0,0.0,0.0,AAXJ,15m
2026-03-25 12:30:00-04:00,98.13999938964844,98.25,98.0999984741211,98.19000244140625,13085,0.0,0.0,0.0,AAXJ,15m
2026-03-25 12:45:00-04:00,98.13999938964844,98.19000244140625,98.05000305175781,98.13999938964844,26876,0.0,0.0,0.0,AAXJ,15m
2026-03-25 13:00:00-04:00,98.12999725341797,98.22000122070312,98.0,98.0,47920,0.0,0.0,0.0,AAXJ,15m
2026-03-25 13:15:00-04:00,98.06999969482422,98.18000030517578,98.02999877929688,98.16999816894531,5738,0.0,0.0,0.0,AAXJ,15m
2026-03-25 13:30:00-04:00,98.13999938964844,98.43000030517578,98.12000274658203,98.37000274658203,18946,0.0,0.0,0.0,AAXJ,15m
2026-03-25 13:45:00-04:00,98.31999969482422,98.31999969482422,98.06999969482422,98.1500015258789,55789,0.0,0.0,0.0,AAXJ,15m
2026-03-25 14:00:00-04:00,98.12999725341797,98.18000030517578,98.0999984741211,98.16000366210938,11368,0.0,0.0,0.0,AAXJ,15m
2026-03-25 14:15:00-04:00,98.16000366210938,98.2300033569336,98.08999633789062,98.11000061035156,36695,0.0,0.0,0.0,AAXJ,15m
2026-03-25 14:30:00-04:00,98.12999725341797,98.12999725341797,97.94999694824219,97.94999694824219,5404,0.0,0.0,0.0,AAXJ,15m
2026-03-25 14:45:00-04:00,97.94000244140625,97.94000244140625,97.62999725341797,97.80999755859375,60528,0.0,0.0,0.0,AAXJ,15m
2026-03-25 15:00:00-04:00,97.80000305175781,97.80999755859375,97.6500015258789,97.69999694824219,10683,0.0,0.0,0.0,AAXJ,15m
2026-03-25 15:15:00-04:00,97.80000305175781,97.93000030517578,97.80000305175781,97.80000305175781,16575,0.0,0.0,0.0,AAXJ,15m
2026-03-25 15:30:00-04:00,97.77999877929688,97.8499984741211,97.70999908447266,97.82990264892578,9041,0.0,0.0,0.0,AAXJ,15m
2026-03-25 15:45:00-04:00,97.79000091552734,97.79000091552734,97.67500305175781,97.76000213623047,333812,0.0,0.0,0.0,AAXJ,15m
2026-03-26 09:30:00-04:00,95.80000305175781,95.95999908447266,95.62999725341797,95.94000244140625,126280,0.0,0.0,0.0,AAXJ,15m
2026-03-26 09:45:00-04:00,95.96499633789062,96.2300033569336,95.76000213623047,96.0250015258789,67653,0.0,0.0,0.0,AAXJ,15m
2026-03-26 10:00:00-04:00,96.08999633789062,96.23999786376953,95.9000015258789,96.23999786376953,188501,0.0,0.0,0.0,AAXJ,15m
2026-03-26 10:15:00-04:00,96.19999694824219,96.33999633789062,96.05999755859375,96.06999969482422,51347,0.0,0.0,0.0,AAXJ,15m
2026-03-26 10:30:00-04:00,96.0999984741211,96.4000015258789,95.87999725341797,95.93000030517578,81839,0.0,0.0,0.0,AAXJ,15m
2026-03-26 10:45:00-04:00,95.88999938964844,95.94999694824219,95.4800033569336,95.73999786376953,58715,0.0,0.0,0.0,AAXJ,15m
2026-03-26 11:00:00-04:00,95.80000305175781,95.94000244140625,95.77999877929688,95.8499984741211,55272,0.0,0.0,0.0,AAXJ,15m
2026-03-26 11:15:00-04:00,95.83999633789062,95.83999633789062,95.66500091552734,95.75,32283,0.0,0.0,0.0,AAXJ,15m
2026-03-26 11:30:00-04:00,95.72000122070312,95.72000122070312,95.5199966430664,95.55999755859375,24537,0.0,0.0,0.0,AAXJ,15m
2026-03-26 11:45:00-04:00,95.51000213623047,95.87000274658203,95.51000213623047,95.72000122070312,42763,0.0,0.0,0.0,AAXJ,15m
2026-03-26 12:00:00-04:00,95.69999694824219,95.73999786376953,95.62000274658203,95.7300033569336,23033,0.0,0.0,0.0,AAXJ,15m
2026-03-26 12:15:00-04:00,95.68000030517578,95.68000030517578,95.26000213623047,95.30999755859375,76228,0.0,0.0,0.0,AAXJ,15m
2026-03-26 12:30:00-04:00,95.30999755859375,95.31500244140625,95.18000030517578,95.19000244140625,31047,0.0,0.0,0.0,AAXJ,15m
2026-03-26 12:45:00-04:00,95.18000030517578,95.20999908447266,95.0250015258789,95.18000030517578,25866,0.0,0.0,0.0,AAXJ,15m
2026-03-26 13:00:00-04:00,95.19999694824219,95.25499725341797,95.08999633789062,95.08999633789062,28218,0.0,0.0,0.0,AAXJ,15m
2026-03-26 13:15:00-04:00,95.08999633789062,95.12999725341797,94.9000015258789,94.9636001586914,34083,0.0,0.0,0.0,AAXJ,15m
2026-03-26 13:30:00-04:00,95.0,95.12000274658203,94.91000366210938,94.91999816894531,22797,0.0,0.0,0.0,AAXJ,15m
2026-03-26 13:45:00-04:00,94.94000244140625,94.94000244140625,94.73999786376953,94.73999786376953,35736,0.0,0.0,0.0,AAXJ,15m
2026-03-26 14:00:00-04:00,94.7699966430664,94.88999938964844,94.7699966430664,94.86000061035156,25358,0.0,0.0,0.0,AAXJ,15m
2026-03-26 14:15:00-04:00,94.81009674072266,94.83999633789062,94.72000122070312,94.72000122070312,22632,0.0,0.0,0.0,AAXJ,15m
2026-03-26 14:30:00-04:00,94.70999908447266,94.94499969482422,94.70999908447266,94.91999816894531,18131,0.0,0.0,0.0,AAXJ,15m
2026-03-26 14:45:00-04:00,94.91500091552734,95.0999984741211,94.9000015258789,95.08999633789062,20192,0.0,0.0,0.0,AAXJ,15m
2026-03-26 15:00:00-04:00,95.0999984741211,95.0999984741211,94.66000366210938,94.70999908447266,23536,0.0,0.0,0.0,AAXJ,15m
2026-03-26 15:15:00-04:00,94.73999786376953,94.83999633789062,94.69999694824219,94.72000122070312,22056,0.0,0.0,0.0,AAXJ,15m
2026-03-26 15:30:00-04:00,94.73999786376953,94.76499938964844,94.62999725341797,94.6500015258789,37352,0.0,0.0,0.0,AAXJ,15m
2026-03-26 15:45:00-04:00,94.6500015258789,94.69999694824219,94.44000244140625,94.48999786376953,100664,0.0,0.0,0.0,AAXJ,15m
2026-03-27 09:30:00-04:00,94.58000183105469,94.58999633789062,94.21499633789062,94.5,146655,0.0,0.0,0.0,AAXJ,15m
2026-03-27 09:45:00-04:00,94.45999908447266,94.7300033569336,93.98999786376953,94.08000183105469,106836,0.0,0.0,0.0,AAXJ,15m
2026-03-27 10:00:00-04:00,94.05999755859375,94.2699966430664,94.01000213623047,94.2699966430664,104222,0.0,0.0,0.0,AAXJ,15m
2026-03-27 10:15:00-04:00,94.37000274658203,94.5199966430664,94.18000030517578,94.18000030517578,21591,0.0,0.0,0.0,AAXJ,15m
2026-03-27 10:30:00-04:00,94.20999908447266,94.29000091552734,94.06999969482422,94.0999984741211,22181,0.0,0.0,0.0,AAXJ,15m
2026-03-27 10:45:00-04:00,94.20999908447266,94.38999938964844,94.05000305175781,94.38999938964844,24148,0.0,0.0,0.0,AAXJ,15m
2026-03-27 11:00:00-04:00,94.4000015258789,94.62000274658203,94.36000061035156,94.45999908447266,20599,0.0,0.0,0.0,AAXJ,15m
2026-03-27 11:15:00-04:00,94.3499984741211,94.73999786376953,94.2300033569336,94.63999938964844,95857,0.0,0.0,0.0,AAXJ,15m
2026-03-27 11:30:00-04:00,94.66999816894531,94.88999938964844,94.58000183105469,94.64959716796875,38675,0.0,0.0,0.0,AAXJ,15m
2026-03-27 11:45:00-04:00,94.63059997558594,94.66999816894531,94.43000030517578,94.45999908447266,45137,0.0,0.0,0.0,AAXJ,15m
2026-03-27 12:00:00-04:00,94.45989990234375,94.4800033569336,94.2699966430664,94.30000305175781,27708,0.0,0.0,0.0,AAXJ,15m
2026-03-27 12:15:00-04:00,94.30999755859375,94.41999816894531,94.26000213623047,94.2699966430664,32130,0.0,0.0,0.0,AAXJ,15m
2026-03-27 12:30:00-04:00,94.30000305175781,94.3499984741211,94.16999816894531,94.3499984741211,40424,0.0,0.0,0.0,AAXJ,15m
2026-03-27 12:45:00-04:00,94.30000305175781,94.48999786376953,94.29000091552734,94.30000305175781,25960,0.0,0.0,0.0,AAXJ,15m
2026-03-27 13:00:00-04:00,94.23999786376953,94.55999755859375,94.17500305175781,94.23999786376953,62960,0.0,0.0,0.0,AAXJ,15m
2026-03-27 13:15:00-04:00,94.2300033569336,94.23999786376953,93.91000366210938,93.91000366210938,80589,0.0,0.0,0.0,AAXJ,15m
2026-03-27 13:30:00-04:00,93.90499877929688,93.9800033569336,93.83000183105469,93.83000183105469,37370,0.0,0.0,0.0,AAXJ,15m
2026-03-27 13:45:00-04:00,93.80999755859375,93.93000030517578,93.80999755859375,93.88999938964844,43719,0.0,0.0,0.0,AAXJ,15m
2026-03-27 14:00:00-04:00,93.88999938964844,93.94499969482422,93.76499938964844,93.83000183105469,23526,0.0,0.0,0.0,AAXJ,15m
2026-03-27 14:15:00-04:00,93.80999755859375,93.95500183105469,93.80000305175781,93.9000015258789,8842,0.0,0.0,0.0,AAXJ,15m
2026-03-27 14:30:00-04:00,93.91000366210938,94.12999725341797,93.91000366210938,94.0,14560,0.0,0.0,0.0,AAXJ,15m
2026-03-27 14:45:00-04:00,94.0,94.0199966430664,93.86000061035156,93.94000244140625,13924,0.0,0.0,0.0,AAXJ,15m
2026-03-27 15:00:00-04:00,93.95999908447266,93.9800033569336,93.77999877929688,93.87999725341797,41529,0.0,0.0,0.0,AAXJ,15m
2026-03-27 15:15:00-04:00,93.87999725341797,93.96499633789062,93.87000274658203,93.93000030517578,27144,0.0,0.0,0.0,AAXJ,15m
2026-03-27 15:30:00-04:00,93.94000244140625,94.05000305175781,93.8499984741211,93.86000061035156,60989,0.0,0.0,0.0,AAXJ,15m
2026-03-27 15:45:00-04:00,93.875,94.13999938964844,93.79000091552734,94.05000305175781,70822,0.0,0.0,0.0,AAXJ,15m
2026-03-30 09:30:00-04:00,94.41000366210938,94.5,93.75,93.79000091552734,163419,0.0,0.0,0.0,AAXJ,15m
2026-03-30 09:45:00-04:00,93.80000305175781,93.82499694824219,93.23999786376953,93.31999969482422,249580,0.0,0.0,0.0,AAXJ,15m
2026-03-30 10:00:00-04:00,93.31999969482422,93.73999786376953,93.31999969482422,93.70999908447266,108746,0.0,0.0,0.0,AAXJ,15m
2026-03-30 10:15:00-04:00,93.72000122070312,93.7300033569336,93.34500122070312,93.38999938964844,264258,0.0,0.0,0.0,AAXJ,15m
2026-03-30 10:30:00-04:00,93.44000244140625,93.55999755859375,93.23999786376953,93.25,152865,0.0,0.0,0.0,AAXJ,15m
2026-03-30 10:45:00-04:00,93.2699966430664,93.7249984741211,93.2300033569336,93.72229766845703,155043,0.0,0.0,0.0,AAXJ,15m
2026-03-30 11:00:00-04:00,93.80000305175781,94.0199966430664,93.61000061035156,93.61000061035156,59901,0.0,0.0,0.0,AAXJ,15m
2026-03-30 11:15:00-04:00,93.5999984741211,93.75499725341797,93.45999908447266,93.63999938964844,54540,0.0,0.0,0.0,AAXJ,15m
2026-03-30 11:30:00-04:00,93.6500015258789,94.01000213623047,93.62000274658203,94.01000213623047,81057,0.0,0.0,0.0,AAXJ,15m
2026-03-30 11:45:00-04:00,94.0,94.06999969482422,93.83000183105469,93.83000183105469,32786,0.0,0.0,0.0,AAXJ,15m
2026-03-30 12:00:00-04:00,93.80999755859375,93.80999755859375,93.5199966430664,93.61000061035156,15702,0.0,0.0,0.0,AAXJ,15m
2026-03-30 12:15:00-04:00,93.60810089111328,93.60810089111328,93.47000122070312,93.5,10725,0.0,0.0,0.0,AAXJ,15m
2026-03-30 12:30:00-04:00,93.36000061035156,93.52999877929688,93.31999969482422,93.44000244140625,31248,0.0,0.0,0.0,AAXJ,15m
2026-03-30 12:45:00-04:00,93.45999908447266,93.48999786376953,93.37000274658203,93.4000015258789,44886,0.0,0.0,0.0,AAXJ,15m
2026-03-30 13:00:00-04:00,93.44999694824219,93.46499633789062,93.07499694824219,93.08000183105469,64650,0.0,0.0,0.0,AAXJ,15m
2026-03-30 13:15:00-04:00,93.08000183105469,93.08000183105469,92.9000015258789,92.91000366210938,32315,0.0,0.0,0.0,AAXJ,15m
2026-03-30 13:30:00-04:00,92.88500213623047,93.0250015258789,92.83000183105469,93.0250015258789,15090,0.0,0.0,0.0,AAXJ,15m
2026-03-30 13:45:00-04:00,93.04000091552734,93.18000030517578,92.94000244140625,92.94999694824219,48826,0.0,0.0,0.0,AAXJ,15m
2026-03-30 14:00:00-04:00,92.94000244140625,93.02999877929688,92.88999938964844,93.02999877929688,10072,0.0,0.0,0.0,AAXJ,15m
2026-03-30 14:15:00-04:00,93.05999755859375,93.08999633789062,92.88999938964844,92.88999938964844,268692,0.0,0.0,0.0,AAXJ,15m
2026-03-30 14:30:00-04:00,92.93000030517578,93.02010345458984,92.8499984741211,92.8499984741211,21474,0.0,0.0,0.0,AAXJ,15m
2026-03-30 14:45:00-04:00,92.94000244140625,92.94000244140625,92.73500061035156,92.73999786376953,11834,0.0,0.0,0.0,AAXJ,15m
2026-03-30 15:00:00-04:00,92.76000213623047,92.78500366210938,92.54000091552734,92.55000305175781,29711,0.0,0.0,0.0,AAXJ,15m
2026-03-30 15:15:00-04:00,92.58000183105469,92.63009643554688,92.52999877929688,92.57009887695312,37851,0.0,0.0,0.0,AAXJ,15m
2026-03-30 15:30:00-04:00,92.58999633789062,92.88999938964844,92.55999755859375,92.8499984741211,38242,0.0,0.0,0.0,AAXJ,15m
2026-03-30 15:45:00-04:00,92.83999633789062,93.0,92.73999786376953,92.98999786376953,72492,0.0,0.0,0.0,AAXJ,15m
2026-03-31 09:30:00-04:00,93.37000274658203,93.37000274658203,93.08000183105469,93.09500122070312,264085,0.0,0.0,0.0,AAXJ,15m
2026-03-31 09:45:00-04:00,93.18000030517578,93.80000305175781,93.13999938964844,93.80000305175781,134806,0.0,0.0,0.0,AAXJ,15m
2026-03-31 10:00:00-04:00,93.80999755859375,93.91999816894531,93.7300033569336,93.81999969482422,39388,0.0,0.0,0.0,AAXJ,15m
2026-03-31 10:15:00-04:00,93.8499984741211,94.04000091552734,93.81999969482422,94.01000213623047,79705,0.0,0.0,0.0,AAXJ,15m
2026-03-31 10:30:00-04:00,94.01000213623047,94.13999938964844,93.59500122070312,93.62999725341797,33081,0.0,0.0,0.0,AAXJ,15m
2026-03-31 10:45:00-04:00,93.6500015258789,93.69999694824219,93.19000244140625,93.29000091552734,35991,0.0,0.0,0.0,AAXJ,15m
2026-03-31 11:00:00-04:00,93.31999969482422,93.98999786376953,93.31999969482422,93.98999786376953,54368,0.0,0.0,0.0,AAXJ,15m
2026-03-31 11:15:00-04:00,93.99500274658203,94.02999877929688,93.6500015258789,93.66500091552734,121652,0.0,0.0,0.0,AAXJ,15m
2026-03-31 11:30:00-04:00,93.66000366210938,93.7300033569336,93.55000305175781,93.56500244140625,257838,0.0,0.0,0.0,AAXJ,15m
2026-03-31 11:45:00-04:00,93.54499816894531,93.69000244140625,93.33000183105469,93.3550033569336,75860,0.0,0.0,0.0,AAXJ,15m
2026-03-31 12:00:00-04:00,93.3499984741211,93.72000122070312,93.22000122070312,93.58000183105469,150422,0.0,0.0,0.0,AAXJ,15m
2026-03-31 12:15:00-04:00,93.6050033569336,93.69999694824219,93.5199966430664,93.61000061035156,13650,0.0,0.0,0.0,AAXJ,15m
2026-03-31 12:30:00-04:00,93.56999969482422,95.19000244140625,93.56500244140625,94.94999694824219,193641,0.0,0.0,0.0,AAXJ,15m
2026-03-31 12:45:00-04:00,94.91000366210938,95.12000274658203,94.55000305175781,94.83999633789062,264970,0.0,0.0,0.0,AAXJ,15m
2026-03-31 13:00:00-04:00,94.87000274658203,95.2300033569336,94.8499984741211,95.12999725341797,62222,0.0,0.0,0.0,AAXJ,15m
2026-03-31 13:15:00-04:00,95.18000030517578,95.30999755859375,95.1050033569336,95.16999816894531,32139,0.0,0.0,0.0,AAXJ,15m
2026-03-31 13:30:00-04:00,95.16999816894531,95.4800033569336,95.05000305175781,95.1500015258789,76652,0.0,0.0,0.0,AAXJ,15m
2026-03-31 13:45:00-04:00,95.18000030517578,95.33899688720703,95.04000091552734,95.08999633789062,24673,0.0,0.0,0.0,AAXJ,15m
2026-03-31 14:00:00-04:00,95.08000183105469,95.36000061035156,95.08000183105469,95.36000061035156,22878,0.0,0.0,0.0,AAXJ,15m
2026-03-31 14:15:00-04:00,95.33999633789062,95.44999694824219,95.13999938964844,95.25,33015,0.0,0.0,0.0,AAXJ,15m
2026-03-31 14:30:00-04:00,95.20999908447266,95.38939666748047,95.11000061035156,95.26000213623047,16746,0.0,0.0,0.0,AAXJ,15m
2026-03-31 14:45:00-04:00,95.33999633789062,95.37999725341797,95.2300033569336,95.37999725341797,9662,0.0,0.0,0.0,AAXJ,15m
2026-03-31 15:00:00-04:00,95.3499984741211,95.44000244140625,95.22000122070312,95.41999816894531,20751,0.0,0.0,0.0,AAXJ,15m
2026-03-31 15:15:00-04:00,95.47000122070312,95.58000183105469,95.44999694824219,95.52999877929688,50711,0.0,0.0,0.0,AAXJ,15m
2026-03-31 15:30:00-04:00,95.56999969482422,95.9000015258789,95.55999755859375,95.9000015258789,75966,0.0,0.0,0.0,AAXJ,15m
2026-03-31 15:45:00-04:00,95.86000061035156,96.36000061035156,95.8550033569336,96.30000305175781,395682,0.0,0.0,0.0,AAXJ,15m
2026-04-01 09:30:00-04:00,96.95999908447266,97.51000213623047,96.84500122070312,97.08000183105469,155419,0.0,0.0,0.0,AAXJ,15m
2026-04-01 09:45:00-04:00,97.16999816894531,97.20999908447266,96.94000244140625,97.06759643554688,123932,0.0,0.0,0.0,AAXJ,15m
2026-04-01 10:00:00-04:00,97.06999969482422,97.25,96.94000244140625,97.25,73228,0.0,0.0,0.0,AAXJ,15m
2026-04-01 10:15:00-04:00,97.29000091552734,97.53500366210938,97.20999908447266,97.52999877929688,110929,0.0,0.0,0.0,AAXJ,15m
2026-04-01 10:30:00-04:00,97.5199966430664,97.6500015258789,97.16000366210938,97.5199966430664,111578,0.0,0.0,0.0,AAXJ,15m
2026-04-01 10:45:00-04:00,97.53500366210938,97.72000122070312,97.37999725341797,97.72000122070312,29837,0.0,0.0,0.0,AAXJ,15m
2026-04-01 11:00:00-04:00,97.7300033569336,97.87000274658203,97.7300033569336,97.80999755859375,24684,0.0,0.0,0.0,AAXJ,15m
2026-04-01 11:15:00-04:00,97.87999725341797,97.95999908447266,97.69999694824219,97.69999694824219,10239,0.0,0.0,0.0,AAXJ,15m
2026-04-01 11:30:00-04:00,97.66000366210938,97.87000274658203,97.58999633789062,97.83000183105469,10179,0.0,0.0,0.0,AAXJ,15m
2026-04-01 11:45:00-04:00,97.81999969482422,98.03500366210938,97.81500244140625,97.95999908447266,5752,0.0,0.0,0.0,AAXJ,15m
2026-04-01 12:00:00-04:00,97.94999694824219,97.94999694824219,97.79000091552734,97.80999755859375,21241,0.0,0.0,0.0,AAXJ,15m
2026-04-01 12:15:00-04:00,97.77999877929688,97.87000274658203,97.62999725341797,97.62999725341797,12204,0.0,0.0,0.0,AAXJ,15m
2026-04-01 12:30:00-04:00,97.66999816894531,97.80999755859375,97.62000274658203,97.80999755859375,6864,0.0,0.0,0.0,AAXJ,15m
2026-04-01 12:45:00-04:00,97.83999633789062,97.91999816894531,97.83999633789062,97.91000366210938,3904,0.0,0.0,0.0,AAXJ,15m
2026-04-01 13:00:00-04:00,97.97000122070312,98.08999633789062,97.97000122070312,98.0,4964,0.0,0.0,0.0,AAXJ,15m
2026-04-01 13:15:00-04:00,97.97000122070312,97.98999786376953,97.86000061035156,97.87000274658203,5125,0.0,0.0,0.0,AAXJ,15m
2026-04-01 13:30:00-04:00,97.87999725341797,97.87999725341797,97.68000030517578,97.68000030517578,4630,0.0,0.0,0.0,AAXJ,15m
2026-04-01 13:45:00-04:00,97.66000366210938,97.6729965209961,97.5,97.5,3549,0.0,0.0,0.0,AAXJ,15m
2026-04-01 14:00:00-04:00,97.42500305175781,97.43000030517578,97.26000213623047,97.2699966430664,6611,0.0,0.0,0.0,AAXJ,15m
2026-04-01 14:15:00-04:00,97.23999786376953,97.23999786376953,96.91999816894531,96.91999816894531,16946,0.0,0.0,0.0,AAXJ,15m
2026-04-01 14:30:00-04:00,96.91999816894531,97.08999633789062,96.76000213623047,97.02999877929688,19059,0.0,0.0,0.0,AAXJ,15m
2026-04-01 14:45:00-04:00,97.0199966430664,97.0199966430664,96.87989807128906,96.87999725341797,18836,0.0,0.0,0.0,AAXJ,15m
2026-04-01 15:00:00-04:00,96.88999938964844,97.12999725341797,96.88999938964844,97.0999984741211,7900,0.0,0.0,0.0,AAXJ,15m
2026-04-01 15:15:00-04:00,97.12000274658203,97.30999755859375,97.12000274658203,97.30000305175781,6850,0.0,0.0,0.0,AAXJ,15m
2026-04-01 15:30:00-04:00,97.33999633789062,97.45999908447266,97.25,97.41999816894531,8601,0.0,0.0,0.0,AAXJ,15m
2026-04-01 15:45:00-04:00,97.41000366210938,97.44999694824219,97.05999755859375,97.11000061035156,66621,0.0,0.0,0.0,AAXJ,15m
2026-04-02 09:30:00-04:00,94.45999908447266,94.48999786376953,93.93000030517578,94.2699966430664,117116,0.0,0.0,0.0,AAXJ,15m
2026-04-02 09:45:00-04:00,94.3499984741211,94.91000366210938,94.30000305175781,94.91000366210938,36320,0.0,0.0,0.0,AAXJ,15m
2026-04-02 10:00:00-04:00,94.98999786376953,95.25,94.89720153808594,95.08000183105469,22933,0.0,0.0,0.0,AAXJ,15m
2026-04-02 10:15:00-04:00,95.08999633789062,95.33999633789062,95.01000213623047,95.12000274658203,133034,0.0,0.0,0.0,AAXJ,15m
2026-04-02 10:30:00-04:00,95.12000274658203,96.75,95.11499786376953,96.38999938964844,94463,0.0,0.0,0.0,AAXJ,15m
2026-04-02 10:45:00-04:00,96.3499984741211,96.37000274658203,95.81500244140625,96.13999938964844,35705,0.0,0.0,0.0,AAXJ,15m
2026-04-02 11:00:00-04:00,96.08999633789062,96.12999725341797,95.86000061035156,95.98999786376953,49066,0.0,0.0,0.0,AAXJ,15m
2026-04-02 11:15:00-04:00,96.0199966430664,96.07499694824219,95.62999725341797,95.79000091552734,37263,0.0,0.0,0.0,AAXJ,15m
2026-04-02 11:30:00-04:00,95.77999877929688,95.94000244140625,95.66000366210938,95.8499984741211,22599,0.0,0.0,0.0,AAXJ,15m
2026-04-02 11:45:00-04:00,95.68000030517578,95.69999694824219,95.37000274658203,95.61000061035156,11182,0.0,0.0,0.0,AAXJ,15m
2026-04-02 12:00:00-04:00,95.58499908447266,95.73999786376953,95.44000244140625,95.63999938964844,211650,0.0,0.0,0.0,AAXJ,15m
2026-04-02 12:15:00-04:00,95.6500015258789,95.71499633789062,95.47000122070312,95.58000183105469,446033,0.0,0.0,0.0,AAXJ,15m
2026-04-02 12:30:00-04:00,95.58000183105469,95.83499908447266,95.48999786376953,95.80000305175781,81734,0.0,0.0,0.0,AAXJ,15m
2026-04-02 12:45:00-04:00,95.83499908447266,95.83499908447266,95.7300033569336,95.74500274658203,17250,0.0,0.0,0.0,AAXJ,15m
2026-04-02 13:00:00-04:00,95.625,95.9000015258789,95.58000183105469,95.87999725341797,29681,0.0,0.0,0.0,AAXJ,15m
2026-04-02 13:15:00-04:00,95.88500213623047,96.05500030517578,95.88500213623047,96.01000213623047,10568,0.0,0.0,0.0,AAXJ,15m
2026-04-02 13:30:00-04:00,95.98999786376953,95.98999786376953,95.87000274658203,95.87999725341797,12405,0.0,0.0,0.0,AAXJ,15m
2026-04-02 13:45:00-04:00,95.80999755859375,95.80999755859375,95.66000366210938,95.79000091552734,14704,0.0,0.0,0.0,AAXJ,15m
2026-04-02 14:00:00-04:00,95.80999755859375,95.96499633789062,95.80999755859375,95.90499877929688,16246,0.0,0.0,0.0,AAXJ,15m
2026-04-02 14:15:00-04:00,95.86000061035156,95.91999816894531,95.80000305175781,95.81999969482422,11711,0.0,0.0,0.0,AAXJ,15m
2026-04-02 14:30:00-04:00,95.83000183105469,95.97000122070312,95.79499816894531,95.88999938964844,11320,0.0,0.0,0.0,AAXJ,15m
2026-04-02 14:45:00-04:00,95.91999816894531,96.06500244140625,95.9000015258789,96.02999877929688,14310,0.0,0.0,0.0,AAXJ,15m
2026-04-02 15:00:00-04:00,96.01000213623047,96.06999969482422,95.9800033569336,96.0,14309,0.0,0.0,0.0,AAXJ,15m
2026-04-02 15:15:00-04:00,95.98999786376953,96.08999633789062,95.93499755859375,95.97000122070312,10338,0.0,0.0,0.0,AAXJ,15m
2026-04-02 15:30:00-04:00,95.95999908447266,95.97000122070312,95.85820007324219,95.85820007324219,14244,0.0,0.0,0.0,AAXJ,15m
2026-04-02 15:45:00-04:00,95.81999969482422,96.08499908447266,95.81999969482422,96.08499908447266,24411,0.0,0.0,0.0,AAXJ,15m
2026-04-06 09:30:00-04:00,96.80999755859375,97.41999816894531,96.80999755859375,97.30999755859375,12253,0.0,0.0,0.0,AAXJ,15m
2026-04-06 09:45:00-04:00,97.37000274658203,97.51000213623047,97.22000122070312,97.25,27572,0.0,0.0,0.0,AAXJ,15m
2026-04-06 10:00:00-04:00,97.43000030517578,97.43000030517578,96.87999725341797,97.05999755859375,53654,0.0,0.0,0.0,AAXJ,15m
2026-04-06 10:15:00-04:00,97.05999755859375,97.31999969482422,97.05000305175781,97.27999877929688,37737,0.0,0.0,0.0,AAXJ,15m
2026-04-06 10:30:00-04:00,97.29000091552734,97.44999694824219,96.94000244140625,97.22000122070312,105756,0.0,0.0,0.0,AAXJ,15m
2026-04-06 10:45:00-04:00,97.13999938964844,97.19000244140625,96.95999908447266,97.06500244140625,22493,0.0,0.0,0.0,AAXJ,15m
2026-04-06 11:00:00-04:00,97.01000213623047,97.06999969482422,96.8499984741211,96.88999938964844,12738,0.0,0.0,0.0,AAXJ,15m
2026-04-06 11:15:00-04:00,96.87000274658203,97.01000213623047,96.87000274658203,96.91000366210938,15042,0.0,0.0,0.0,AAXJ,15m
2026-04-06 11:30:00-04:00,96.88999938964844,96.94999694824219,96.79000091552734,96.94999694824219,10061,0.0,0.0,0.0,AAXJ,15m
2026-04-06 11:45:00-04:00,97.01000213623047,97.13999938964844,97.01000213623047,97.0199966430664,6386,0.0,0.0,0.0,AAXJ,15m
2026-04-06 12:00:00-04:00,97.05999755859375,97.06999969482422,96.95999908447266,97.0199966430664,8857,0.0,0.0,0.0,AAXJ,15m
2026-04-06 12:15:00-04:00,97.04000091552734,97.05000305175781,96.93000030517578,96.9800033569336,23635,0.0,0.0,0.0,AAXJ,15m
2026-04-06 12:30:00-04:00,96.94000244140625,97.08000183105469,96.93000030517578,97.04499816894531,10217,0.0,0.0,0.0,AAXJ,15m
2026-04-06 12:45:00-04:00,97.0199966430664,97.0199966430664,96.81999969482422,96.83999633789062,24249,0.0,0.0,0.0,AAXJ,15m
2026-04-06 13:00:00-04:00,96.83000183105469,96.83499908447266,96.44999694824219,96.44999694824219,20988,0.0,0.0,0.0,AAXJ,15m
2026-04-06 13:15:00-04:00,96.48999786376953,96.81999969482422,96.48999786376953,96.81999969482422,19932,0.0,0.0,0.0,AAXJ,15m
2026-04-06 13:30:00-04:00,96.88999938964844,97.06999969482422,96.79000091552734,96.80999755859375,31569,0.0,0.0,0.0,AAXJ,15m
2026-04-06 13:45:00-04:00,96.80999755859375,96.80999755859375,96.7300033569336,96.7300033569336,23106,0.0,0.0,0.0,AAXJ,15m
2026-04-06 14:00:00-04:00,96.73999786376953,97.05999755859375,96.70999908447266,96.98999786376953,31820,0.0,0.0,0.0,AAXJ,15m
2026-04-06 14:15:00-04:00,97.03500366210938,97.16999816894531,97.03500366210938,97.05999755859375,9777,0.0,0.0,0.0,AAXJ,15m
2026-04-06 14:30:00-04:00,97.12000274658203,97.12000274658203,96.93000030517578,96.97000122070312,9526,0.0,0.0,0.0,AAXJ,15m
2026-04-06 14:45:00-04:00,96.94999694824219,97.02999877929688,96.94999694824219,97.0199966430664,8280,0.0,0.0,0.0,AAXJ,15m
2026-04-06 15:00:00-04:00,97.02999877929688,97.03500366210938,96.93499755859375,96.93499755859375,8136,0.0,0.0,0.0,AAXJ,15m
2026-04-06 15:15:00-04:00,96.94999694824219,96.95999908447266,96.91500091552734,96.92500305175781,7401,0.0,0.0,0.0,AAXJ,15m
2026-04-06 15:30:00-04:00,96.91999816894531,97.0,96.91999816894531,96.9800033569336,12314,0.0,0.0,0.0,AAXJ,15m
2026-04-06 15:45:00-04:00,97.01000213623047,97.11000061035156,96.96499633789062,97.06999969482422,23635,0.0,0.0,0.0,AAXJ,15m
2026-04-07 09:30:00-04:00,96.94999694824219,97.23999786376953,96.83000183105469,96.86000061035156,42441,0.0,0.0,0.0,AAXJ,15m
2026-04-07 09:45:00-04:00,96.86000061035156,96.86000061035156,96.42500305175781,96.42500305175781,14440,0.0,0.0,0.0,AAXJ,15m
2026-04-07 10:00:00-04:00,96.38999938964844,96.38999938964844,95.98999786376953,96.12999725341797,57173,0.0,0.0,0.0,AAXJ,15m
2026-04-07 10:15:00-04:00,96.1500015258789,96.53500366210938,96.12999725341797,96.5,6407,0.0,0.0,0.0,AAXJ,15m
2026-04-07 10:30:00-04:00,96.57499694824219,96.70999908447266,96.44999694824219,96.56500244140625,9403,0.0,0.0,0.0,AAXJ,15m
2026-04-07 10:45:00-04:00,96.56999969482422,96.7300033569336,96.30999755859375,96.30999755859375,10618,0.0,0.0,0.0,AAXJ,15m
2026-04-07 11:00:00-04:00,96.01000213623047,96.0250015258789,95.79000091552734,95.94000244140625,12538,0.0,0.0,0.0,AAXJ,15m
2026-04-07 11:15:00-04:00,96.01000213623047,96.38999938964844,96.01000213623047,96.26000213623047,37933,0.0,0.0,0.0,AAXJ,15m
2026-04-07 11:30:00-04:00,96.23500061035156,96.31999969482422,96.11000061035156,96.19999694824219,8504,0.0,0.0,0.0,AAXJ,15m
2026-04-07 11:45:00-04:00,96.19000244140625,96.4000015258789,96.19000244140625,96.30500030517578,4352,0.0,0.0,0.0,AAXJ,15m
2026-04-07 12:00:00-04:00,96.4000015258789,96.75,96.4000015258789,96.47000122070312,28029,0.0,0.0,0.0,AAXJ,15m
2026-04-07 12:15:00-04:00,96.5,96.63500213623047,96.41999816894531,96.58599853515625,49217,0.0,0.0,0.0,AAXJ,15m
2026-04-07 12:30:00-04:00,96.55999755859375,96.61000061035156,96.4800033569336,96.55999755859375,23145,0.0,0.0,0.0,AAXJ,15m
2026-04-07 12:45:00-04:00,96.58000183105469,96.66999816894531,96.52999877929688,96.52999877929688,12119,0.0,0.0,0.0,AAXJ,15m
2026-04-07 13:00:00-04:00,96.56999969482422,96.6500015258789,96.51000213623047,96.57499694824219,24486,0.0,0.0,0.0,AAXJ,15m
2026-04-07 13:15:00-04:00,96.41999816894531,96.41999816894531,96.41500091552734,96.41500091552734,1392,0.0,0.0,0.0,AAXJ,15m
2026-04-07 13:30:00-04:00,96.62000274658203,96.93000030517578,96.56999969482422,96.87000274658203,10992,0.0,0.0,0.0,AAXJ,15m
2026-04-07 13:45:00-04:00,96.81999969482422,96.91000366210938,96.76000213623047,96.79000091552734,9932,0.0,0.0,0.0,AAXJ,15m
2026-04-07 14:00:00-04:00,96.86000061035156,96.86000061035156,96.7699966430664,96.7699966430664,3558,0.0,0.0,0.0,AAXJ,15m
2026-04-07 14:15:00-04:00,96.77999877929688,96.83999633789062,96.72000122070312,96.73999786376953,8955,0.0,0.0,0.0,AAXJ,15m
2026-04-07 14:30:00-04:00,96.78500366210938,96.78500366210938,96.5999984741211,96.5999984741211,10894,0.0,0.0,0.0,AAXJ,15m
2026-04-07 14:45:00-04:00,96.5999984741211,96.61000061035156,96.28500366210938,96.33999633789062,21312,0.0,0.0,0.0,AAXJ,15m
2026-04-07 15:00:00-04:00,96.37999725341797,96.45999908447266,96.2699966430664,96.45500183105469,32984,0.0,0.0,0.0,AAXJ,15m
2026-04-07 15:15:00-04:00,96.48999786376953,97.12000274658203,96.4800033569336,96.94000244140625,36658,0.0,0.0,0.0,AAXJ,15m
2026-04-07 15:30:00-04:00,96.91000366210938,97.02999877929688,96.86000061035156,96.91999816894531,32316,0.0,0.0,0.0,AAXJ,15m
2026-04-07 15:45:00-04:00,96.91999816894531,97.55999755859375,96.88999938964844,97.54000091552734,53780,0.0,0.0,0.0,AAXJ,15m
2026-04-08 09:30:00-04:00,103.4000015258789,103.48999786376953,102.81999969482422,102.81999969482422,59528,0.0,0.0,0.0,AAXJ,15m
2026-04-08 09:45:00-04:00,103.04000091552734,103.29000091552734,102.83000183105469,103.02999877929688,36613,0.0,0.0,0.0,AAXJ,15m
2026-04-08 10:00:00-04:00,103.02529907226562,103.12000274658203,102.79000091552734,103.02999877929688,39819,0.0,0.0,0.0,AAXJ,15m
2026-04-08 10:15:00-04:00,103.02999877929688,103.06999969482422,102.70999908447266,102.7300033569336,25066,0.0,0.0,0.0,AAXJ,15m
2026-04-08 10:30:00-04:00,102.69999694824219,102.69999694824219,102.41000366210938,102.45999908447266,60102,0.0,0.0,0.0,AAXJ,15m
2026-04-08 10:45:00-04:00,102.37999725341797,102.45999908447266,101.91999816894531,102.22000122070312,30150,0.0,0.0,0.0,AAXJ,15m
2026-04-08 11:00:00-04:00,102.23999786376953,102.38999938964844,102.13999938964844,102.27999877929688,20778,0.0,0.0,0.0,AAXJ,15m
2026-04-08 11:15:00-04:00,102.37000274658203,102.55000305175781,102.33000183105469,102.44999694824219,22346,0.0,0.0,0.0,AAXJ,15m
2026-04-08 11:30:00-04:00,102.41999816894531,102.62000274658203,102.38999938964844,102.55999755859375,7300,0.0,0.0,0.0,AAXJ,15m
2026-04-08 11:45:00-04:00,102.66000366210938,102.72000122070312,102.66000366210938,102.69999694824219,4439,0.0,0.0,0.0,AAXJ,15m
2026-04-08 12:00:00-04:00,102.68000030517578,102.80999755859375,102.68000030517578,102.72000122070312,8354,0.0,0.0,0.0,AAXJ,15m
2026-04-08 12:15:00-04:00,102.63999938964844,102.69499969482422,102.56999969482422,102.68000030517578,3464,0.0,0.0,0.0,AAXJ,15m
2026-04-08 12:30:00-04:00,102.6500015258789,102.9000015258789,102.6500015258789,102.80999755859375,38454,0.0,0.0,0.0,AAXJ,15m
2026-04-08 12:45:00-04:00,102.81999969482422,102.97000122070312,102.78009796142578,102.88999938964844,40511,0.0,0.0,0.0,AAXJ,15m
2026-04-08 13:00:00-04:00,102.9000015258789,102.95999908447266,102.7699966430664,102.8499984741211,45708,0.0,0.0,0.0,AAXJ,15m
2026-04-08 13:15:00-04:00,102.86000061035156,102.86000061035156,102.48500061035156,102.5999984741211,55983,0.0,0.0,0.0,AAXJ,15m
2026-04-08 13:30:00-04:00,102.5999984741211,102.66000366210938,102.45500183105469,102.66000366210938,46834,0.0,0.0,0.0,AAXJ,15m
2026-04-08 13:45:00-04:00,102.625,102.70999908447266,102.58999633789062,102.62000274658203,34887,0.0,0.0,0.0,AAXJ,15m
2026-04-08 14:00:00-04:00,102.62000274658203,102.83000183105469,102.58999633789062,102.77999877929688,35876,0.0,0.0,0.0,AAXJ,15m
2026-04-08 14:15:00-04:00,102.83999633789062,102.87000274658203,102.33000183105469,102.33999633789062,87676,0.0,0.0,0.0,AAXJ,15m
2026-04-08 14:30:00-04:00,102.41999816894531,102.44999694824219,102.16000366210938,102.17500305175781,42484,0.0,0.0,0.0,AAXJ,15m
2026-04-08 14:45:00-04:00,102.18000030517578,102.2750015258789,101.96499633789062,101.97000122070312,48790,0.0,0.0,0.0,AAXJ,15m
2026-04-08 15:00:00-04:00,101.93000030517578,102.23999786376953,101.93000030517578,102.23999786376953,47387,0.0,0.0,0.0,AAXJ,15m
2026-04-08 15:15:00-04:00,102.23999786376953,102.28500366210938,102.0999984741211,102.12999725341797,50107,0.0,0.0,0.0,AAXJ,15m
2026-04-08 15:30:00-04:00,102.16999816894531,102.5,102.16999816894531,102.5,301698,0.0,0.0,0.0,AAXJ,15m
2026-04-08 15:45:00-04:00,102.5199966430664,102.80999755859375,102.44000244140625,102.70999908447266,52494,0.0,0.0,0.0,AAXJ,15m
2026-04-09 09:30:00-04:00,101.44000244140625,101.93000030517578,101.44000244140625,101.9000015258789,50880,0.0,0.0,0.0,AAXJ,15m
2026-04-09 09:45:00-04:00,101.82499694824219,101.83999633789062,101.41000366210938,101.43499755859375,39853,0.0,0.0,0.0,AAXJ,15m
2026-04-09 10:00:00-04:00,101.45999908447266,101.56999969482422,101.4000015258789,101.44000244140625,55189,0.0,0.0,0.0,AAXJ,15m
2026-04-09 10:15:00-04:00,101.36000061035156,101.36000061035156,101.0199966430664,101.02999877929688,43460,0.0,0.0,0.0,AAXJ,15m
2026-04-09 10:30:00-04:00,101.06999969482422,101.125,100.94000244140625,101.06500244140625,45075,0.0,0.0,0.0,AAXJ,15m
2026-04-09 10:45:00-04:00,101.06999969482422,101.37000274658203,101.05999755859375,101.26499938964844,110841,0.0,0.0,0.0,AAXJ,15m
2026-04-09 11:00:00-04:00,101.26499938964844,101.30999755859375,101.08000183105469,101.30999755859375,61498,0.0,0.0,0.0,AAXJ,15m
2026-04-09 11:15:00-04:00,101.31999969482422,101.61000061035156,101.31999969482422,101.54499816894531,55342,0.0,0.0,0.0,AAXJ,15m
2026-04-09 11:30:00-04:00,101.54000091552734,102.0999984741211,101.5250015258789,102.04499816894531,89842,0.0,0.0,0.0,AAXJ,15m
2026-04-09 11:45:00-04:00,102.01000213623047,102.30999755859375,101.93000030517578,102.30999755859375,46234,0.0,0.0,0.0,AAXJ,15m
2026-04-09 12:00:00-04:00,102.26000213623047,102.55000305175781,102.25,102.41000366210938,56587,0.0,0.0,0.0,AAXJ,15m
2026-04-09 12:15:00-04:00,102.3949966430664,102.58999633789062,102.3949966430664,102.45999908447266,37165,0.0,0.0,0.0,AAXJ,15m
2026-04-09 12:30:00-04:00,102.45999908447266,102.47000122070312,102.23999786376953,102.28500366210938,31041,0.0,0.0,0.0,AAXJ,15m
2026-04-09 12:45:00-04:00,102.20999908447266,102.34500122070312,102.13500213623047,102.26000213623047,2061,0.0,0.0,0.0,AAXJ,15m
2026-04-09 13:00:00-04:00,102.29000091552734,102.44000244140625,102.23999786376953,102.44000244140625,9096,0.0,0.0,0.0,AAXJ,15m
2026-04-09 13:15:00-04:00,102.41000366210938,102.52999877929688,102.41000366210938,102.44000244140625,4895,0.0,0.0,0.0,AAXJ,15m
2026-04-09 13:30:00-04:00,102.37999725341797,102.68000030517578,102.33999633789062,102.55000305175781,3917,0.0,0.0,0.0,AAXJ,15m
2026-04-09 13:45:00-04:00,102.55000305175781,102.56999969482422,102.4800033569336,102.48999786376953,2702,0.0,0.0,0.0,AAXJ,15m
2026-04-09 14:00:00-04:00,102.4800033569336,102.4800033569336,102.13500213623047,102.13500213623047,13377,0.0,0.0,0.0,AAXJ,15m
2026-04-09 14:15:00-04:00,102.16999816894531,102.23999786376953,102.0999984741211,102.12999725341797,3587,0.0,0.0,0.0,AAXJ,15m
2026-04-09 14:30:00-04:00,102.18589782714844,102.21499633789062,102.06999969482422,102.13999938964844,2302,0.0,0.0,0.0,AAXJ,15m
2026-04-09 14:45:00-04:00,102.16000366210938,102.25,102.13999938964844,102.21499633789062,79764,0.0,0.0,0.0,AAXJ,15m
2026-04-09 15:00:00-04:00,102.20999908447266,102.41000366210938,102.20999908447266,102.37000274658203,50789,0.0,0.0,0.0,AAXJ,15m
2026-04-09 15:15:00-04:00,102.375,102.40499877929688,102.30999755859375,102.33999633789062,40579,0.0,0.0,0.0,AAXJ,15m
2026-04-09 15:30:00-04:00,102.33000183105469,102.41000366210938,102.33000183105469,102.38999938964844,10779,0.0,0.0,0.0,AAXJ,15m
2026-04-09 15:45:00-04:00,102.37999725341797,102.47000122070312,102.31999969482422,102.41000366210938,40807,0.0,0.0,0.0,AAXJ,15m
2026-04-10 09:30:00-04:00,103.0999984741211,103.0999984741211,102.6500015258789,102.6500015258789,51062,0.0,0.0,0.0,AAXJ,15m
2026-04-10 09:45:00-04:00,102.87999725341797,103.01000213623047,102.83889770507812,103.01000213623047,9793,0.0,0.0,0.0,AAXJ,15m
2026-04-10 10:00:00-04:00,102.97000122070312,103.19999694824219,102.97000122070312,103.19999694824219,3598,0.0,0.0,0.0,AAXJ,15m
2026-04-10 10:15:00-04:00,103.25499725341797,103.29759979248047,103.18299865722656,103.18299865722656,1195,0.0,0.0,0.0,AAXJ,15m
2026-04-10 10:30:00-04:00,103.1500015258789,103.26000213623047,102.88999938964844,102.9000015258789,17229,0.0,0.0,0.0,AAXJ,15m
2026-04-10 10:45:00-04:00,102.90499877929688,102.90499877929688,102.75,102.83999633789062,7835,0.0,0.0,0.0,AAXJ,15m
2026-04-10 11:00:00-04:00,102.81500244140625,102.92500305175781,102.80000305175781,102.92500305175781,5967,0.0,0.0,0.0,AAXJ,15m
2026-04-10 11:15:00-04:00,102.95999908447266,103.12999725341797,102.81999969482422,102.81999969482422,9906,0.0,0.0,0.0,AAXJ,15m
2026-04-10 11:30:00-04:00,102.86000061035156,102.91000366210938,102.63999938964844,102.69000244140625,12310,0.0,0.0,0.0,AAXJ,15m
2026-04-10 11:45:00-04:00,102.68000030517578,102.69000244140625,102.44000244140625,102.51000213623047,13324,0.0,0.0,0.0,AAXJ,15m
2026-04-10 12:00:00-04:00,102.48999786376953,102.69000244140625,102.44999694824219,102.6500015258789,12337,0.0,0.0,0.0,AAXJ,15m
2026-04-10 12:15:00-04:00,102.65989685058594,102.69999694824219,102.56999969482422,102.62999725341797,10400,0.0,0.0,0.0,AAXJ,15m
2026-04-10 12:30:00-04:00,102.57499694824219,102.5999984741211,102.41000366210938,102.43000030517578,6151,0.0,0.0,0.0,AAXJ,15m
2026-04-10 12:45:00-04:00,102.45999908447266,102.62000274658203,102.45999908447266,102.62000274658203,4386,0.0,0.0,0.0,AAXJ,15m
2026-04-10 13:00:00-04:00,102.58999633789062,102.58999633789062,102.5,102.5,4784,0.0,0.0,0.0,AAXJ,15m
2026-04-10 13:15:00-04:00,102.54959869384766,102.54959869384766,102.43000030517578,102.45999908447266,7998,0.0,0.0,0.0,AAXJ,15m
2026-04-10 13:30:00-04:00,102.44999694824219,102.5999984741211,102.44999694824219,102.5999984741211,6035,0.0,0.0,0.0,AAXJ,15m
2026-04-10 13:45:00-04:00,102.58499908447266,102.5999984741211,102.56220245361328,102.5999984741211,6552,0.0,0.0,0.0,AAXJ,15m
2026-04-10 14:00:00-04:00,102.61000061035156,102.61000061035156,102.41999816894531,102.5199966430664,23723,0.0,0.0,0.0,AAXJ,15m
2026-04-10 14:15:00-04:00,102.54499816894531,102.66999816894531,102.54499816894531,102.66999816894531,5244,0.0,0.0,0.0,AAXJ,15m
2026-04-10 14:30:00-04:00,102.75,102.75,102.75,102.75,1258,0.0,0.0,0.0,AAXJ,15m
2026-04-10 14:45:00-04:00,102.63999938964844,102.69000244140625,102.63999938964844,102.66000366210938,2712,0.0,0.0,0.0,AAXJ,15m
2026-04-10 15:00:00-04:00,102.68000030517578,102.68000030517578,102.66000366210938,102.66000366210938,2317,0.0,0.0,0.0,AAXJ,15m
2026-04-10 15:15:00-04:00,102.68000030517578,102.69999694824219,102.66500091552734,102.66999816894531,10361,0.0,0.0,0.0,AAXJ,15m
2026-04-10 15:30:00-04:00,102.5999984741211,102.62000274658203,102.54000091552734,102.54000091552734,6896,0.0,0.0,0.0,AAXJ,15m
2026-04-10 15:45:00-04:00,102.5999984741211,102.70999908447266,102.58000183105469,102.69000244140625,16454,0.0,0.0,0.0,AAXJ,15m
2026-04-13 09:30:00-04:00,101.62000274658203,101.80999755859375,101.62000274658203,101.69000244140625,30228,0.0,0.0,0.0,AAXJ,15m
2026-04-13 09:45:00-04:00,101.69499969482422,102.16999816894531,101.58999633789062,101.9800033569336,35185,0.0,0.0,0.0,AAXJ,15m
2026-04-13 10:00:00-04:00,102.20999908447266,102.20999908447266,101.9800033569336,102.125,47921,0.0,0.0,0.0,AAXJ,15m
2026-04-13 10:15:00-04:00,102.12000274658203,102.16000366210938,101.8499984741211,102.04000091552734,74157,0.0,0.0,0.0,AAXJ,15m
2026-04-13 10:30:00-04:00,102.0999984741211,102.30000305175781,102.0999984741211,102.30000305175781,4510,0.0,0.0,0.0,AAXJ,15m
2026-04-13 10:45:00-04:00,102.2699966430664,102.37000274658203,102.11000061035156,102.37000274658203,13889,0.0,0.0,0.0,AAXJ,15m
2026-04-13 11:00:00-04:00,102.31999969482422,102.31999969482422,102.16999816894531,102.2300033569336,28683,0.0,0.0,0.0,AAXJ,15m
2026-04-13 11:15:00-04:00,102.27999877929688,102.29000091552734,102.12999725341797,102.1449966430664,16268,0.0,0.0,0.0,AAXJ,15m
2026-04-13 11:30:00-04:00,102.1449966430664,102.36000061035156,102.11000061035156,102.23999786376953,17847,0.0,0.0,0.0,AAXJ,15m
2026-04-13 11:45:00-04:00,102.23999786376953,102.23999786376953,102.21499633789062,102.2300033569336,2292,0.0,0.0,0.0,AAXJ,15m
2026-04-13 12:00:00-04:00,102.20999908447266,102.4800033569336,102.11009979248047,102.33999633789062,15947,0.0,0.0,0.0,AAXJ,15m
2026-04-13 12:15:00-04:00,102.31500244140625,102.5,102.31500244140625,102.5,13740,0.0,0.0,0.0,AAXJ,15m
2026-04-13 12:30:00-04:00,102.6500015258789,102.76000213623047,102.58999633789062,102.74250030517578,18427,0.0,0.0,0.0,AAXJ,15m
2026-04-13 12:45:00-04:00,102.69999694824219,102.91999816894531,102.69999694824219,102.83999633789062,7445,0.0,0.0,0.0,AAXJ,15m
2026-04-13 13:00:00-04:00,102.94000244140625,103.01000213623047,102.93000030517578,103.01000213623047,3815,0.0,0.0,0.0,AAXJ,15m
2026-04-13 13:15:00-04:00,103.0199966430664,103.18000030517578,103.0199966430664,103.12000274658203,2667,0.0,0.0,0.0,AAXJ,15m
2026-04-13 13:30:00-04:00,103.12000274658203,103.19999694824219,103.12000274658203,103.19999694824219,5238,0.0,0.0,0.0,AAXJ,15m
2026-04-13 13:45:00-04:00,103.0250015258789,103.05999755859375,103.0250015258789,103.03500366210938,4425,0.0,0.0,0.0,AAXJ,15m
2026-04-13 14:00:00-04:00,103.03510284423828,103.26000213623047,103.03510284423828,103.22000122070312,8770,0.0,0.0,0.0,AAXJ,15m
2026-04-13 14:15:00-04:00,103.19999694824219,103.19999694824219,103.07499694824219,103.08000183105469,13284,0.0,0.0,0.0,AAXJ,15m
2026-04-13 14:30:00-04:00,103.0999984741211,103.25,103.0999984741211,103.25,9996,0.0,0.0,0.0,AAXJ,15m
2026-04-13 14:45:00-04:00,103.2699966430664,103.47000122070312,103.2699966430664,103.44000244140625,11225,0.0,0.0,0.0,AAXJ,15m
2026-04-13 15:00:00-04:00,103.44999694824219,103.4800033569336,103.38999938964844,103.41000366210938,7604,0.0,0.0,0.0,AAXJ,15m
2026-04-13 15:15:00-04:00,103.45999908447266,103.51499938964844,103.45999908447266,103.51499938964844,5414,0.0,0.0,0.0,AAXJ,15m
2026-04-13 15:30:00-04:00,103.48999786376953,103.55000305175781,103.40499877929688,103.41000366210938,11329,0.0,0.0,0.0,AAXJ,15m
2026-04-13 15:45:00-04:00,103.38999938964844,103.5,103.33999633789062,103.44999694824219,47407,0.0,0.0,0.0,AAXJ,15m
2026-04-14 09:30:00-04:00,104.47000122070312,104.6500015258789,104.4000015258789,104.61000061035156,41803,0.0,0.0,0.0,AAXJ,15m
2026-04-14 09:45:00-04:00,104.62000274658203,104.70999908447266,104.52999877929688,104.6500015258789,18462,0.0,0.0,0.0,AAXJ,15m
2026-04-14 10:00:00-04:00,104.68000030517578,104.88999938964844,104.58999633789062,104.86000061035156,30458,0.0,0.0,0.0,AAXJ,15m
2026-04-14 10:15:00-04:00,104.86990356445312,104.95999908447266,104.86000061035156,104.95999908447266,14044,0.0,0.0,0.0,AAXJ,15m
2026-04-14 10:30:00-04:00,104.94999694824219,105.0199966430664,104.91500091552734,105.0199966430664,16677,0.0,0.0,0.0,AAXJ,15m
2026-04-14 10:45:00-04:00,105.01000213623047,105.16000366210938,105.01000213623047,105.08999633789062,22736,0.0,0.0,0.0,AAXJ,15m
2026-04-14 11:00:00-04:00,105.08999633789062,105.08999633789062,104.8499984741211,104.87999725341797,23984,0.0,0.0,0.0,AAXJ,15m
2026-04-14 11:15:00-04:00,104.86000061035156,105.04000091552734,104.86000061035156,105.04000091552734,17169,0.0,0.0,0.0,AAXJ,15m
2026-04-14 11:30:00-04:00,105.04000091552734,105.12999725341797,105.02010345458984,105.06999969482422,14940,0.0,0.0,0.0,AAXJ,15m
2026-04-14 11:45:00-04:00,105.06999969482422,105.08999633789062,105.02999877929688,105.05000305175781,9817,0.0,0.0,0.0,AAXJ,15m
2026-04-14 12:00:00-04:00,105.0199966430664,105.13999938964844,105.01000213623047,105.0905990600586,6571,0.0,0.0,0.0,AAXJ,15m
2026-04-14 12:15:00-04:00,105.0999984741211,105.25,105.0999984741211,105.2300033569336,102307,0.0,0.0,0.0,AAXJ,15m
2026-04-14 12:30:00-04:00,105.22000122070312,105.22000122070312,105.08999633789062,105.13999938964844,5746,0.0,0.0,0.0,AAXJ,15m
2026-04-14 12:45:00-04:00,105.05999755859375,105.0999984741211,105.02999877929688,105.03500366210938,119392,0.0,0.0,0.0,AAXJ,15m
2026-04-14 13:00:00-04:00,105.08000183105469,105.26499938964844,105.06999969482422,105.25,66846,0.0,0.0,0.0,AAXJ,15m
2026-04-14 13:15:00-04:00,105.23999786376953,105.3949966430664,105.23999786376953,105.36000061035156,33751,0.0,0.0,0.0,AAXJ,15m
2026-04-14 13:30:00-04:00,105.33999633789062,105.37999725341797,105.33499908447266,105.36000061035156,4324,0.0,0.0,0.0,AAXJ,15m
2026-04-14 13:45:00-04:00,105.36000061035156,105.36000061035156,105.2699966430664,105.2699966430664,4101,0.0,0.0,0.0,AAXJ,15m
2026-04-14 14:00:00-04:00,105.43000030517578,105.45999908447266,105.43000030517578,105.45999908447266,2838,0.0,0.0,0.0,AAXJ,15m
2026-04-14 14:15:00-04:00,105.38999938964844,105.38999938964844,105.16000366210938,105.2300033569336,4858,0.0,0.0,0.0,AAXJ,15m
2026-04-14 14:30:00-04:00,105.29000091552734,105.37000274658203,105.29000091552734,105.30999755859375,2611,0.0,0.0,0.0,AAXJ,15m
2026-04-14 14:45:00-04:00,105.2699966430664,105.37000274658203,105.2699966430664,105.29000091552734,11335,0.0,0.0,0.0,AAXJ,15m
2026-04-14 15:00:00-04:00,105.3499984741211,105.5,105.3499984741211,105.5,7942,0.0,0.0,0.0,AAXJ,15m
2026-04-14 15:15:00-04:00,105.5,105.58999633789062,105.5,105.55000305175781,5968,0.0,0.0,0.0,AAXJ,15m
2026-04-14 15:30:00-04:00,105.54000091552734,105.58000183105469,105.46499633789062,105.4800033569336,12210,0.0,0.0,0.0,AAXJ,15m
2026-04-14 15:45:00-04:00,105.46499633789062,105.6500015258789,105.44000244140625,105.6500015258789,31437,0.0,0.0,0.0,AAXJ,15m
2026-04-15 09:30:00-04:00,105.31999969482422,105.31999969482422,104.87999725341797,104.88999938964844,54284,0.0,0.0,0.0,AAXJ,15m
2026-04-15 09:45:00-04:00,104.91999816894531,105.19000244140625,104.88999938964844,105.16999816894531,44741,0.0,0.0,0.0,AAXJ,15m
2026-04-15 10:00:00-04:00,105.20999908447266,105.25,105.13999938964844,105.1500015258789,8303,0.0,0.0,0.0,AAXJ,15m
2026-04-15 10:15:00-04:00,105.16999816894531,105.37000274658203,105.12999725341797,105.37000274658203,16549,0.0,0.0,0.0,AAXJ,15m
2026-04-15 10:30:00-04:00,105.33000183105469,105.43000030517578,105.26000213623047,105.42990112304688,24147,0.0,0.0,0.0,AAXJ,15m
2026-04-15 10:45:00-04:00,105.43000030517578,105.5,105.38999938964844,105.47000122070312,13436,0.0,0.0,0.0,AAXJ,15m
2026-04-15 11:00:00-04:00,105.4000015258789,105.56999969482422,105.38500213623047,105.56999969482422,9692,0.0,0.0,0.0,AAXJ,15m
2026-04-15 11:15:00-04:00,105.52999877929688,105.73999786376953,105.5199966430664,105.69000244140625,12241,0.0,0.0,0.0,AAXJ,15m
2026-04-15 11:30:00-04:00,105.62999725341797,105.62999725341797,105.44999694824219,105.58999633789062,14325,0.0,0.0,0.0,AAXJ,15m
2026-04-15 11:45:00-04:00,105.5999984741211,105.5999984741211,105.41000366210938,105.43499755859375,4055,0.0,0.0,0.0,AAXJ,15m
2026-04-15 12:00:00-04:00,105.41000366210938,105.5199966430664,105.41000366210938,105.51000213623047,5528,0.0,0.0,0.0,AAXJ,15m
2026-04-15 12:15:00-04:00,105.56999969482422,105.63999938964844,105.55000305175781,105.55000305175781,2569,0.0,0.0,0.0,AAXJ,15m
2026-04-15 12:30:00-04:00,105.5199966430664,105.5250015258789,105.24500274658203,105.2699966430664,4882,0.0,0.0,0.0,AAXJ,15m
2026-04-15 12:45:00-04:00,105.20999908447266,105.2249984741211,105.08000183105469,105.18499755859375,5679,0.0,0.0,0.0,AAXJ,15m
2026-04-15 13:00:00-04:00,105.22000122070312,105.3489990234375,105.22000122070312,105.30999755859375,7678,0.0,0.0,0.0,AAXJ,15m
2026-04-15 13:15:00-04:00,105.29000091552734,105.31999969482422,105.25,105.27999877929688,4207,0.0,0.0,0.0,AAXJ,15m
2026-04-15 13:30:00-04:00,105.24500274658203,105.30000305175781,105.22000122070312,105.23999786376953,3171,0.0,0.0,0.0,AAXJ,15m
2026-04-15 13:45:00-04:00,105.22000122070312,105.2699966430664,105.18000030517578,105.2699966430664,2778,0.0,0.0,0.0,AAXJ,15m
2026-04-15 14:00:00-04:00,105.19999694824219,105.45999908447266,105.16999816894531,105.4551010131836,13610,0.0,0.0,0.0,AAXJ,15m
2026-04-15 14:15:00-04:00,105.47000122070312,105.4800033569336,105.41000366210938,105.41000366210938,4161,0.0,0.0,0.0,AAXJ,15m
2026-04-15 14:30:00-04:00,105.41999816894531,105.5199966430664,105.41999816894531,105.5199966430664,4395,0.0,0.0,0.0,AAXJ,15m
2026-04-15 14:45:00-04:00,105.58999633789062,105.58999633789062,105.56500244140625,105.56999969482422,2305,0.0,0.0,0.0,AAXJ,15m
2026-04-15 15:00:00-04:00,105.55000305175781,105.5999984741211,105.54000091552734,105.54000091552734,4332,0.0,0.0,0.0,AAXJ,15m
2026-04-15 15:15:00-04:00,105.5199966430664,105.61000061035156,105.5199966430664,105.61000061035156,7511,0.0,0.0,0.0,AAXJ,15m
2026-04-15 15:30:00-04:00,105.61000061035156,105.6500015258789,105.55999755859375,105.61000061035156,4402,0.0,0.0,0.0,AAXJ,15m
2026-04-15 15:45:00-04:00,105.62999725341797,105.66000366210938,105.55999755859375,105.55999755859375,13963,0.0,0.0,0.0,AAXJ,15m
2026-04-16 09:30:00-04:00,105.7699966430664,105.90249633789062,105.73999786376953,105.73999786376953,12399,0.0,0.0,0.0,AAXJ,15m
2026-04-16 09:45:00-04:00,105.79499816894531,105.79499816894531,105.44999694824219,105.52999877929688,6406,0.0,0.0,0.0,AAXJ,15m
2026-04-16 10:00:00-04:00,105.68000030517578,106.12989807128906,105.56500244140625,106.12989807128906,46722,0.0,0.0,0.0,AAXJ,15m
2026-04-16 10:15:00-04:00,106.08000183105469,106.118896484375,105.83999633789062,105.87999725341797,83973,0.0,0.0,0.0,AAXJ,15m
2026-04-16 10:30:00-04:00,105.91000366210938,106.05000305175781,105.87000274658203,106.0199966430664,692142,0.0,0.0,0.0,AAXJ,15m
2026-04-16 10:45:00-04:00,106.02999877929688,106.11000061035156,105.91000366210938,105.9800033569336,55063,0.0,0.0,0.0,AAXJ,15m
2026-04-16 11:00:00-04:00,105.9800033569336,106.45999908447266,105.9800033569336,106.33999633789062,196946,0.0,0.0,0.0,AAXJ,15m
2026-04-16 11:15:00-04:00,106.37999725341797,106.4800033569336,106.23999786376953,106.2699966430664,73918,0.0,0.0,0.0,AAXJ,15m
2026-04-16 11:30:00-04:00,106.30999755859375,106.58999633789062,106.30000305175781,106.37999725341797,96511,0.0,0.0,0.0,AAXJ,15m
2026-04-16 11:45:00-04:00,106.41000366210938,106.56990051269531,106.37999725341797,106.56990051269531,8598,0.0,0.0,0.0,AAXJ,15m
2026-04-16 12:00:00-04:00,106.56999969482422,106.5999984741211,106.5199966430664,106.59500122070312,9523,0.0,0.0,0.0,AAXJ,15m
2026-04-16 12:15:00-04:00,106.625,106.62999725341797,106.45999908447266,106.45999908447266,13161,0.0,0.0,0.0,AAXJ,15m
2026-04-16 12:30:00-04:00,106.36990356445312,106.36990356445312,106.0199966430664,106.23999786376953,18748,0.0,0.0,0.0,AAXJ,15m
2026-04-16 12:45:00-04:00,106.27999877929688,106.30000305175781,106.2300033569336,106.23999786376953,11209,0.0,0.0,0.0,AAXJ,15m
2026-04-16 13:00:00-04:00,106.11000061035156,106.12000274658203,105.9800033569336,105.9800033569336,6728,0.0,0.0,0.0,AAXJ,15m
2026-04-16 13:15:00-04:00,105.9800033569336,106.19999694824219,105.9800033569336,106.13999938964844,12630,0.0,0.0,0.0,AAXJ,15m
2026-04-16 13:30:00-04:00,106.12999725341797,106.19999694824219,106.08999633789062,106.16000366210938,19211,0.0,0.0,0.0,AAXJ,15m
2026-04-16 13:45:00-04:00,106.16000366210938,106.16000366210938,105.95999908447266,106.05000305175781,8927,0.0,0.0,0.0,AAXJ,15m
2026-04-16 14:00:00-04:00,106.05000305175781,106.16999816894531,106.0,106.08999633789062,11564,0.0,0.0,0.0,AAXJ,15m
2026-04-16 14:15:00-04:00,106.08000183105469,106.11000061035156,105.95500183105469,105.97000122070312,6122,0.0,0.0,0.0,AAXJ,15m
2026-04-16 14:30:00-04:00,105.98999786376953,106.12000274658203,105.98999786376953,106.09500122070312,14017,0.0,0.0,0.0,AAXJ,15m
2026-04-16 14:45:00-04:00,106.08999633789062,106.1500015258789,106.06999969482422,106.08000183105469,9142,0.0,0.0,0.0,AAXJ,15m
2026-04-16 15:00:00-04:00,106.19000244140625,106.19000244140625,106.11000061035156,106.12000274658203,22577,0.0,0.0,0.0,AAXJ,15m
2026-04-16 15:15:00-04:00,106.18000030517578,106.2300033569336,106.18000030517578,106.18000030517578,19556,0.0,0.0,0.0,AAXJ,15m
2026-04-16 15:30:00-04:00,106.16999816894531,106.23999786376953,106.14900207519531,106.1500015258789,21967,0.0,0.0,0.0,AAXJ,15m
2026-04-16 15:45:00-04:00,106.12999725341797,106.2300033569336,106.11000061035156,106.20999908447266,10111,0.0,0.0,0.0,AAXJ,15m
2026-04-17 09:30:00-04:00,107.8499984741211,108.30000305175781,107.8499984741211,108.12000274658203,22413,0.0,0.0,0.0,AAXJ,15m
2026-04-17 09:45:00-04:00,108.12000274658203,108.2300033569336,107.75,108.11499786376953,67148,0.0,0.0,0.0,AAXJ,15m
2026-04-17 10:00:00-04:00,108.19000244140625,108.37999725341797,108.19000244140625,108.37999725341797,5646,0.0,0.0,0.0,AAXJ,15m
2026-04-17 10:15:00-04:00,108.45999908447266,108.69999694824219,108.41999816894531,108.62999725341797,16035,0.0,0.0,0.0,AAXJ,15m
2026-04-17 10:30:00-04:00,108.6500015258789,109.20999908447266,108.6500015258789,109.11000061035156,40872,0.0,0.0,0.0,AAXJ,15m
2026-04-17 10:45:00-04:00,109.0999984741211,109.0999984741211,108.79000091552734,108.80000305175781,13429,0.0,0.0,0.0,AAXJ,15m
2026-04-17 11:00:00-04:00,108.77999877929688,108.80999755859375,108.52999877929688,108.66000366210938,24776,0.0,0.0,0.0,AAXJ,15m
2026-04-17 11:15:00-04:00,108.69999694824219,108.73999786376953,108.44000244140625,108.4800033569336,5930,0.0,0.0,0.0,AAXJ,15m
2026-04-17 11:30:00-04:00,108.5,108.66000366210938,108.41999816894531,108.44999694824219,18112,0.0,0.0,0.0,AAXJ,15m
2026-04-17 11:45:00-04:00,108.44999694824219,108.63999938964844,108.44999694824219,108.47000122070312,47120,0.0,0.0,0.0,AAXJ,15m
2026-04-17 12:00:00-04:00,108.38999938964844,108.61000061035156,108.38999938964844,108.61000061035156,9830,0.0,0.0,0.0,AAXJ,15m
2026-04-17 12:15:00-04:00,108.56990051269531,108.6500015258789,108.5000991821289,108.61499786376953,4924,0.0,0.0,0.0,AAXJ,15m
2026-04-17 12:30:00-04:00,108.66000366210938,108.66000366210938,108.58999633789062,108.6500015258789,7073,0.0,0.0,0.0,AAXJ,15m
2026-04-17 12:45:00-04:00,108.63999938964844,108.7300033569336,108.62000274658203,108.62999725341797,54713,0.0,0.0,0.0,AAXJ,15m
2026-04-17 13:00:00-04:00,108.625,108.63999938964844,108.25,108.43000030517578,12082,0.0,0.0,0.0,AAXJ,15m
2026-04-17 13:15:00-04:00,108.44560241699219,108.44560241699219,107.95999908447266,108.05000305175781,19815,0.0,0.0,0.0,AAXJ,15m
2026-04-17 13:30:00-04:00,108.11000061035156,108.1500015258789,108.02999877929688,108.08000183105469,8299,0.0,0.0,0.0,AAXJ,15m
2026-04-17 13:45:00-04:00,108.12000274658203,108.31999969482422,108.12000274658203,108.30000305175781,3255,0.0,0.0,0.0,AAXJ,15m
2026-04-17 14:00:00-04:00,108.27999877929688,108.27999877929688,108.05999755859375,108.0602035522461,5133,0.0,0.0,0.0,AAXJ,15m
2026-04-17 14:15:00-04:00,108.05999755859375,108.30000305175781,108.04000091552734,108.16999816894531,4852,0.0,0.0,0.0,AAXJ,15m
2026-04-17 14:30:00-04:00,108.22000122070312,108.23999786376953,108.12999725341797,108.12999725341797,2511,0.0,0.0,0.0,AAXJ,15m
2026-04-17 14:45:00-04:00,108.16999816894531,108.16999816894531,108.0199966430664,108.11000061035156,6620,0.0,0.0,0.0,AAXJ,15m
2026-04-17 15:00:00-04:00,108.12999725341797,108.12999725341797,108.02999877929688,108.02999877929688,3995,0.0,0.0,0.0,AAXJ,15m
2026-04-17 15:15:00-04:00,108.06999969482422,108.11000061035156,107.98999786376953,107.98999786376953,5005,0.0,0.0,0.0,AAXJ,15m
2026-04-17 15:30:00-04:00,108.08000183105469,108.1500015258789,108.08000183105469,108.125,4667,0.0,0.0,0.0,AAXJ,15m
2026-04-17 15:45:00-04:00,108.125,108.23999786376953,108.05999755859375,108.16999816894531,11262,0.0,0.0,0.0,AAXJ,15m
